0.000000000000000000e+00 9.999996991059730833e-01 7.756053231503401034e-04 -1.497887828811541065e-05 1.385740747148244967e-01 -7.756036020247892128e-04 9.999996926564030941e-01 1.145695117214205749e-04 -1.622999390511096303e-03 1.506773440454773093e-05 -1.145578595765864988e-04 9.999999933247303296e-01 -1.059569641544808385e-03 1.000000000000000000e+00 4.058926462141566172e-18 1.482559301547000710e-19 5.070089059699967038e-08 1.415490489354829677e-17 1.000000000000000000e+00 1.861327792039218277e-20 -5.148592663317685947e-10 -6.910721269617014515e-19 3.748740853942266993e-20 1.000000000000000000e+00 -2.499995025573298335e-05 2.651849555969238281e+01
1.000000000000000000e+05 9.999993688080419663e-01 1.120317510718224453e-03 8.527686046466714407e-05 1.238695766926347919e-01 -1.120326024459172365e-03 9.999993674491379769e-01 9.985425817874386952e-05 -2.824761522747709988e-03 -8.516493804433305972e-05 -9.994973304137662416e-05 9.999999913784917149e-01 -1.228151775636978065e-03 1.000000000000000000e+00 4.058926462141566172e-18 1.482559301547000710e-19 4.867285952059319243e-08 1.415490489354829677e-17 1.000000000000000000e+00 1.861327792039218277e-20 -4.942819487041560933e-10 -6.910721269617014515e-19 3.748740853942266993e-20 1.000000000000000000e+00 -2.399995173618663102e-05 1.633411216735839844e+01
2.000000000000000000e+05 9.999987745198395395e-01 1.563815130968787548e-03 7.376406668633239390e-05 3.051422859094505835e-01 -1.563834248293421905e-03 9.999987434554939991e-01 2.598267910494621020e-04 -6.787418436084489623e-03 -7.335765294487227902e-05 -2.599418274067992409e-04 9.999999635244510854e-01 1.784310557740379161e-03 1.000000119209289551e+00 4.754415931529365480e-05 -6.323464185697957873e-05 5.894353147596120834e-03 -4.755163899972103536e-05 1.000000000000000000e+00 9.436115760763641447e-06 -7.234390068333595991e-05 6.323427078314125538e-05 -9.433068953512702137e-06 1.000000119209289551e+00 1.858848918345756829e-05 1.590464019775390625e+01
3.000000000000000000e+05 9.999994737357267294e-01 1.024611587537016142e-03 5.195569071934102344e-05 1.315564667023527146e-01 -1.024617508803599532e-03 9.999994685734432398e-01 1.140693711537838493e-04 -2.555472443837077806e-03 -5.183878631250956427e-05 -1.141225458320549587e-04 9.999999921443926132e-01 -1.168703664938974644e-03 9.999997019767761230e-01 6.972059491090476513e-04 -2.464785357005894184e-04 6.045582145452499390e-02 -6.971985567361116409e-04 9.999997019767761230e-01 2.990366738231386989e-05 -1.740894862450659275e-03 2.464996068738400936e-04 -2.973190021293703467e-05 9.999999403953552246e-01 2.780955692287534475e-04 1.708934402465820312e+01
4.000000000000000000e+05 9.999993559129299880e-01 1.125737190797681826e-03 1.445318551039795568e-04 9.661207381681467810e-02 -1.125742745613054260e-03 9.999993656157607491e-01 3.835755624529761068e-05 -3.164124361457791579e-03 -1.444885828861113290e-04 -3.852023723281369251e-05 9.999999888196199338e-01 -1.260608642714969871e-03 9.999994039535522461e-01 1.045154873281717300e-03 -9.803241027839249000e-07 8.719407767057418823e-02 -1.045155804604291916e-03 9.999995231628417969e-01 -6.594414571736706421e-06 -2.771834610030055046e-03 9.730716783451498486e-07 6.595551440113922581e-06 1.000000000000000000e+00 1.547662395751103759e-04 1.591596794128417969e+01
5.000000000000000000e+05 9.999985839110731023e-01 1.682193288130700735e-03 -4.900592430040739403e-05 2.186398146090179628e-01 -1.682187089584594218e-03 9.999985771523122180e-01 1.262534653732360127e-04 -6.229054624549793320e-03 4.921823730518093312e-05 -1.261708494536636796e-04 9.999999908292408479e-01 1.026905363945093702e-04 9.999979734420776367e-01 2.047702204436063766e-03 8.708318637218326330e-05 1.697344481945037842e-01 -2.047706162557005882e-03 9.999979138374328613e-01 -4.288302534405374900e-06 -5.473897326737642288e-03 -8.709185931365936995e-05 4.109936071472475305e-06 1.000000000000000000e+00 2.891477197408676147e-04 1.718812751770019531e+01
6.000000000000000000e+05 9.999989697555780044e-01 1.435322759852355025e-03 -1.834230412421303117e-05 1.751793917683614477e-01 -1.435321231300366483e-03 9.999989664750122964e-01 8.307799248897482529e-05 -5.060166355341964677e-03 1.846152889567546354e-05 -8.305157980085278420e-05 9.999999963808036130e-01 -7.163168143671343191e-04 9.999969005584716797e-01 2.472998341545462608e-03 -3.477589416434057057e-06 2.005813717842102051e-01 -2.473000204190611839e-03 9.999969005584716797e-01 2.353139507249579765e-06 -6.624554749578237534e-03 3.484193257463630289e-06 -2.344607537452247925e-06 1.000000000000000000e+00 2.933530777227133512e-04 1.581180763244628906e+01
7.000000000000000000e+05 9.999997460615897005e-01 7.053002995186335956e-04 -1.021187913560659907e-04 2.009811590788947999e-01 -7.052992979518477078e-04 9.999997512279734657e-01 9.843539842518854446e-06 -1.503474123654859008e-03 1.021257086033127207e-04 -9.771513031575524905e-06 9.999999947374286213e-01 -2.546583030014311832e-04 9.999957084655761719e-01 2.920160768553614616e-03 -2.454328023304697126e-05 2.322531193494796753e-01 -2.920149359852075577e-03 9.999957680702209473e-01 -1.364680429105646908e-06 -7.850298658013343811e-03 2.453865090501494706e-05 1.436403863408486359e-06 9.999999403953552246e-01 4.456936439964920282e-04 1.739481544494628906e+01
8.000000000000000000e+05 9.999988209310585185e-01 1.535613375977904751e-03 -5.295489936721635092e-06 1.707358112482463830e-01 -1.535612869418717360e-03 9.999988164928638179e-01 9.437148272040301927e-05 -5.432202574466665768e-03 5.440401781268849991e-06 -9.436323962738674468e-05 9.999999955329904600e-01 -6.894965538666159282e-04 9.999923110008239746e-01 3.933998756110668182e-03 -1.890053340503072832e-06 3.043388724327087402e-01 -3.934008534997701645e-03 9.999922513961791992e-01 1.013469841382175218e-06 -1.072917319834232330e-02 1.893952685350086540e-06 -1.006070078801712953e-06 1.000000000000000000e+00 5.523150321096181870e-04 1.617878341674804688e+01
9.000000000000000000e+05 9.999862293046990480e-01 5.247273395077474423e-03 8.557419444061743351e-05 5.869618556781343033e-01 -5.247303107188201060e-03 9.999861712927562429e-01 3.507611885805685852e-04 -1.683763986807933904e-02 -8.373247121098680566e-05 -3.512053920906042835e-04 9.999999348218209239e-01 4.276909280673422617e-03 9.999936223030090332e-01 3.563195932656526566e-03 1.955758634721860290e-04 2.609875500202178955e-01 -3.563285106793045998e-03 9.999935626983642578e-01 4.562992835417389870e-04 -1.007890980690717697e-02 -1.939481880981475115e-04 -4.569932061713188887e-04 9.999998807907104492e-01 5.308997351676225662e-04 1.813222312927246094e+01
1.000000000000000000e+06 9.999875181136993474e-01 4.995273140970539656e-03 1.042328098091402106e-04 6.507184680462800852e-01 -4.995298625445172662e-03 9.999874932378098880e-01 2.456848271240088524e-04 -1.582155399805253160e-02 -1.030042434463629680e-04 -2.462024344958938524e-04 9.999999643872449218e-01 4.718886129902132714e-03 9.999767541885375977e-01 6.237890105694532394e-03 2.761417767032980919e-03 4.273603260517120361e-01 -6.250444334000349045e-03 9.999701380729675293e-01 4.560576286166906357e-03 -2.124610915780067444e-02 -2.732887398451566696e-03 -4.577729851007461548e-03 9.999858140945434570e-01 2.031987998634576797e-03 1.740451240539550781e+01
1.100000000000000000e+06 9.999878649642418571e-01 4.925358174568063470e-03 1.037844991161755758e-04 6.388856606528652282e-01 -4.925384909718120811e-03 9.999878366925788464e-01 2.589411139947436031e-04 -1.564911406152823953e-02 -1.025078590267965812e-04 -2.594491503385135860e-04 9.999999610891380231e-01 4.601112245737223189e-03 9.999714493751525879e-01 7.090487983077764511e-03 2.577350707724690437e-03 4.626503586769104004e-01 -7.097734604030847549e-03 9.999707937240600586e-01 2.818115521222352982e-03 -2.215978130698204041e-02 -2.557293511927127838e-03 -2.836328931152820587e-03 9.999927282333374023e-01 3.252395894378423691e-03 1.643923187255859375e+01
1.200000000000000000e+06 9.999899890756790422e-01 4.473317109129536229e-03 1.057486746013956507e-04 6.250821891098564675e-01 -4.473344682926073956e-03 9.999899602303471413e-01 2.619659807350938475e-04 -1.446905711725194645e-02 -1.045757560240385465e-04 -2.624364084772770199e-04 9.999999600955211676e-01 4.268281332548151848e-03 9.999882578849792480e-01 4.654876422137022018e-03 1.376329571940004826e-03 4.304375052452087402e-01 -4.657474346458911896e-03 9.999873042106628418e-01 1.889026025310158730e-03 -1.512154564261436462e-02 -1.367519609630107880e-03 -1.895419671200215816e-03 9.999972581863403320e-01 3.505426459014415741e-03 1.704188728332519531e+01
1.300000000000000000e+06 9.999804645598490138e-01 6.249849574497283976e-03 9.939846349099775141e-05 6.117152240677036223e-01 -6.249886489676476954e-03 9.999803987618433032e-01 3.755157312878342011e-04 -1.955949796225725165e-02 -9.704959839015360207e-05 -3.761296245196833667e-04 9.999999245539397119e-01 4.919700079722537540e-03 9.999934434890747070e-01 3.511899616569280624e-03 9.259233484044671059e-04 5.528677105903625488e-01 -3.513899631798267365e-03 9.999915361404418945e-01 2.153109991922974586e-03 -1.173462532460689545e-02 -9.183536749333143234e-04 -2.156348433345556259e-03 9.999973177909851074e-01 5.667713470757007599e-03 1.721235275268554688e+01
1.400000000000000000e+06 9.999917467824765982e-01 4.061774646383437860e-03 9.140068920088528532e-05 6.245229150050024547e-01 -4.061794845006618145e-03 9.999917262574739008e-01 2.219001313775388932e-04 -1.322560421319725170e-02 -9.049862467111240356e-05 -2.222695508260251549e-04 9.999999712031232280e-01 4.171330571817253273e-03 9.999924898147583008e-01 3.458949737250804901e-03 1.777644385583698750e-03 4.859686791896820068e-01 -3.464507637545466423e-03 9.999891519546508789e-01 3.135676961392164230e-03 -1.233474072068929672e-02 -1.766775851137936115e-03 -3.141812747344374657e-03 9.999934434890747070e-01 5.619619507342576981e-03 1.698764801025390625e+01
1.500000000000000000e+06 9.999846121659858866e-01 5.546556549555697185e-03 1.055575029076244860e-04 6.572328367567757956e-01 -5.546584553903825821e-03 9.999845819683521597e-01 2.668821253615214807e-04 -1.734807491053300121e-02 -1.040755986520752952e-04 -2.674635022256086590e-04 9.999999588157724162e-01 5.050502723627125351e-03 9.999870657920837402e-01 4.577262327075004578e-03 2.203531796112656593e-03 6.123930811882019043e-01 -4.582749214023351669e-03 9.999862909317016602e-01 2.494816901162266731e-03 -1.511625852435827255e-02 -2.192088635638356209e-03 -2.504876116290688515e-03 9.999945163726806641e-01 7.448611315339803696e-03 1.666972732543945312e+01
1.600000000000000000e+06 9.999872624992711678e-01 5.046910109073480220e-03 5.948838487279804364e-05 7.346246142478581875e-01 -5.046912744235362326e-03 9.999872632772461856e-01 4.423051806600605752e-05 -1.562027257613834291e-02 -5.926439974843513943e-05 -4.453018735216726360e-05 9.999999972523968550e-01 5.211955533797781905e-03 9.999842047691345215e-01 5.439273081719875336e-03 1.396019128151237965e-03 6.814875006675720215e-01 -5.441704764962196350e-03 9.999837279319763184e-01 1.736466889269649982e-03 -1.723552495241165161e-02 -1.386544317938387394e-03 -1.744041801430284977e-03 9.999975562095642090e-01 9.065936319530010223e-03 1.691244888305664062e+01
1.700000000000000000e+06 9.999944314855683247e-01 3.337195988966887815e-03 1.101410048131434290e-05 7.468501808694988364e-01 -3.337194460486061533e-03 9.999944223043218949e-01 -1.359922919531050920e-04 -1.040730159115020072e-02 -1.146787195789204995e-05 1.359547784847169635e-04 9.999999906923934256e-01 4.373847574159251544e-03 9.999816417694091797e-01 6.028612144291400909e-03 5.019100499339401722e-04 7.001094222068786621e-01 -6.029375828802585602e-03 9.999806284904479980e-01 1.554290298372507095e-03 -1.879668980836868286e-02 -4.925343673676252365e-04 -1.557290088385343552e-03 9.999986290931701660e-01 1.061244402080774307e-02 1.725862312316894531e+01
1.800000000000000000e+06 9.999836155129470106e-01 5.723545873886000043e-03 9.863843874188857710e-05 6.847492183222038120e-01 -5.723567302883172253e-03 9.999835964158475532e-01 2.183525032563098881e-04 -1.775971978219353931e-02 -9.738707019691244550e-05 -2.189134893838106527e-04 9.999999712963220100e-01 5.399038696017666346e-03 9.999759793281555176e-01 6.478675641119480133e-03 -2.441933145746588707e-03 6.819711923599243164e-01 -6.466300692409276962e-03 9.999663829803466797e-01 5.040894262492656708e-03 -2.291506342589855194e-02 2.474513836205005646e-03 -5.024977959692478180e-03 9.999843835830688477e-01 1.578501984477043152e-02 1.731539154052734375e+01
1.900000000000000000e+06 9.999744604653952873e-01 7.146907873497255516e-03 1.120424208363169822e-05 8.204844893641367598e-01 -7.146908174524567968e-03 9.999744601598417049e-01 2.706148173968369445e-05 -2.171758576946929489e-02 -1.101055001499338354e-05 -2.714086629021237991e-05 9.999999995710705525e-01 6.187171142304505843e-03 9.999532699584960938e-01 8.603799156844615936e-03 -4.415674135088920593e-03 7.958621382713317871e-01 -8.585454896092414856e-03 9.999544620513916016e-01 4.157088696956634521e-03 -2.833688445389270782e-02 4.451236221939325333e-03 -4.118989221751689911e-03 9.999815821647644043e-01 1.763547211885452271e-02 1.743897628784179688e+01
2.000000000000000000e+06 9.999767446947681604e-01 6.819592213703374629e-03 5.682595563049408830e-05 7.781478209163569248e-01 -6.819595768234922202e-03 9.999767443261105004e-01 6.259398103030250078e-05 -2.064696138604343520e-02 -5.639776865589007254e-05 -6.298005545549681297e-05 9.999999964264019159e-01 6.192402829619800438e-03 9.999564290046691895e-01 9.070999920368194580e-03 -2.207900397479534149e-03 7.186816334724426270e-01 -9.068692103028297424e-03 9.999583363533020020e-01 1.055598957464098930e-03 -2.659635618329048157e-02 2.217382891103625298e-03 -1.035521272569894791e-03 9.999970197677612305e-01 8.107261732220649719e-03 1.693071937561035156e+01
2.100000000000000000e+06 9.999879948463908930e-01 4.899739250833531207e-03 -5.213652370730016580e-05 8.899132797529891725e-01 -4.899750166781385169e-03 9.999879738181801647e-01 -2.113460718817718892e-04 -1.500862100150314113e-02 5.110035605354682338e-05 2.115989905820386938e-04 9.999999763073099679e-01 5.032842726110140809e-03 9.999939203262329102e-01 3.136099316179752350e-03 -1.524412073194980621e-03 9.138247966766357422e-01 -3.136588959023356438e-03 9.999950528144836426e-01 -3.190873248968273401e-04 -9.306714870035648346e-03 1.523404265753924847e-03 3.238621284253895283e-04 9.999986886978149414e-01 5.202328786253929138e-03 1.737871932983398438e+01
2.200000000000000000e+06 9.999889997044381085e-01 4.690465561154972748e-03 -1.869444630005690953e-06 8.073116708792132945e-01 -4.690465829724948035e-03 9.999889820327380052e-01 -1.879999668638967255e-04 -1.423438459331466052e-02 9.876166848195590503e-07 1.880066673746832420e-04 9.999999823262590848e-01 5.048369525536984190e-03 9.999909996986389160e-01 4.113348200917243958e-03 -1.069985795766115189e-03 9.967524409294128418e-01 -4.115314222872257233e-03 9.999898076057434082e-01 -1.841057557612657547e-03 -1.057691033929586411e-02 1.062402268871665001e-03 1.845443854108452797e-03 9.999977946281433105e-01 2.375301206484436989e-03 1.708070373535156250e+01
2.300000000000000000e+06 9.999949227582511924e-01 3.186595451295722112e-03 8.221523832761801131e-06 7.981185412365751075e-01 -3.186593877336428484e-03 9.999949057146526599e-01 -1.848368196294466331e-04 -1.008017004157571624e-02 -8.810482092859461901e-06 1.848096825119091569e-04 9.999999828838789240e-01 4.154179386924069205e-03 9.999884366989135742e-01 4.784401971846818924e-03 -2.254831197205930948e-04 9.893308281898498535e-01 -4.784681368619203568e-03 9.999877810478210449e-01 -1.257044728845357895e-03 -1.277553010731935501e-02 2.194664848502725363e-04 1.258119940757751465e-03 9.999991059303283691e-01 1.110849087126553059e-03 1.744950485229492188e+01
2.400000000000000000e+06 9.999836730666039619e-01 5.714326229920315900e-03 8.825906339869840029e-06 8.055475599132019271e-01 -5.714325414282054108e-03 9.999836690755590229e-01 -8.982860574360259720e-05 -1.732777057406258842e-02 -9.339072132244023627e-06 8.977670502011359443e-05 9.999999959264627147e-01 5.566641309258347006e-03 9.999904632568359375e-01 4.323289729654788971e-03 -6.527244695462286472e-04 7.607932686805725098e-01 -4.324894398450851440e-03 9.999876022338867188e-01 -2.478017006069421768e-03 -9.846354834735393524e-03 6.420020363293588161e-04 2.480803523212671280e-03 9.999967217445373535e-01 2.906944137066602707e-04 1.695023918151855469e+01
2.500000000000000000e+06 9.999830569554568616e-01 5.820450072138663548e-03 -9.035255433443782722e-05 9.810581105412662373e-01 -5.820468227847577260e-03 9.999830405297643887e-01 -2.019976821164360997e-04 -1.763213578205834187e-02 8.917530460061689113e-05 2.025201538231627635e-04 9.999999755166762982e-01 5.598212440159469616e-03 9.999732971191406250e-01 7.108525373041629791e-03 -1.727810828015208244e-03 1.022614121437072754e+00 -7.119668647646903992e-03 9.999533891677856445e-01 -6.527423858642578125e-03 -1.484192069619894028e-02 1.681330613791942596e-03 6.539558060467243195e-03 9.999772310256958008e-01 -2.764353062957525253e-03 1.636995124816894531e+01
2.600000000000000000e+06 9.999841777450961811e-01 5.624812011670267051e-03 -7.583565687974599934e-05 9.135505209562172491e-01 -5.624828461803276294e-03 9.999841566613149046e-01 -2.184785710169245853e-04 -1.700181606803429293e-02 7.460555456720885403e-05 2.189016767311277568e-04 9.999999732580346912e-01 5.487533823556872171e-03 9.999845027923583984e-01 4.434338305145502090e-03 -3.357171081006526947e-03 9.661836624145507812e-01 -4.468552302569150925e-03 9.999374747276306152e-01 -1.025480683892965317e-02 -5.385626107454299927e-03 3.311487846076488495e-03 1.026964839547872543e-02 9.999417662620544434e-01 -6.797249894589185715e-03 1.710748863220214844e+01
2.700000000000000000e+06 9.999815445646270673e-01 6.074713846014579387e-03 -9.156458576176638216e-05 9.413572994036876196e-01 -6.074733847704926783e-03 9.999815244849996621e-01 -2.197716534712299615e-04 -1.833303112783098154e-02 9.022784423376418398e-05 2.203238279445277135e-04 9.999999716581747800e-01 5.766141610319307914e-03 9.999989867210388184e-01 1.426245900802314281e-03 -6.127143569756299257e-05 8.533985018730163574e-01 -1.426427043043076992e-03 9.999941587448120117e-01 -3.090843092650175095e-03 -1.837989431805908680e-03 5.686234362656250596e-05 3.090925980359315872e-03 9.999952912330627441e-01 -7.753371726721525192e-03 1.692943954467773438e+01
2.800000000000000000e+06 9.999942037829534502e-01 3.404756036917000808e-03 -6.111514829925294726e-06 8.762155634482912125e-01 -3.404757085459874863e-03 9.999941874808618847e-01 -1.806494001774300231e-04 -1.098495018025520339e-02 5.496412198640445847e-06 1.806691613168232089e-04 9.999999836642223805e-01 4.087169022671571957e-03 9.999838471412658691e-01 2.119227545335888863e-03 5.279362667351961136e-03 8.782694339752197266e-01 -2.099893521517515182e-03 9.999911785125732422e-01 -3.663275856524705887e-03 -2.487733960151672363e-03 -5.287078209221363068e-03 3.652131184935569763e-03 9.999793171882629395e-01 -1.050186995416879654e-02 1.729680061340332031e+01
2.900000000000000000e+06 9.999989043481833928e-01 1.479514749867177166e-03 4.835879964404889348e-05 8.277931255583932391e-01 -1.479507950795955771e-03 9.999988956811191043e-01 -1.403310438474327329e-04 -5.789759098651966161e-03 -4.856636808636555507e-05 1.402593428660743450e-04 9.999999889843124157e-01 2.994189651903535025e-03 9.999907612800598145e-01 2.000931184738874435e-03 3.796794684603810310e-03 7.666636705398559570e-01 -1.988650299608707428e-03 9.999927282333374023e-01 -3.238626057282090187e-03 -3.267097519710659981e-03 -3.803248051553964615e-03 3.231045557186007500e-03 9.999874830245971680e-01 -5.344549193978309631e-03 1.686774444580078125e+01
3.000000000000000000e+06 9.999962405825353340e-01 2.742008507985403513e-03 1.449047439060961476e-05 7.630578683652398109e-01 -2.742006272635253740e-03 9.999962291271405901e-01 -1.520951521782553349e-04 -8.846520994809002614e-03 -1.490746595928337982e-05 1.520548474165304932e-04 9.999999883285450863e-01 3.956028097620000079e-03 9.999974966049194336e-01 1.754493103362619877e-03 -1.382553717121481895e-03 5.654378533363342285e-01 -1.753306481987237930e-03 9.999981522560119629e-01 8.615293190814554691e-04 -5.723909009248018265e-03 1.384062343277037144e-03 -8.591031655669212341e-04 9.999987483024597168e-01 4.320889711380004883e-03 1.722716712951660156e+01
3.100000000000000000e+06 9.999994797044494677e-01 1.019465770288906659e-03 3.578263069851520060e-05 6.886707952218477091e-01 -1.019464296588063878e-03 9.999994794982984825e-01 -4.117891602474832761e-05 -4.194857089330981600e-03 -3.582459256801030008e-05 4.114241548591499411e-05 9.999999985119500945e-01 3.123593083283025904e-03 9.999980926513671875e-01 1.386775053106248379e-03 -1.378463697619736195e-03 3.857518434524536133e-01 -1.386475167237222195e-03 9.999989867210388184e-01 2.187606150982901454e-04 -3.992254380136728287e-03 1.378766261041164398e-03 -2.168489882024005055e-04 9.999990463256835938e-01 3.494178177788853645e-03 1.741791915893554688e+01
3.200000000000000000e+06 9.999990327488929021e-01 1.389954151453232003e-03 5.028674065554763453e-05 7.976017159860527839e-01 -1.389947843260275293e-03 9.999990261766634747e-01 -1.252626784513661130e-04 -5.515560073195670959e-03 -5.046080106321768652e-05 1.251926613449327462e-04 9.999999908902525991e-01 2.967454098649221182e-03 9.999992847442626953e-01 1.196180470287799835e-03 2.586650080047547817e-04 2.874665260314941406e-01 -1.196108176372945309e-03 9.999993443489074707e-01 -2.330649440409615636e-04 -3.089066129177808762e-03 -2.589437935966998339e-04 2.327553957002237439e-04 9.999999403953552246e-01 3.215438628103584051e-04 1.697120094299316406e+01
3.300000000000000000e+06 9.999999039939023726e-01 4.365316970838263025e-04 -3.810854649869528464e-05 5.265876548143182401e-01 -4.365310043463454257e-04 9.999999045549986532e-01 1.818443384476941960e-05 -2.567642889354229338e-03 3.811648094328316995e-05 -1.816779653668399019e-05 9.999999991085325446e-01 2.106232336506909993e-03 9.999997019767761230e-01 4.095046024303883314e-04 5.459531676024198532e-04 1.111587509512901306e-01 -4.095029726158827543e-04 9.999998807907104492e-01 -1.341352162853581831e-05 -1.146475551649928093e-03 -5.459586391225457191e-04 1.318992781307315454e-05 9.999998211860656738e-01 -5.393762257881462574e-04 1.761276817321777344e+01
3.400000000000000000e+06 9.999999953744399539e-01 -3.522088104645881683e-05 -8.950200861915169560e-05 3.602643323693392463e-01 3.521372104742404193e-05 9.999999961801160353e-01 -7.999851083526958125e-05 3.879721574887978731e-04 8.950482589528741038e-05 7.999535876647930247e-05 9.999999927948143297e-01 1.779602778273837874e-03 9.999999403953552246e-01 -5.261521778265887406e-07 -3.053281689062714577e-04 1.070205215364694595e-02 5.543586780731857289e-07 1.000000000000000000e+00 7.766859926050528884e-05 -1.117056599468924105e-04 3.053272375836968422e-04 -7.766871567582711577e-05 1.000000000000000000e+00 3.263149701524525881e-04 1.697836875915527344e+01
3.500000000000000000e+06 9.999998854293939976e-01 4.780223202943865925e-04 -2.521653014911066389e-05 5.379135188609123208e-01 -4.780216881953115791e-04 9.999998854334573029e-01 2.506692941244350819e-05 -2.687099176242107364e-03 2.522850981121223772e-05 -2.505487249289048762e-05 9.999999993678878596e-01 2.142653587068835391e-03 9.999996423721313477e-01 -1.338819970442273188e-06 -8.950741612352430820e-04 7.114779436960816383e-04 1.344095039712556172e-06 1.000000119209289551e+00 5.011491793993627653e-06 -1.510898346168687567e-05 8.950752671808004379e-04 -5.012692326999967918e-06 9.999995827674865723e-01 8.519982220605015755e-04 1.787420845031738281e+01
3.600000000000000000e+06 9.999999490925508550e-01 3.173351784782680500e-04 -3.336589304661947980e-05 5.679890579964355091e-01 -3.173340895598557960e-04 9.999999491169866417e-01 3.263590570182317265e-05 -2.085872564206160858e-03 3.337624786955666051e-05 -3.262531590539252988e-05 9.999999989108074860e-01 2.056903219215951931e-03 9.999999403953552246e-01 3.409287963052065606e-09 -7.222143904073163867e-05 1.957549946382641792e-03 -6.375890926335614495e-09 1.000000000000000000e+00 -9.180419510812498629e-06 -5.660241367877461016e-05 7.222106069093570113e-05 9.180437700706534088e-06 9.999999403953552246e-01 7.895746239228174090e-05 1.696895980834960938e+01
3.700000000000000000e+06 9.999999884806944905e-01 8.692308959438637469e-05 -1.244306536878114267e-04 4.902904696326889633e-01 -8.692360667624338892e-05 9.999999962135313059e-01 -4.150180656110275868e-06 -6.719392730824647140e-04 1.244302924701357559e-04 4.160996569440360781e-06 9.999999922498942206e-01 1.863704215787278119e-03 9.999999403953552246e-01 8.374643584829755127e-06 7.009202818153426051e-05 4.025499150156974792e-02 -8.379444807360414416e-06 9.999999403953552246e-01 -3.292841199709073408e-07 7.002730126259848475e-05 -7.009200635366141796e-05 3.286832850335486000e-07 1.000000000000000000e+00 6.050970841897651553e-05 1.645753669738769531e+01
3.800000000000000000e+06 9.999996436082243534e-01 8.442337372352005194e-04 7.270707361893917521e-06 5.935397379637663562e-01 -8.442337336361543281e-04 9.999996436345349737e-01 -4.980612408147345744e-07 -3.806095757409538524e-03 -7.271125250942962441e-06 4.919228872495779576e-07 9.999999999734443534e-01 2.658740120923292795e-03 1.000000000000000000e+00 5.473663986776955426e-05 -9.024388418765738606e-06 1.003295630216598511e-01 -5.473322016769088805e-05 1.000000000000000000e+00 1.751793206494767219e-06 -2.011075121117755771e-04 9.024037353810854256e-06 -1.751301965668972116e-06 1.000000000000000000e+00 1.900327770272269845e-04 1.891683197021484375e+01
3.900000000000000000e+06 9.999997593313645350e-01 6.937766129100770814e-04 -3.350405737785867947e-06 5.531901290152209105e-01 -6.937764775026485390e-04 9.999997585270926637e-01 4.024868081431544418e-05 -3.474962770990769768e-03 3.378328522160386783e-06 -4.024634669503295980e-05 9.999999991844091829e-01 2.289472214129904641e-03 1.000000119209289551e+00 1.018541224766522646e-04 -2.244692768726963550e-05 1.469209045171737671e-01 -1.018508628476411104e-04 1.000000000000000000e+00 -1.282058548213171889e-07 -1.733584067551419139e-04 2.244688221253454685e-05 1.304773178389950772e-07 9.999999403953552246e-01 2.251842670375481248e-04 1.679673576354980469e+01
4.000000000000000000e+06 9.999999895725140142e-01 6.610073906091086656e-05 -1.283965114882782137e-04 4.897301577265689154e-01 -6.610159179939843624e-05 9.999999977932635398e-01 -6.637213703422674528e-06 -6.644478181381902005e-04 1.283960724802121485e-04 6.645700847959744194e-06 9.999999917351416467e-01 1.889549542374148331e-03 9.999999403953552246e-01 1.235820818692445755e-04 2.825294359354302287e-06 1.680826693773269653e-01 -1.235954405274242163e-04 1.000000000000000000e+00 -3.066890883474115981e-07 -2.565500035416334867e-04 -2.824975808835006319e-06 3.063365170419274364e-07 1.000000000000000000e+00 2.971284266095608473e-04 1.762803268432617188e+01
4.100000000000000000e+06 9.999999830946173507e-01 1.779590137511438002e-04 -4.627477539625861233e-05 5.319100138467195427e-01 -1.779572586320394406e-04 9.999999834462814929e-01 3.792955572344935668e-05 -1.443244289361976865e-03 4.628152453650809342e-05 -3.792132015013494360e-05 9.999999982099969653e-01 1.902848832553300992e-03 9.999999403953552246e-01 1.723084715195000172e-04 7.571779860882088542e-06 2.366272062063217163e-01 -1.722985907690599561e-04 9.999999403953552246e-01 -1.501378079638016061e-07 -4.501396906562149525e-04 -7.572194590466096997e-06 1.488502192614760133e-07 1.000000000000000000e+00 3.935578279197216034e-04 1.681052780151367188e+01
4.200000000000000000e+06 9.999999553488487791e-01 2.941688693625607609e-04 -5.260207872305437010e-05 5.264547185344019553e-01 -2.941682647416612984e-04 9.999999566663725359e-01 1.150160744860933267e-05 -1.938205250311842570e-03 5.260545985839889366e-05 -1.148613307317553914e-05 9.999999985503672528e-01 2.020608409849227599e-03 1.000000000000000000e+00 1.781589526217430830e-04 1.096723622140416410e-06 2.428175210952758789e-01 -1.781588798621669412e-04 1.000000000000000000e+00 -1.084189875655283686e-07 -4.299768770579248667e-04 -1.095946231544075999e-06 1.082252865103328077e-07 1.000000000000000000e+00 4.588635929394513369e-04 1.745059204101562500e+01
4.300000000000000000e+06 9.999999653628376395e-01 2.623398244780521791e-04 -2.126361525012909550e-05 6.460876404808424400e-01 -2.623392579677481253e-04 9.999999652341947654e-01 2.664065068499793355e-05 -1.732186727838181794e-03 2.127060341438480537e-05 -2.663507148129257317e-05 9.999999994190672536e-01 2.651633719110860297e-03 9.999999403953552246e-01 2.508754259906709194e-04 -2.849390966730425134e-06 3.371569514274597168e-01 -2.508750767447054386e-04 9.999999403953552246e-01 -6.292565757348711486e-08 -6.261620437726378441e-04 2.848076292139012367e-06 6.362908777646225644e-08 1.000000000000000000e+00 6.523920455947518349e-04 1.752758407592773438e+01
4.400000000000000000e+06 9.999997837334870798e-01 6.576408559624177244e-04 -6.440409079631140129e-06 5.923508285554018871e-01 -6.576407920606078825e-04 9.999997837050741412e-01 9.919107475827582257e-06 -3.181160222942731701e-03 6.446930897006197539e-06 -9.914869854881643404e-06 9.999999999300661635e-01 2.509953548550456458e-03 1.000000000000000000e+00 2.528586774133145809e-04 -1.399664597556693479e-06 3.253595829010009766e-01 -2.528642071411013603e-04 9.999999403953552246e-01 5.622349021905392874e-07 -6.997208693064749241e-04 1.401234499098791275e-06 -5.618730369860713836e-07 1.000000000000000000e+00 5.459723179228603840e-04 1.707174491882324219e+01
4.500000000000000000e+06 9.999999003100800143e-01 4.463617297542386906e-04 -1.187578620743140523e-05 6.455106043936136295e-01 -4.463615404720312698e-04 9.999999002536975601e-01 1.593637814116186441e-05 -2.344657672990551733e-03 1.188289841224771048e-05 -1.593107565818832277e-05 9.999999998024987624e-01 2.751609257128958229e-03 9.999998807907104492e-01 3.358177782502025366e-04 3.205911298209684901e-06 4.148152768611907959e-01 -3.358210960868746042e-04 9.999999403953552246e-01 -4.068218970587622607e-07 -8.712970302440226078e-04 -3.207103418390033767e-06 4.057344540342455730e-07 1.000000000000000000e+00 7.671335479244589806e-04 1.766009521484375000e+01
4.600000000000000000e+06 9.999999710337358350e-01 2.403269097788680343e-04 -1.324781839349910458e-05 6.937261663280301915e-01 -2.403268083350311966e-04 9.999999710921866347e-01 7.658459651557813428e-06 -1.552139732447602692e-03 1.324965854444869022e-05 -7.655275623855096258e-06 9.999999998829216530e-01 2.707112552748404139e-03 1.000000000000000000e+00 3.728497831616550684e-04 -3.188153243627311895e-07 4.304227530956268311e-01 -3.728473966475576162e-04 1.000000000000000000e+00 9.933518185789580457e-07 -9.843291481956839561e-04 3.196648208358965348e-07 -9.932276725521660410e-07 1.000000000000000000e+00 7.718234555795788765e-04 1.736102485656738281e+01
4.700000000000000000e+06 9.999997257629612557e-01 7.404585589274173063e-04 1.396906170766885439e-05 6.651310214808782151e-01 -7.404584498723682439e-04 9.999997258301077663e-01 -7.810455891138662037e-06 -3.284996293230862431e-03 -1.397484119658283612e-05 7.800110239629573812e-06 9.999999998719310002e-01 3.041980079903164498e-03 9.999998211860656738e-01 4.976180498488247395e-04 9.009932000481057912e-07 5.310882925987243652e-01 -4.976076888851821423e-04 9.999998211860656738e-01 -2.418193219000386307e-07 -1.406393945217132568e-03 -9.005595416056166869e-07 2.413864308437041473e-07 1.000000000000000000e+00 9.969383245334029198e-04 1.727190399169921875e+01
4.800000000000000000e+06 9.999999762322964170e-01 2.167977848275452833e-04 -2.311120151907730363e-05 6.528439964423996544e-01 -2.167971349136084338e-04 9.999999761041349355e-01 2.811996354208939439e-05 -1.575371648156286128e-03 2.311729731254686155e-05 -2.811495243152923221e-05 9.999999993375700003e-01 2.675421085392667639e-03 9.999998211860656738e-01 5.828352295793592930e-04 -1.367843992738926318e-06 5.571092367172241211e-01 -5.828400026075541973e-04 9.999998211860656738e-01 2.399464619884383865e-06 -1.596248359419405460e-03 1.368125822409638204e-06 -2.398683363935560919e-06 1.000000000000000000e+00 9.671032312326133251e-04 1.768745613098144531e+01
4.900000000000000000e+06 9.999999965110546452e-01 7.796485190876083465e-05 -2.998953987693494649e-05 6.686649710916918732e-01 -7.796388196628285556e-05 9.999999964377978001e-01 3.234250238767500925e-05 -1.058710189397117163e-03 2.999206134851010053e-05 -3.234016417389128399e-05 9.999999990272949724e-01 2.656342340617631227e-03 9.999997019767761230e-01 7.651130435988306999e-04 5.365710649130051024e-07 6.364786028861999512e-01 -7.651185151189565659e-04 9.999997019767761230e-01 1.847318117143004201e-06 -2.190090483054518700e-03 -5.342830604604387190e-07 -1.847704538704419974e-06 1.000000000000000000e+00 1.098907086998224258e-03 1.664668846130371094e+01
5.000000000000000000e+06 9.999999904200974621e-01 1.360909909665750810e-04 -2.527938471219097393e-05 6.659138823442115607e-01 -1.360902142520827702e-04 9.999999902677326746e-01 3.072439310382912348e-05 -1.257968664964216002e-03 2.528356577924857718e-05 -3.072095253262808134e-05 9.999999992084821487e-01 2.688792793957494546e-03 9.999997019767761230e-01 7.791148382239043713e-04 -1.761416683621064294e-07 5.577484369277954102e-01 -7.791072130203247070e-04 9.999997019767761230e-01 3.567795374692650512e-06 -2.118764212355017662e-03 1.792523391941358568e-07 -3.567656222003279254e-06 1.000000000000000000e+00 9.475926635786890984e-04 1.730316734313964844e+01
5.100000000000000000e+06 9.999999984623234583e-01 -4.011478292762825582e-05 -3.829043285425079559e-05 6.626115682560238529e-01 4.011640132863482144e-05 9.999999983021032879e-01 4.226662674219798733e-05 -6.810217596010624671e-04 3.828873727268280888e-05 -4.226816275157514524e-05 9.999999983736874709e-01 2.552183419722090819e-03 9.999994635581970215e-01 1.076446031220257282e-03 9.471440307606826536e-07 6.498439311981201172e-01 -1.076445914804935455e-03 9.999994635581970215e-01 4.677317974710604176e-06 -3.161286935210227966e-03 -9.426386213817750104e-07 -4.678346613218309358e-06 1.000000000000000000e+00 1.191548071801662445e-03 1.713695907592773438e+01
5.200000000000000000e+06 9.999999525202412087e-01 3.077231207120310636e-04 -1.630946275664008784e-05 6.607029507354690301e-01 -3.077227762711156039e-04 9.999999524303744280e-01 2.111738800691805956e-05 -1.845414113587803525e-03 1.631596028918885064e-05 -2.111236821123033586e-05 9.999999996440286365e-01 2.786485432888596500e-03 1.000000000000000000e+00 3.307589504402130842e-04 9.190577657136600465e-06 7.214749455451965332e-01 -3.307534207124263048e-04 9.999999403953552246e-01 -8.127956971293315291e-05 -9.852482471615076065e-04 -9.216834769176784903e-06 8.127652836265042424e-05 1.000000000000000000e+00 1.267644809558987617e-03 1.820982360839843750e+01
5.300000000000000000e+06 9.999999886839481267e-01 1.483564531733819452e-04 -2.494928013956739793e-05 6.667396953019881778e-01 -1.483557304529866967e-04 9.999999885757467899e-01 2.896694152618158743e-05 -1.293600370708593815e-03 2.495357728721939733e-05 -2.896323982973251357e-05 9.999999992692248929e-01 2.694569514955288438e-03 9.999999403953552246e-01 2.864241250790655613e-04 2.322656364412978292e-04 6.457874178886413574e-01 -2.864432462956756353e-04 9.999998807907104492e-01 6.794155342504382133e-05 -7.893625297583639622e-04 -2.322469372302293777e-04 -6.800809933338314295e-05 9.999999403953552246e-01 9.456065017729997635e-04 1.686297607421875000e+01
5.400000000000000000e+06 9.999999993432868717e-01 -1.249733838424232266e-05 -3.401827130370936196e-05 6.709375578275050822e-01 1.249861009480285981e-05 9.999999992231403123e-01 3.738320653402296814e-05 -7.462318320846318600e-04 3.401780408670031626e-05 -3.738363169058175770e-05 9.999999987226265707e-01 2.598190972759909304e-03 9.999998211860656738e-01 3.380857815500348806e-04 3.476342826616019011e-04 6.256093978881835938e-01 -3.380974230822175741e-04 9.999999403953552246e-01 4.084728061570785940e-06 -9.097281144931912422e-04 -3.476327692624181509e-04 -4.202250693197129294e-06 1.000000000000000000e+00 1.014920300804078579e-03 1.711859130859375000e+01
5.500000000000000000e+06 9.999999921802062985e-01 1.220970684204036676e-04 -2.705352500004326591e-05 6.691631199063757807e-01 -1.220962636165534771e-04 9.999999921037725503e-01 2.974823114088942180e-05 -1.199284478234211460e-03 2.705715695822047404e-05 -2.974492777395787766e-05 9.999999991915747843e-01 2.675848162865835603e-03 9.999999403953552246e-01 4.567377618514001369e-04 -1.885723468149080873e-04 6.973013877868652344e-01 -4.567298165056854486e-04 9.999998807907104492e-01 -1.324982440564781427e-05 -1.340149086900055408e-03 1.885662786662578583e-04 1.333595537289511412e-05 9.999999403953552246e-01 1.780910533852875233e-03 1.770524787902832031e+01
5.600000000000000000e+06 9.999999958128882316e-01 -8.507658042294094849e-05 -3.370755129403173444e-05 6.843049891648324001e-01 8.507780018913438033e-05 9.999999957261361816e-01 3.618695292352437241e-05 -4.628819446556006528e-04 3.370447248776704553e-05 -3.618982053631246822e-05 9.999999987771527321e-01 2.587543149485030999e-03 9.999998211860656738e-01 5.062585114501416683e-04 -2.694830473046749830e-04 6.198003888130187988e-01 -5.062661366537213326e-04 9.999998807907104492e-01 4.353915755928028375e-06 -1.347471843473613262e-03 2.694854047149419785e-04 -4.217471996526001021e-06 1.000000000000000000e+00 1.558473799377679825e-03 1.714070320129394531e+01
5.700000000000000000e+06 9.999999830350172481e-01 1.833644523830056639e-04 -1.753405703171258601e-05 6.819917291552182181e-01 -1.833640967416673450e-04 9.999999829831172082e-01 2.028234641161790681e-05 -1.389878463647089245e-03 1.753777579464847413e-05 -2.027913095102602052e-05 9.999999996405916081e-01 2.764004979730748379e-03 9.999996423721313477e-01 7.802993641234934330e-04 1.394313439959660172e-04 7.455398440361022949e-01 -7.803050684742629528e-04 9.999997615814208984e-01 4.523221832641866058e-06 -2.303441986441612244e-03 -1.394280552631244063e-04 -4.632038780982838944e-06 9.999999403953552246e-01 1.362496288493275642e-03 1.794630432128906250e+01
5.800000000000000000e+06 9.999999900068710090e-01 1.387919412912331704e-04 -2.688968446043227752e-05 6.562316391677232019e-01 -1.387910512755162831e-04 9.999999898207893034e-01 3.309781813793347707e-05 -1.288470642993345310e-03 2.689427789712416986e-05 -3.309408575962765584e-05 9.999999990907396663e-01 2.625852171422046397e-03 9.999995231628417969e-01 9.498227154836058617e-04 1.884988305391743779e-04 6.463001966476440430e-01 -9.498154977336525917e-04 9.999995231628417969e-01 5.025725386076373979e-06 -2.729901345446705818e-03 -1.884937664726749063e-04 -5.204751232668058947e-06 1.000000000000000000e+00 1.172321499325335026e-03 1.710483169555664062e+01
5.900000000000000000e+06 9.999999856889599803e-01 1.676974900231501669e-04 -2.235244552410822205e-05 6.757120313941882284e-01 -1.676969439092287212e-04 9.999999856404162557e-01 2.443158966082407515e-05 -1.325425781927289061e-03 2.235654231936987646e-05 -2.442784087440671046e-05 9.999999994517327906e-01 2.704360782126484942e-03 9.999986886978149414e-01 1.605083351023495197e-03 -1.860364427557215095e-04 6.624354720115661621e-01 -1.605069497600197792e-03 9.999986290931701660e-01 3.647505582193844020e-05 -4.558634478598833084e-03 1.860944757936522365e-04 -3.617641777964308858e-05 1.000000000000000000e+00 1.639504800550639629e-03 1.648691177368164062e+01
