0.000000000000000000e+00 9.999998934279927809e-01 -4.612573619911096868e-04 -1.963791635516440887e-05 1.143681775492266794e+00 4.612567637136556330e-04 9.999998931572153804e-01 -3.045906081722493124e-05 1.938829915674408029e-03 1.965196372312152367e-05 3.044999944934246290e-05 9.999999993432989731e-01 1.318057110810223059e-03 9.998134970664978027e-01 -1.214988005813211203e-04 -1.931286044418811798e-02 1.374083518981933594e+00 1.278217241633683443e-04 9.999999403953552246e-01 3.268170403316617012e-04 4.923525266349315643e-04 1.931282505393028259e-02 -3.292254114057868719e-04 9.998134970664978027e-01 8.825133554637432098e-03 3.213868713378906250e+01
1.000000000000000000e+05 9.999999079344074060e-01 -4.282024562059474535e-04 -2.781781191557395206e-05 1.173570972026458659e+00 4.282020857857036047e-04 9.999999082327631905e-01 -1.332052867876561089e-05 2.142086152965422957e-03 2.782351324598555519e-05 1.330861580715785073e-05 9.999999995243664674e-01 1.516400661162878132e-03 9.999966621398925781e-01 -6.640128412982448936e-05 2.577159320935606956e-03 7.124302983283996582e-01 6.550299440277740359e-05 9.999999403953552246e-01 3.510183887556195259e-04 1.496914137533167377e-05 -2.577192150056362152e-03 -3.508481895551085472e-04 9.999966621398925781e-01 -1.989503577351570129e-02 2.136751937866210938e+01
2.000000000000000000e+05 9.999999673751988061e-01 -2.553950125831792395e-04 -4.794790470077238156e-06 1.203470630730538948e+00 2.553949652690758665e-04 9.999999673380385312e-01 -9.865835080615961339e-06 1.656593313821897329e-03 4.797309998503372895e-06 9.864610193419485006e-06 9.999999999398376804e-01 1.498485126179255117e-03 9.992188215255737305e-01 -1.376254513161256909e-04 3.952055051922798157e-02 9.513050317764282227e-01 1.313979446422308683e-04 1.000000000000000000e+00 1.600319810677319765e-04 4.185472498647868633e-04 -3.952056542038917542e-02 -1.547132269479334354e-04 9.992187023162841797e-01 -6.467266380786895752e-02 2.217404747009277344e+01
3.000000000000000000e+05 9.999999956176464089e-01 -9.361979609803913402e-05 -2.024951956195329012e-07 1.098406784025043770e+00 9.361978445684851838e-05 9.999999940077045624e-01 -5.674439904281543750e-05 2.690612742337481411e-04 2.078075934582992295e-07 5.674437983658490520e-05 9.999999983900160760e-01 1.837330798896124901e-03 9.997086524963378906e-01 -1.399803441017866135e-04 2.413247339427471161e-02 6.812384128570556641e-01 1.270244829356670380e-04 9.999998807907104492e-01 5.387115525081753731e-04 3.013424066011793911e-05 -2.413255348801612854e-02 -5.354895256459712982e-04 9.997085928916931152e-01 -1.466826815158128738e-02 2.259113693237304688e+01
4.000000000000000000e+05 9.999999392127738584e-01 -3.486581728291935646e-04 3.454094259150417513e-06 1.218213620604129632e+00 3.486581962126069343e-04 9.999999391958046546e-01 -6.771479689935006425e-06 1.920505518691086044e-03 -3.451733117462743082e-06 6.772683576552878842e-06 9.999999999711081111e-01 1.468845930686366822e-03 9.999520778656005859e-01 -3.153230936732143164e-04 -9.785848669707775116e-03 1.129319310188293457e+00 3.290898457635194063e-04 9.999989867210388184e-01 1.406442956067621708e-03 -1.341974857496097684e-04 9.785399772226810455e-03 -1.409597112797200680e-03 9.999511837959289551e-01 6.626194715499877930e-02 2.188310432434082031e+01
5.000000000000000000e+05 9.999999970191641996e-01 -7.682412927747308022e-05 7.728181430256612602e-06 1.208255500488352396e+00 7.682423216979415411e-05 9.999999969603807770e-01 -1.331449550472195324e-05 9.601629267577425691e-04 -7.727158532243534920e-06 1.331508917663716647e-05 9.999999998814996793e-01 1.596098078959965741e-03 9.997751712799072266e-01 -3.910691302735358477e-04 -2.120350115001201630e-02 1.213713049888610840e+00 4.117395146749913692e-04 9.999994039535522461e-01 9.702965035103261471e-04 4.020787891931831837e-04 2.120311185717582703e-02 -9.788080351427197456e-04 9.997746944427490234e-01 6.380493938922882080e-02 2.143468856811523438e+01
6.000000000000000000e+05 9.999998503215627998e-01 -5.466975503321154506e-04 -2.187795908008493645e-05 1.150468908430126946e+00 5.466969219316379636e-04 9.999998501488477354e-01 -2.871867380193418178e-05 2.330115979886389268e-03 2.189365623002149003e-05 2.870670889066548732e-05 9.999999993482963090e-01 1.357579195493938779e-03 9.999998211860656738e-01 -3.395810199435800314e-04 -4.265295283403247595e-04 8.499090671539306641e-01 3.399818087927997112e-04 9.999995827674865723e-01 9.436790132895112038e-04 1.077289416571147740e-04 4.262082511559128761e-04 -9.438243578188121319e-04 9.999994635581970215e-01 9.389640763401985168e-03 2.256480026245117188e+01
7.000000000000000000e+05 9.999999137039407016e-01 -4.153119946519339182e-04 -1.039496650236119543e-05 1.200279105649755040e+00 4.153119086598551176e-04 9.999999137237807201e-01 -8.273264732185061897e-06 2.218178808790332787e-03 1.039840159165746506e-05 8.268946864785384511e-06 9.999999999117489269e-01 1.450660141761361214e-03 9.999781847000122070e-01 -7.284073508344590664e-04 6.570578087121248245e-03 1.337008833885192871e+00 7.181456312537193298e-04 9.999985098838806152e-01 1.563611789606511593e-03 5.687581142410635948e-04 -6.571704521775245667e-03 -1.558858901262283325e-03 9.999771118164062500e-01 -1.151508069597184658e-03 2.230201530456542969e+01
8.000000000000000000e+05 9.999998184504489407e-01 -6.022027553624980604e-04 -2.123441773911624808e-05 1.115130827794360568e+00 6.022019199629702942e-04 9.999998179031256429e-01 -3.932623740167159984e-05 2.292180515877547276e-03 2.125809624158060809e-05 3.931344285452019363e-05 9.999999990012732320e-01 1.458331094936106279e-03 9.999654889106750488e-01 -5.979382549412548542e-04 -8.282691240310668945e-03 1.409244894981384277e+00 6.032967939972877502e-04 9.999995231628417969e-01 6.441181758418679237e-04 1.093474915251135826e-03 8.282300084829330444e-03 -6.490930099971592426e-04 9.999655485153198242e-01 1.521134749054908752e-02 2.225337600708007812e+01
9.000000000000000000e+05 9.999998822648912267e-01 -4.847888976530748042e-04 2.121152217613637324e-05 9.374500626202675324e-01 4.847908367207629052e-04 9.999998783022109317e-01 -9.150632895438116465e-05 1.272562441532300607e-03 -2.116715834245912854e-05 9.151660133244353857e-05 9.999999955883315250e-01 2.237526513945189890e-03 9.999378919601440430e-01 -4.946870030835270882e-04 -1.113191153854131699e-02 1.006351113319396973e+00 5.022072582505643368e-04 9.999996423721313477e-01 6.723459810018539429e-04 5.844261031597852707e-04 1.113157439976930618e-02 -6.778943352401256561e-04 9.999378323554992676e-01 9.228889830410480499e-03 2.237295913696289062e+01
1.000000000000000000e+06 9.999998773183804701e-01 -4.952394008775882518e-04 1.005784093644418146e-05 1.246685301220917585e+00 4.952393866936035359e-04 9.999998773679698028e-01 1.412683059616276715e-06 2.303379384024604147e-03 -1.005853931934158926e-05 -1.407701847337855306e-06 9.999999999484220359e-01 1.367452619517147121e-03 9.999536871910095215e-01 -1.002493430860340595e-03 -9.573859162628650665e-03 1.497683405876159668e+00 1.002441393211483955e-03 9.999995827674865723e-01 -9.297739779867697507e-06 2.925397129729390144e-03 9.573857299983501434e-03 -3.002644461957970634e-07 9.999542236328125000e-01 -2.009826153516769409e-02 2.302595138549804688e+01
1.100000000000000000e+06 9.999996473610878178e-01 -8.397908885830664832e-04 -5.385550543983929993e-06 1.027947048347974457e+00 8.397906013028842015e-04 9.999996459646974811e-01 -5.312500908731761961e-05 2.876411526749407272e-03 5.430162533317063541e-06 5.312046761890509107e-05 9.999999985743647235e-01 2.031207693414898135e-03 9.999812841415405273e-01 -1.497522229328751564e-03 -5.939149763435125351e-03 1.419898629188537598e+00 1.495615695603191853e-03 9.999988079071044922e-01 -3.267091815359890461e-04 4.853751044720411301e-03 5.939633119851350784e-03 3.178205515723675489e-04 9.999822974205017090e-01 -3.796865418553352356e-02 2.267046356201171875e+01
1.200000000000000000e+06 9.999994908402016769e-01 -1.009038210187668781e-03 -1.269821869749814282e-05 1.061298113788257558e+00 1.009037684084523358e-03 9.999994900656290486e-01 -4.136968543130243805e-05 3.604614783544685640e-03 1.273995581489122860e-05 4.135685138654813029e-05 9.999999990636522229e-01 1.977835851610320727e-03 9.999947547912597656e-01 -8.315389277413487434e-04 -3.130094846710562706e-03 8.473050594329833984e-01 8.299660985358059406e-04 9.999995231628417969e-01 -5.018437514081597328e-04 2.853544894605875015e-03 3.130508353933691978e-03 4.992431495338678360e-04 9.999949932098388672e-01 -2.582977339625358582e-02 2.236544036865234375e+01
1.300000000000000000e+06 9.999993929443721230e-01 -1.101826008381012441e-03 9.500992848429995070e-06 1.252869043963827478e+00 1.101826101444032839e-03 9.999993929414289218e-01 -9.795418566457452916e-06 4.478459380832100836e-03 -9.490194233247406402e-06 9.805881062569287156e-06 9.999999999068904799e-01 1.150212879411484888e-03 9.997761845588684082e-01 -1.285874168388545513e-03 2.111545018851757050e-02 1.593875408172607422e+00 1.293566660024225712e-03 9.999991059303283691e-01 -3.503781044855713844e-04 4.318258259445428848e-03 -2.111497521400451660e-02 3.776137891691178083e-04 9.997770190238952637e-01 -6.837836652994155884e-02 2.168047904968261719e+01
1.400000000000000000e+06 9.999995161280751388e-01 -9.835201156449236391e-04 -2.077983269053260699e-05 1.104259595554790918e+00 9.835193076223624521e-04 9.999995155897422050e-01 -3.885944243493965234e-05 3.668924628722160762e-03 2.081804166773719569e-05 3.883898626536581400e-05 9.999999990290711072e-01 1.475805199100449190e-03 9.997993111610412598e-01 -1.467403955757617950e-03 1.997986063361167908e-02 1.213262557983398438e+00 1.467691152356564999e-03 9.999988675117492676e-01 3.560665504664939363e-07 4.388982430100440979e-03 -1.997983641922473907e-02 2.896828482334967703e-05 9.998003840446472168e-01 -3.057410381734371185e-02 2.261126327514648438e+01
1.500000000000000000e+06 9.999999400691244045e-01 -3.461785704803232370e-04 -4.706237653000725104e-06 1.091159405291733053e+00 3.461783312286670984e-04 9.999999387928424355e-01 -5.074325720909131788e-05 1.195470719437639363e-03 4.723803592649774956e-06 5.074162497055636622e-05 9.999999987014865921e-01 1.887232759520493996e-03 9.999873042106628418e-01 -1.488736248575150967e-03 4.812275059521198273e-03 8.617759346961975098e-01 1.488374429754912853e-03 9.999988675117492676e-01 7.873840513639152050e-05 3.970816731452941895e-03 -4.812394734472036362e-03 -7.157494110288098454e-05 9.999883770942687988e-01 4.288067109882831573e-03 2.341897583007812500e+01
1.600000000000000000e+06 9.999997226360064495e-01 -7.447999861825962877e-04 -9.494991181003895531e-07 1.209281944905400419e+00 7.447999752934286819e-04 9.999997225712849991e-01 -1.141755708236131601e-05 3.392709316329275103e-03 9.580026508733871663e-07 1.141684672863624181e-05 9.999999999343689439e-01 1.411963195965708958e-03 9.999762177467346191e-01 -2.130314707756042480e-03 -6.554741412401199341e-03 1.387361645698547363e+00 2.124315360561013222e-03 9.999973773956298828e-01 -9.218799532391130924e-04 7.511144969612360001e-03 6.556692067533731461e-03 9.079337469302117825e-04 9.999781250953674316e-01 3.950654342770576477e-02 2.187977600097656250e+01
1.700000000000000000e+06 9.999997373819906610e-01 -7.244445766320254179e-04 -2.039635914141964298e-05 1.162072793772621848e+00 7.244440179051325410e-04 9.999997372153626163e-01 -2.738753697732561866e-05 3.109744610402938054e-03 2.041619453395661683e-05 2.737275376467977389e-05 9.999999994169557205e-01 1.405750074197890335e-03 9.999933838844299316e-01 -6.978358142077922821e-04 -3.562693716958165169e-03 9.841151833534240723e-01 6.950231036171317101e-04 9.999994635581970215e-01 -7.909703417681157589e-04 2.885268069803714752e-03 3.563243430107831955e-03 7.884888909757137299e-04 9.999933838844299316e-01 2.135788649320602417e-02 2.190671920776367188e+01
1.800000000000000000e+06 9.999986069184407800e-01 -1.669177238376704214e-03 -2.910802254108447391e-06 1.213495533849100472e+00 1.669177172615092779e-03 9.999986066707805543e-01 -2.245021274925213819e-05 6.812735402753039571e-03 2.948271583216891410e-06 2.244532282950730727e-05 9.999999997437576393e-01 1.031936054565421633e-03 9.999977946281433105e-01 -1.615092391148209572e-03 -1.352100400254130363e-03 1.496263384819030762e+00 1.615292974747717381e-03 9.999986886978149414e-01 1.477167825214564800e-04 4.591789562255144119e-03 1.351861283183097839e-03 -1.498999190516769886e-04 9.999990463256835938e-01 1.955123431980609894e-02 2.318655967712402344e+01
1.900000000000000000e+06 9.999978373418864086e-01 -2.079570331932504689e-03 -2.643523807568085008e-05 1.149653253649782769e+00 2.079569700163382429e-03 9.999978374069150577e-01 -2.390381320689660851e-05 8.100653384569146687e-03 2.648489056735648195e-05 2.384878759147481176e-05 9.999999993648929220e-01 9.641249625749736272e-04 9.999960660934448242e-01 -1.396580599248409271e-03 -2.443843055516481400e-03 1.008932828903198242e+00 1.394471619278192520e-03 9.999986290931701660e-01 -8.643209002912044525e-04 4.804252646863460541e-03 2.445046324282884598e-03 8.609091746620833874e-04 9.999966025352478027e-01 1.542670931667089462e-02 2.294848060607910156e+01
2.000000000000000000e+06 9.999994284839227587e-01 -1.068913287145446638e-03 -2.136040156990174000e-05 1.151973869244472759e+00 1.068912747987403773e-03 9.999994283941918694e-01 -2.523650334292803065e-05 4.302520390295768576e-03 2.138736499263576223e-05 2.521365651540563181e-05 9.999999994534261027e-01 1.193194000102276112e-03 9.999666213989257812e-01 -2.250179415568709373e-03 -7.855617441236972809e-03 9.898797273635864258e-01 2.247182419523596764e-03 9.999973773956298828e-01 -3.902715106960386038e-04 6.701353937387466431e-03 7.856476120650768280e-03 3.726055438164621592e-04 9.999690055847167969e-01 2.122751995921134949e-02 2.173126411437988281e+01
2.100000000000000000e+06 9.999995714748866060e-01 -9.255080727864271840e-04 -2.201885075104990122e-05 1.161881654631330418e+00 9.255075472123448820e-04 9.999995714329590335e-01 -2.386750543953780547e-05 3.880222880746926357e-03 2.204093088398798142e-05 2.384711659867168039e-05 9.999999994727561958e-01 1.339077964019753713e-03 9.999129772186279297e-01 -2.696487121284008026e-03 -1.291781384497880936e-02 1.273030757904052734e+00 2.670681802555918694e-03 9.999943375587463379e-01 -2.014465397223830223e-03 1.047016121447086334e-02 1.292316894978284836e-02 1.979790860787034035e-03 9.999145865440368652e-01 1.826911047101020813e-02 2.221091270446777344e+01
2.200000000000000000e+06 9.999999915989119526e-01 1.288594268605960989e-04 1.405077642185153590e-05 1.035686944634458317e+00 -1.288583387742833709e-04 9.999999887013769628e-01 -7.741301280771581081e-05 -7.690060647106953823e-04 -1.406075165950221790e-05 7.741120159766437861e-05 9.999999969049006010e-01 2.375100138030909400e-03 9.998156428337097168e-01 -9.197989129461348057e-04 1.918008923530578613e-02 1.168562412261962891e+00 9.453634265810251236e-04 9.999986886978149414e-01 -1.323813921771943569e-03 4.632006399333477020e-03 -1.917884126305580139e-02 1.341701368801295757e-03 9.998151659965515137e-01 -3.176350146532058716e-02 2.253689575195312500e+01
2.300000000000000000e+06 9.999999698510811941e-01 -2.452101776659814736e-04 -1.303097991089665003e-05 1.177847093099105846e+00 2.452098546266229728e-04 9.999999696288925932e-01 -2.478592346880211325e-05 1.466306786339236683e-03 1.303705727573621414e-05 2.478272739689239471e-05 9.999999996079257381e-01 1.697634169362417919e-03 9.999306797981262207e-01 -1.218526507727801800e-03 1.171177346259355545e-02 7.713088393211364746e-01 1.207130611874163151e-03 9.999988675117492676e-01 9.801342384889721870e-04 2.526833908632397652e-03 -1.171295717358589172e-02 -9.659287170507013798e-04 9.999308586120605469e-01 -3.638995811343193054e-03 2.207772827148437500e+01
2.400000000000000000e+06 9.999997850843789227e-01 6.551345407614602746e-04 2.509830928034987850e-05 1.041130927376504811e+00 -6.551324011574480820e-04 9.999997817744158413e-01 -8.516251178659733619e-05 -2.730830892737797812e-03 -2.515409670686053040e-05 8.514605076805578947e-05 9.999999960587107051e-01 2.512453968952923968e-03 9.999867677688598633e-01 -2.298750216141343117e-03 4.580191336572170258e-03 1.212010025978088379e+00 2.298045903444290161e-03 9.999973773956298828e-01 1.589658058946952224e-04 6.761653814464807510e-03 -4.580535925924777985e-03 -1.484382082708179951e-04 9.999895095825195312e-01 2.307481691241264343e-02 2.212793540954589844e+01
2.500000000000000000e+06 9.999993712799414292e-01 -1.121255445192727773e-03 -1.502977564642477563e-05 1.190431428334718600e+00 1.121255158470985504e-03 9.999993712113435240e-01 -1.907178393358659164e-05 4.732255113001863391e-03 1.505115053838031349e-05 1.905491972857111861e-05 9.999999997051864931e-01 1.404880219854178110e-03 9.999638199806213379e-01 -3.397361375391483307e-03 -7.801881060004234314e-03 1.311677575111389160e+00 3.396115032956004143e-03 9.999941587448120117e-01 -1.717762352200224996e-04 1.062710862606763840e-02 7.802417501807212830e-03 1.452744327252730727e-04 9.999695420265197754e-01 3.962295129895210266e-02 2.281123161315917969e+01
2.600000000000000000e+06 9.999990633100905857e-01 -1.368603470464386553e-03 -1.742030091961748061e-05 1.116950154891765967e+00 1.368602819167702000e-03 9.999990627654128383e-01 -3.734439631979902751e-05 5.158422287748556066e-03 1.747139426353070359e-05 3.732051986653603826e-05 9.999999991509646025e-01 1.244014216460735071e-03 9.999705553054809570e-01 -2.113759284839034081e-03 -7.375368382781744003e-03 9.283103942871093750e-01 2.111998153850436211e-03 9.999977350234985352e-01 -2.474797074683010578e-04 6.282548420131206512e-03 7.375869434326887131e-03 2.318949118489399552e-04 9.999727010726928711e-01 1.322069950401782990e-02 2.308288002014160156e+01
2.700000000000000000e+06 9.999993919831530187e-01 -1.102738037055954034e-03 1.442523291664755748e-06 1.205653597378224084e+00 1.102738067596601302e-03 9.999993917563541057e-01 -2.134504668772446668e-05 4.640074896244740857e-03 -1.418984418114381956e-06 2.134662443500800924e-05 9.999999997711540578e-01 1.455905068384294931e-03 9.999386072158813477e-01 -3.639373695477843285e-03 -1.047368627041578293e-02 1.462025880813598633e+00 3.645573975518345833e-03 9.999931454658508301e-01 5.724924849346280098e-04 1.047299709171056747e-02 1.047153212130069733e-02 -6.106393993832170963e-04 9.999450445175170898e-01 7.830437272787094116e-03 2.326294326782226562e+01
2.800000000000000000e+06 9.999986210127297381e-01 -1.660517060450560816e-03 -2.560586028794350615e-05 1.173414927902701743e+00 1.660516620525311808e-03 9.999986211935021352e-01 -1.719234587703357808e-05 6.730210077080154250e-03 2.563437316678738659e-05 1.714980321132364579e-05 9.999999995243815665e-01 1.155424230433936420e-03 9.999658465385437012e-01 -3.433798439800739288e-03 -7.510077208280563354e-03 9.979084134101867676e-01 3.438350744545459747e-03 9.999939799308776855e-01 5.930421757511794567e-04 8.817348629236221313e-03 7.507998961955308914e-03 -6.188444676809012890e-04 9.999716281890869141e-01 -4.283076152205467224e-03 2.144783973693847656e+01
2.900000000000000000e+06 9.999902060247883862e-01 -4.425722053630604287e-03 -2.896541011390864131e-05 1.168345522419869109e+00 4.425723015674415221e-03 9.999902058877724320e-01 3.323415029579771955e-05 1.521281204081671376e-02 2.881804131296147216e-05 -3.336201768231409893e-05 9.999999990282480988e-01 6.162627818376709013e-04 9.999545812606811523e-01 -7.317928597331047058e-03 -6.113325711339712143e-03 1.467373728752136230e+00 7.319595199078321457e-03 9.999731779098510742e-01 2.511353523004800081e-04 2.115856111049652100e-02 6.111321970820426941e-03 -2.958708500955253839e-04 9.999812841415405273e-01 -3.195302560925483704e-02 2.282048034667968750e+01
3.000000000000000000e+06 9.999859457436298671e-01 -5.301638098914767880e-03 -3.079805939921326230e-05 1.073695693348626579e+00 5.301639177610969686e-03 9.999859455979390743e-01 3.504939779920986212e-05 1.689891980992738046e-02 3.061180732708884331e-05 -3.521218540525304777e-05 9.999999989115095911e-01 9.692891821953094266e-04 9.999405741691589355e-01 -9.855042211711406708e-03 -4.652827512472867966e-03 1.351368427276611328e+00 9.852222166955471039e-03 9.999512434005737305e-01 -6.294913473539054394e-04 2.962073870003223419e-02 4.658796358853578568e-03 5.836139316670596600e-04 9.999889135360717773e-01 -3.877608478069305420e-02 2.315276718139648438e+01
3.100000000000000000e+06 9.999713420344111814e-01 -7.570570930109227908e-03 -3.958814254821361772e-05 1.174313334764131689e+00 7.570575062139133643e-03 9.999713372437595282e-01 1.052885864275985374e-04 2.426581841484193661e-02 3.878991315256418121e-05 -1.055852740677226041e-04 9.999999936735464168e-01 1.576837975158949725e-04 9.999387264251708984e-01 -8.938793092966079712e-03 6.520765367895364761e-03 8.520226478576660156e-01 8.942530490458011627e-03 9.999598860740661621e-01 -5.438736989162862301e-04 2.516025677323341370e-02 -6.515629589557647705e-03 6.021519075147807598e-04 9.999786019325256348e-01 -3.453460708260536194e-02 2.250064086914062500e+01
3.200000000000000000e+06 9.999046811103875498e-01 -1.380648220622422706e-02 -9.869095830047054456e-05 1.113799101461562246e+00 1.380650112744223612e-02 9.999046669611956206e-01 1.936830393186532277e-04 4.046010490686464262e-02 9.600746831724986581e-05 -1.950271545126176949e-04 9.999999763734869207e-01 1.772450442888922652e-03 9.997345209121704102e-01 -1.626348868012428284e-02 1.632128655910491943e-02 1.219088196754455566e+00 1.626490242779254913e-02 9.998677372932434082e-01 4.603700654115527868e-05 4.774120077490806580e-02 -1.631987839937210083e-02 2.194387052441015840e-04 9.998668432235717773e-01 -3.837233036756515503e-02 2.290361595153808594e+01
3.300000000000000000e+06 9.999878597345500664e-01 -4.927391979422634724e-03 -3.451911204871913188e-05 1.063288313830883514e+00 4.927393032550542520e-03 9.999878598603202384e-01 3.049022212473712290e-05 1.577632071780203649e-02 3.436845570452817664e-05 -3.065994119912365600e-05 9.999999989393886235e-01 1.009087069540143700e-03 9.998213052749633789e-01 -1.289070397615432739e-02 1.383028365671634674e-02 8.542549014091491699e-01 1.289566606283187866e-02 9.999167323112487793e-01 -2.705384686123579741e-04 3.608945384621620178e-02 -1.382564753293991089e-02 4.488416016101837158e-04 9.999043345451354980e-01 -1.640178449451923370e-02 2.219254493713378906e+01
3.400000000000000000e+06 9.998938518348534643e-01 -1.456974948307816070e-02 -8.643744265967407900e-05 1.002677552049911380e+00 1.456976933340353025e-02 9.998938279837005227e-01 2.336455567981420337e-04 4.072976265407641377e-02 8.302410832952559008e-05 -2.348801293024709393e-04 9.999999689691618787e-01 1.943778672845974205e-03 9.996665120124816895e-01 -2.479239925742149353e-02 7.219189312309026718e-03 1.347392320632934570e+00 2.478277869522571564e-02 9.996918439865112305e-01 1.413002959452569485e-03 7.253444194793701172e-02 -7.251994218677282333e-03 -1.233619521372020245e-03 9.999728202819824219e-01 5.368629470467567444e-03 2.262639999389648438e+01
3.500000000000000000e+06 9.998475274667986135e-01 -1.746129613645323528e-02 -1.579969882591360209e-04 1.014023985453450294e+00 1.746134067550492511e-02 9.998474985388371428e-01 2.850521517470246623e-04 4.878763350782610447e-02 1.529955135710433394e-04 -2.877675282961908898e-04 9.999999468911110467e-01 2.265089271858911329e-03 9.997895956039428711e-01 -1.999265141785144806e-02 -4.580249078571796417e-03 9.627614021301269531e-01 2.000233344733715057e-02 9.997978210449218750e-01 2.063973341137170792e-03 5.318892374634742737e-02 4.538065288215875626e-03 -2.155155874788761139e-03 9.999874234199523926e-01 2.739976532757282257e-02 2.258339118957519531e+01
3.600000000000000000e+06 9.997962732895150362e-01 -2.018308075572232407e-02 -2.348962304377918227e-04 1.082869849199914247e+00 2.018314570793593860e-02 9.997962610585554577e-01 2.775090975970748467e-04 5.769096849326212778e-02 2.292473845209002509e-04 -2.821935063274020163e-04 9.999999339062300985e-01 2.234972242143468905e-03 9.992828369140625000e-01 -3.743495792150497437e-02 -5.704153329133987427e-03 1.504525423049926758e+00 3.745874390006065369e-02 9.992897510528564453e-01 4.116870462894439697e-03 1.083585619926452637e-01 5.545980297029018402e-03 -4.327587783336639404e-03 9.999752640724182129e-01 3.674585372209548950e-02 2.221142387390136719e+01
3.700000000000000000e+06 9.998614742427228697e-01 -1.664351917276059994e-02 -1.599979615486018289e-04 1.099872852763963182e+00 1.664355556162262773e-02 9.998614602469009238e-01 2.288576755633625289e-04 4.804214534678099419e-02 1.561667984235064904e-04 -2.314889077993264503e-04 9.999999610124081784e-01 1.973866939163721954e-03 9.996318817138671875e-01 -2.684648893773555756e-02 -3.904742421582341194e-03 1.023302912712097168e+00 2.685208059847354889e-02 9.996384382247924805e-01 1.388680771924555302e-03 7.252489775419235229e-02 3.866050392389297485e-03 -1.493019401095807552e-03 9.999913573265075684e-01 1.821366883814334869e-02 2.173462486267089844e+01
3.800000000000000000e+06 9.999285016433822060e-01 -1.195779208912485167e-02 -5.299697460011127927e-05 1.076325374940128254e+00 1.195780081135569550e-02 9.999284889248170050e-01 1.674377299658855785e-04 3.461456108851104774e-02 5.099099915412012228e-05 -1.680594857131193810e-04 9.999999845779634633e-01 1.288859656435953826e-03 9.996170401573181152e-01 -2.702993899583816528e-02 -5.935101304203271866e-03 1.016068935394287109e+00 2.704377286136150360e-02 9.996317028999328613e-01 2.268481999635696411e-03 7.233038544654846191e-02 5.871597211807966232e-03 -2.428120467811822891e-03 9.999798536300659180e-01 1.455996930599212646e-02 2.366092872619628906e+01
3.900000000000000000e+06 9.997939299352385234e-01 -2.029891639046940352e-02 -2.273404907322606290e-04 1.048541853815773806e+00 2.029898210515222387e-02 9.997939122209704710e-01 2.905805530455319772e-04 5.738972941320630294e-02 2.213951686548432823e-04 -2.951354533615468977e-04 9.999999319396236652e-01 2.462041645184229709e-03 9.991001486778259277e-01 -3.757593780755996704e-02 -1.966872438788414001e-02 1.389438033103942871e+00 3.760600462555885315e-02 9.992918968200683594e-01 1.162116881459951401e-03 1.101407706737518311e-01 1.961113326251506805e-02 -1.900733099319040775e-03 9.998059272766113281e-01 1.952568069100379944e-02 2.280233573913574219e+01
4.000000000000000000e+06 9.998773932058048208e-01 -1.565844295397134101e-02 -1.083112784083171254e-04 1.015175492557447434e+00 1.565846863101827413e-02 9.998773697639480318e-01 2.404270661243965471e-04 4.387075004132041239e-02 1.045332828423731225e-04 -2.420935768124081141e-04 9.999999652317473897e-01 2.115494689774190338e-03 9.997167587280273438e-01 -2.183536812663078308e-02 -9.469911456108093262e-03 7.873862981796264648e-01 2.182832732796669006e-02 9.997614026069641113e-01 -8.487033192068338394e-04 6.057726219296455383e-02 9.486171416938304901e-03 6.417505210265517235e-04 9.999547600746154785e-01 -4.982314072549343109e-03 2.169750404357910156e+01
4.100000000000000000e+06 9.997120545219705390e-01 -2.399341903676692131e-02 -3.520024093257417266e-04 9.626949272473198649e-01 2.399358920821733146e-02 9.997119935686223924e-01 4.874538659125203402e-04 6.636314431001151537e-02 3.402053458976145870e-04 -4.957593067072697379e-04 9.999998192415059384e-01 3.374269289971281414e-03 9.991050958633422852e-01 -3.185582906007766724e-02 2.782527729868888855e-02 1.112744927406311035e+00 3.174832090735435486e-02 9.994865655899047852e-01 4.295389633625745773e-03 8.871117234230041504e-02 -2.794781699776649475e-02 -3.408136544749140739e-03 9.996035695075988770e-01 -5.767989903688430786e-02 2.211235237121582031e+01
4.200000000000000000e+06 9.998396222511248821e-01 -1.790787982927377966e-02 -1.939496593357209041e-04 9.508867735154465928e-01 1.790795263529032164e-02 9.998395673982299892e-01 3.803906607325561605e-04 4.897417282644803832e-02 1.871065532407592286e-04 -3.838028958506641409e-04 9.999999088432331984e-01 2.571126770995765462e-03 9.995073080062866211e-01 -2.655254863202571869e-02 1.673558913171291351e-02 7.453822493553161621e-01 2.644992806017398834e-02 9.996301531791687012e-01 6.330841220915317535e-03 6.548490375280380249e-02 -1.689750142395496368e-02 -5.885071121156215668e-03 9.998399019241333008e-01 -1.914663240313529968e-02 2.277219200134277344e+01
4.300000000000000000e+06 9.997578383814956782e-01 -2.200403570954336668e-02 -2.949822395517704039e-04 9.692873361241073349e-01 2.200416177468098727e-02 9.997577861537224608e-01 4.311575956392611590e-04 6.076480576968484176e-02 2.854235837815260850e-04 -4.375440226419701102e-04 9.999998635442958195e-01 3.063479715658417538e-03 9.995845556259155273e-01 -2.863407507538795471e-02 3.277164185419678688e-03 8.082947134971618652e-01 2.863369137048721313e-02 9.995899796485900879e-01 1.481214567320421338e-04 7.821039110422134399e-02 -3.280065488070249557e-03 -5.421810419647954404e-05 9.999946355819702148e-01 1.003969181329011917e-02 2.247884750366210938e+01
4.400000000000000000e+06 9.993225339004073726e-01 -3.679868835867720900e-02 -5.743079829908036933e-04 1.052000244914491178e+00 3.679899167093088341e-02 9.993225488960048031e-01 5.268165740602105468e-04 1.039580432425176448e-01 5.545327592957400480e-04 -5.475936275189434649e-04 9.999996963172853581e-01 3.966333474756974890e-03 9.993636012077331543e-01 -3.339205309748649597e-02 -1.254231110215187073e-02 1.276730179786682129e+00 3.331837058067321777e-02 9.994266033172607422e-01 -6.031991448253393173e-03 1.057619452476501465e-01 1.273654401302337646e-02 5.610255990177392960e-03 9.999031424522399902e-01 4.164287075400352478e-02 2.166995239257812500e+01
4.500000000000000000e+06 9.997052270041354438e-01 -2.427675945349384856e-02 -3.132018041547504237e-04 1.089804742987018127e+00 2.427685908524200575e-02 9.997052229660244871e-01 3.183264522297275844e-04 6.912614142512980842e-02 3.053815453353589783e-04 -3.258361736878577454e-04 9.999999002864523590e-01 2.655075740428439711e-03 9.997650384902954102e-01 -2.075276896357536316e-02 -6.254087667912244797e-03 8.925135731697082520e-01 2.076624706387519836e-02 9.997821450233459473e-01 2.097168937325477600e-03 5.509244650602340698e-02 6.209204439073801041e-03 -2.226543147116899490e-03 9.999783039093017578e-01 1.416085846722126007e-02 2.242460823059082031e+01
4.600000000000000000e+06 9.997080773250315300e-01 -2.415944315123498207e-02 -2.854505547522204786e-04 1.139220346169047104e+00 2.415952565658370174e-02 9.997080742502396644e-01 2.892114017077080518e-04 6.951253378954061479e-02 2.783800385033423342e-04 -2.960233238259535413e-04 9.999999174373758182e-01 2.681622937663868250e-03 9.995961785316467285e-01 -2.824054658412933350e-02 3.160548629239201546e-03 1.415461421012878418e+00 2.824258618056774139e-02 9.996008872985839844e-01 -5.893610068596899509e-04 8.508810400962829590e-02 -3.142646746709942818e-03 6.783739663660526276e-04 9.999947547912597656e-01 3.744666464626789093e-04 2.274755287170410156e+01
4.700000000000000000e+06 9.994344309416042238e-01 -3.362469834862293755e-02 -4.448177507032087638e-04 1.112307224768611658e+00 3.362486911247906246e-02 9.994344511218393734e-01 3.821536252938593191e-04 9.581459350578767908e-02 4.317163836106412025e-04 -3.968944302809641368e-04 9.999998280478658019e-01 3.381566049762145705e-03 9.991881251335144043e-01 -4.002568498253822327e-02 4.593086894601583481e-03 1.462384581565856934e+00 3.998890146613121033e-02 9.991692900657653809e-01 7.852640934288501740e-03 1.104133129119873047e-01 -4.903572145849466324e-03 -7.662585005164146423e-03 9.999585747718811035e-01 5.868603475391864777e-03 2.241350364685058594e+01
4.800000000000000000e+06 9.996046202953667859e-01 -2.811428843759227955e-02 -4.357274628317737313e-04 1.038490598212008287e+00 2.811448826971546869e-02 9.996046040367838614e-01 4.594849448680802281e-04 7.939842219810609725e-02 4.226370854907424818e-04 -4.715535286625775172e-04 9.999997995075587953e-01 3.552424304119037451e-03 9.996353387832641602e-01 -2.698686346411705017e-02 -9.542798507027328014e-04 1.009656310081481934e+00 2.698417380452156067e-02 9.996323585510253906e-01 -2.654495416209101677e-03 7.656896859407424927e-02 1.025563571602106094e-03 2.627781825140118599e-03 9.999960064888000488e-01 1.776794530451297760e-02 2.265737533569335938e+01
4.900000000000000000e+06 9.993307167383725931e-01 -3.657612001919901407e-02 -5.532631049311228372e-04 1.064833219591299951e+00 3.657639674309596384e-02 9.993307353784275371e-01 4.985998920466486401e-04 1.033643291185115526e-01 5.346559770240365272e-04 -5.185025572351879006e-04 9.999997226490187074e-01 3.944360890404360540e-03 9.993445277214050293e-01 -3.437096253037452698e-02 -1.136545930057764053e-02 1.435424685478210449e+00 3.430141508579254150e-02 9.993918538093566895e-01 -6.257940549403429031e-03 1.086548119783401489e-01 1.157363783568143845e-02 5.863982252776622772e-03 9.999158382415771484e-01 4.187874495983123779e-02 2.168134307861328125e+01
5.000000000000000000e+06 9.995810227265951031e-01 -2.894241305916691112e-02 -3.402801957565020335e-04 1.174020971244895239e+00 2.894251289743630592e-02 9.995810350382763332e-01 2.922301032759488677e-04 8.344300628511008844e-02 3.316797865300941811e-04 -3.019562287685191365e-04 9.999998994054796198e-01 3.044131914834613713e-03 9.998263120651245117e-01 -1.838614791631698608e-02 -3.031673375517129898e-03 8.885769844055175781e-01 1.837867498397827148e-02 9.998280405998229980e-01 -2.468339633196592331e-03 5.286939069628715515e-02 3.076534252613782883e-03 2.412190893664956093e-03 9.999923110008239746e-01 1.405104994773864746e-02 2.311801528930664062e+01
5.100000000000000000e+06 9.995726562026275852e-01 -2.923001542729966595e-02 -3.335217615481936271e-04 1.196440682219656493e+00 2.923010314879816163e-02 9.995726751408664512e-01 2.612436821929270186e-04 8.466658819674093006e-02 3.257430831539773306e-04 -2.708809160669504133e-04 9.999999102574894660e-01 2.970895853941382322e-03 9.996865987777709961e-01 -2.415868639945983887e-02 6.562471855431795120e-03 1.193031311035156250e+00 2.416497655212879181e-02 9.997076392173767090e-01 -8.891425095498561859e-04 7.170774787664413452e-02 -6.539072375744581223e-03 1.047445810399949551e-03 9.999781250953674316e-01 4.632077645510435104e-03 2.397766494750976562e+01
5.200000000000000000e+06 9.996259790857792149e-01 -2.734587440322010579e-02 -3.242458170200354173e-04 1.165057493806503253e+00 2.734596793595943723e-02 9.996259877348415701e-01 2.876251311340996845e-04 7.882581467371228834e-02 3.162591848813752328e-04 -2.963843685032435584e-04 9.999999060682183138e-01 2.900669734525514448e-03 9.994514584541320801e-01 -2.321183681488037109e-02 2.362164109945297241e-02 1.192740321159362793e+00 2.325415611267089844e-02 9.997283816337585449e-01 -1.512348419055342674e-03 7.005687803030014038e-02 -2.358012460172176361e-02 2.060820581391453743e-03 9.997198581695556641e-01 -7.014369592070579529e-03 2.235059165954589844e+01
5.300000000000000000e+06 9.995898781839899216e-01 -2.863517620619294296e-02 -3.196185003272204923e-04 1.195022789326481538e+00 2.863526005214052372e-02 9.995898928296012009e-01 2.609116333855882367e-04 8.300371075693196987e-02 3.120161722650627583e-04 -2.699569862633966508e-04 9.999999148845674091e-01 2.810776949017213412e-03 9.997393488883972168e-01 -2.237003482878208160e-02 4.558474291115999222e-03 8.470009565353393555e-01 2.234068140387535095e-02 9.997300505638122559e-01 6.388961337506771088e-03 5.452024564146995544e-02 -4.700159188359975815e-03 -6.285457406193017960e-03 9.999691843986511230e-01 2.891626581549644470e-02 2.209856033325195312e+01
5.400000000000000000e+06 9.994811682281652399e-01 -3.220627696915215332e-02 -3.874757420552542926e-04 1.204404295783541690e+00 3.220638809157691518e-02 9.994811993930460270e-01 2.840463549853017712e-04 9.329017697675670573e-02 3.781266443325327002e-04 -2.963781761660671675e-04 9.999998845901083566e-01 2.988114188954850512e-03 9.992853403091430664e-01 -3.548730537295341492e-02 -1.301409024745225906e-02 1.371861457824707031e+00 3.545096889138221741e-02 9.993668794631958008e-01 -3.012482542544603348e-03 1.084796339273452759e-01 1.311275269836187363e-02 2.548967022448778152e-03 9.999107718467712402e-01 7.741630077362060547e-02 2.319427108764648438e+01
5.500000000000000000e+06 9.994067355530629193e-01 -3.443843877214446125e-02 -4.134004252489885487e-04 1.185794039099642205e+00 3.443857178615024328e-02 9.994067655381080328e-01 3.190670616215354294e-04 9.916391347590959582e-02 4.021670107243479914e-04 -3.331146902988330375e-04 9.999998636481438608e-01 3.551756351147823156e-03 9.997435212135314941e-01 -2.135487459599971771e-02 -7.542148232460021973e-03 9.586659669876098633e-01 2.132389508187770844e-02 9.997640252113342285e-01 -4.154792986810207367e-03 6.359314173460006714e-02 7.629089523106813431e-03 3.992899321019649506e-03 9.999629259109497070e-01 3.446287289261817932e-02 2.789059257507324219e+01
5.600000000000000000e+06 9.994203705217331590e-01 -3.404051550778364188e-02 -4.077815058322903515e-04 1.236136413358953856e+00 3.404062326737233857e-02 9.994204161457468372e-01 2.602964116381052510e-04 9.894010589123855559e-02 3.986845381838571866e-04 -2.740266728324976383e-04 9.999998829800035294e-01 3.083509874037764810e-03 9.995024800300598145e-01 -3.131129965186119080e-02 -3.799049649387598038e-03 1.461850762367248535e+00 3.130587562918663025e-02 9.995087385177612305e-01 -1.470202347263693810e-03 9.586019068956375122e-02 3.843220649287104607e-03 1.350537408143281937e-03 9.999916553497314453e-01 2.615044079720973969e-02 2.773990440368652344e+01
5.700000000000000000e+06 9.993552135671862624e-01 -3.590211702259642895e-02 -4.417659488098837927e-04 1.239565608710899047e+00 3.590223864123214675e-02 9.993552702256655040e-01 2.705189550046886932e-04 1.042040906331078987e-01 4.317689263403446721e-04 -2.862049139893158445e-04 9.999998658311667343e-01 3.335294919050119360e-03 9.997753500938415527e-01 -2.084189839661121368e-02 -3.843004582449793816e-03 1.003763437271118164e+00 2.084073424339294434e-02 9.997828006744384766e-01 -3.614559245761483908e-04 5.804891511797904968e-02 3.849703120067715645e-03 2.812840975821018219e-04 9.999925494194030762e-01 1.592610590159893036e-02 2.670505523681640625e+01
5.800000000000000000e+06 9.994439531647217878e-01 -3.334086979603779338e-02 -4.134007003862134010e-04 1.168352818617411693e+00 3.334100556635179874e-02 9.994439809661151974e-01 3.259982351040147932e-04 9.575001170783525861e-02 4.023017771817311711e-04 -3.396001596689332547e-04 9.999998614124983032e-01 3.427422468540515695e-03 9.993346333503723145e-01 -3.269263729453086853e-02 -1.617280580103397369e-02 1.419146895408630371e+00 3.266266360878944397e-02 9.994642138481140137e-01 -2.112665213644504547e-03 9.915959089994430542e-02 1.623320765793323517e-02 1.583012286573648453e-03 9.998670220375061035e-01 2.394630573689937592e-02 2.297596740722656250e+01
5.900000000000000000e+06 9.992663863660014023e-01 -3.829442777765593858e-02 -4.751858699913688610e-04 1.177711966165691848e+00 3.829459573660950328e-02 9.992664317789684558e-01 3.495404103787880983e-04 1.101171958928097716e-01 4.614518380016605060e-04 -3.674810345203068747e-04 9.999998260099207670e-01 3.921454871698872371e-03 9.992200136184692383e-01 -3.934056311845779419e-02 -3.435686929151415825e-03 1.297044873237609863e+00 3.933937102556228638e-02 9.992257952690124512e-01 -4.145739949308335781e-04 1.152704060077667236e-01 3.449341282248497009e-03 2.790899598039686680e-04 9.999939799308776855e-01 -1.580127701163291931e-02 2.356716728210449219e+01
