1.000000000000000000e+00 0.000000000000000000e+00 0.000000000000000000e+00 0.000000000000000000e+00 0.000000000000000000e+00 1.000000000000000000e+00 0.000000000000000000e+00 0.000000000000000000e+00 0.000000000000000000e+00 0.000000000000000000e+00 1.000000000000000000e+00 0.000000000000000000e+00
1.000000000000000000e+00 6.161038346164104951e-10 -3.699704620885313489e-06 1.003065608529141173e-05 -1.134230820376558313e-09 1.000000000000000000e+00 2.967571219869569177e-07 1.193866671633792009e-06 3.699991793837398291e-06 -2.966993406516849063e-07 1.000000000000000000e+00 -5.199408769840374589e-05
9.999999999925117677e-01 9.059862045998777877e-10 -5.724241645935230626e-06 1.008875603436543145e-05 -1.754685725581561891e-09 9.999999999999585887e-01 4.363831203816517470e-07 1.203063144534988230e-06 5.723987442436376694e-06 -4.362990313873581605e-07 9.999999999924678029e-01 -8.200232925159589570e-05
9.999999999415603025e-01 3.109584433058380174e-07 -1.462568366119634597e-05 4.470913555512101567e-04 -3.023947059340889463e-07 9.999999403952374299e-01 6.103377680331692819e-07 5.303917093398107912e-05 1.462495028531751509e-05 -6.101751809101739204e-07 9.999999999414401763e-01 -1.051158397504803332e-04
9.999996987664994119e-01 -6.983526626797539102e-04 -2.449375544308120007e-04 3.515784821516498848e-02 6.983148399769708008e-04 9.999997618280842548e-01 -5.771276312709311911e-05 1.250053897654572737e-03 2.449780489666217439e-04 5.754180410882288603e-05 9.999999966087281811e-01 -1.076569275659799985e-04
9.999978612165730807e-01 -2.016924649566277303e-03 -3.371486500879945086e-04 9.548789548446201536e-02 2.016973451557241715e-03 9.999979468182380593e-01 -6.070166261418098589e-05 3.371272168884183358e-03 3.372706790797140391e-04 6.002170673746603515e-05 9.999999738502454161e-01 1.330899176199551448e-06
9.999868462858721996e-01 -5.123911991126525560e-03 -2.782090511802735801e-04 2.348155504570675900e-01 5.123908096162255177e-03 9.999869130030604181e-01 -3.890052919670109859e-05 8.821017344847754960e-03 2.784050851933425217e-04 3.747464520457856031e-05 9.999998758357386830e-01 3.193732214952227366e-04
9.999535686257020606e-01 -9.631353604948569153e-03 -2.388099401830590747e-04 4.357593351061130882e-01 9.631368945534299689e-03 9.999536249159424184e-01 -2.619962345785145755e-05 1.735014375669921907e-02 2.390516264117412159e-04 2.389841702365117710e-05 1.000000006500300520e+00 7.501628595978360181e-04
9.998880209692911913e-01 -1.496333072878100988e-02 -2.573165656315965204e-04 6.724286621114787810e-01 1.496336554648316185e-02 9.998880821116215012e-01 -1.046171692801448313e-05 2.870717203771642675e-02 2.574440433458449902e-04 6.610428901998246087e-06 1.000000002493054652e+00 1.248035114368661880e-03
9.997653132482008376e-01 -2.166110354547443051e-02 -2.662772756026598737e-04 9.677693331033097035e-01 2.166112864061975340e-02 9.997653763334110044e-01 1.003473828022292529e-05 4.470758784200241920e-02 2.659974282884126776e-04 -1.580020102010840395e-05 1.000000000401749745e+00 1.894202124301802570e-03
9.995815553035142242e-01 -2.892624320111441064e-02 -2.605289379101804526e-04 1.284644120499060183e+00 2.892628322259659102e-02 9.995814972715033608e-01 3.061039555634959041e-05 6.406796026960369372e-02 2.595349813102104577e-04 -3.813352904550621088e-05 1.000000001725930954e+00 2.582169541068601859e-03
9.992705561137995574e-01 -3.818757849520923453e-02 -2.567243402751184160e-04 1.682082572651474095e+00 3.818760828082851805e-02 9.992706144240292021e-01 5.738514995198540608e-05 9.197767574301837779e-02 2.543452759634582533e-04 -6.714675205874761764e-05 1.000000001897560109e+00 3.433048221519019449e-03
9.988551564618939338e-01 -4.783692243440929026e-02 -2.577664232748835523e-04 2.086143763959783293e+00 4.783697325987027599e-02 9.988550941833482799e-01 8.319165903843249324e-05 1.244996164781901338e-01 2.534916632295368313e-04 -9.542705698091580107e-05 1.000000000149127377e+00 4.303076313101339423e-03
9.983240784600416751e-01 -5.786946415377964420e-02 -2.589612661057531448e-04 2.493861158979360226e+00 5.786950257297544808e-02 9.983241317745560339e-01 1.102435444977538728e-04 1.616846932798818026e-01 2.521473728582396007e-04 -1.250445695079168090e-04 9.999999975906487260e-01 5.182127732933139441e-03
9.975137862888544538e-01 -7.047097097877655369e-02 -2.587418111636756663e-04 2.984240574620301789e+00 7.047102510437226741e-02 9.975138361173635504e-01 1.369706726920363361e-04 2.129044752371767324e-01 2.484467435327103761e-04 -1.548637280561102026e-04 9.999999350963406641e-01 6.254056963099774435e-03
9.969705149823212542e-01 -7.778016913786911513e-02 -3.050635612395621518e-04 3.620790418267295863e+00 7.778038769121847773e-02 9.969703103892373353e-01 6.956614024699939430e-04 2.708891895251259729e-01 2.500303028661078337e-04 -7.172816764986392852e-04 9.999997273775373952e-01 7.636609958117102082e-03
9.964881207990148315e-01 -8.373437083712263751e-02 -2.724590781505100584e-04 4.215380281946302432e+00 8.373447599195402158e-02 9.964880386072096918e-01 2.647351492846396551e-04 3.295359257406106912e-01 2.493357988272474029e-04 -2.866194385703652470e-04 9.999999774980833367e-01 8.927240225106380933e-03
9.959194697539792696e-01 -9.024615341569376670e-02 -2.618613235219643780e-04 4.838366243655758403e+00 9.024625706879292608e-02 9.959194255462806566e-01 3.252395910537877349e-04 3.939677924061933956e-01 2.314411030627847423e-04 -3.475442321893403236e-04 9.999999643679109429e-01 1.031474568241819156e-02
9.952329025115934646e-01 -9.752632535089532373e-02 -2.466312077631011338e-04 5.498378786780476091e+00 9.752643825331444583e-02 9.952327681893549105e-01 3.992258790064622496e-04 4.673232503052083819e-01 2.065210853191865948e-04 -4.213756031101058394e-04 9.999999442928309001e-01 1.177471466600232830e-02
9.943585682687936522e-01 -1.060710262978975110e-01 -2.302973138434060644e-04 6.223040566623814662e+00 1.060711450441104015e-01 9.943583696438976771e-01 4.026046268504733668e-04 5.546914783847420871e-01 1.862928103586769014e-04 -4.247610043688605872e-04 9.999998873677520272e-01 1.340426016724505232e-02
9.932473028671002790e-01 -1.160170906206052371e-01 -2.235428839092956600e-04 6.994914846991095558e+00 1.160172068931030476e-01 9.932470426794821616e-01 4.014125467434717025e-04 6.561188794385869327e-01 1.754631321283468348e-04 -4.246364839748601253e-04 9.999998894032120500e-01 1.514119296529514713e-02
9.919744578284117598e-01 -1.264384503595940568e-01 -2.306301934677632459e-04 7.722708180796699295e+00 1.264385491303574582e-01 9.919743283312533189e-01 3.728690163001964464e-04 7.609777469075511558e-01 1.816347306922467967e-04 -3.990367527826724800e-04 1.000000018485917908e+00 1.678551407420014741e-02
9.904963026128483783e-01 -1.375391843587840668e-01 -3.328059273674891525e-04 8.643863186477718230e+00 1.375394806964544692e-01 9.904956551407422261e-01 9.740789031457288511e-04 9.002528366439714880e-01 1.956693696583207312e-04 -1.010594753180541448e-03 9.999995919347457463e-01 1.889500844751035302e-02
9.900739807660858816e-01 -1.405467487012816152e-01 -3.396883581944215970e-04 9.392968589603849949e+00 1.405470313075324884e-01 9.900734442858788453e-01 9.230278180500659305e-04 1.010257938657549648e+00 2.065873791370620427e-04 -9.616078424467360258e-04 9.999995797673233433e-01 2.061123179230461844e-02
9.895194316940932877e-01 -1.443999219288210900e-01 -2.846096723648012172e-04 1.025408511179943716e+01 1.444000621597622824e-01 9.895191693978824254e-01 4.393227336790985599e-04 1.141303632531197598e+00 2.181880249336940446e-04 -4.758158338007972702e-04 9.999999257410140396e-01 2.258357498767527005e-02
9.887381990196882908e-01 -1.496555543208890060e-01 -2.989225661531164351e-04 1.127253694753657953e+01 1.496557162925741535e-01 9.887379301561093348e-01 4.615335048061080213e-04 1.300276728050645314e+00 2.264849091576693100e-04 -5.010709988475663427e-04 9.999999119097364719e-01 2.491213165506600546e-02
9.878332336688647741e-01 -1.555169257373882619e-01 -3.089055549185376593e-04 1.223156173225231313e+01 1.555171017791754651e-01 9.878328933130079426e-01 4.878211839556449237e-04 1.456732211889789408e+00 2.292825939265517160e-04 -5.299258592196259962e-04 9.999998967929547566e-01 2.711553784778564236e-02
9.862882585617276376e-01 -1.650311627105529588e-01 -3.202524075555387246e-04 1.353898183199991045e+01 1.650313396069093830e-01 9.862880159464834096e-01 5.292402445918584263e-04 1.682710175380525586e+00 2.285200197354325679e-04 -5.748349481798966645e-04 9.999998730827537319e-01 3.012672884484235425e-02
9.859013678307677608e-01 -1.673271238666785010e-01 -1.640170024118363270e-04 1.491295940333120917e+01 1.673272223261914327e-01 9.859008809219502734e-01 8.722582455703578814e-04 1.916885196160418969e+00 1.575196390860114613e-05 -8.874050272872134690e-04 9.999996819739364051e-01 3.332965685470190564e-02
9.854903731683857249e-01 -1.697314128144859491e-01 5.467892544533859458e-05 1.606923295154626175e+01 1.697313872615451857e-01 9.854899682893882851e-01 5.862022797247324951e-04 2.118791590432463234e+00 -1.533818792633695656e-04 -5.684156986838567131e-04 9.999998481492190505e-01 3.603058401763470364e-02
9.849396633567831794e-01 -1.728980477161794760e-01 2.801605540562915157e-05 1.724848784881105246e+01 1.728980198063652662e-01 9.849393562695980542e-01 6.163746528188778851e-04 2.328156952130921553e+00 -1.341646036526938696e-04 -6.022476625248823767e-04 9.999999511293035104e-01 3.878342039052151691e-02
9.841117171473021674e-01 -1.775501185583342467e-01 4.900706398022405949e-05 1.853138197898910988e+01 1.775500042489906449e-01 9.841111230231026630e-01 9.918132197674340948e-04 2.561899972180058160e+00 -2.243249934382871751e-04 -9.673533289269189116e-04 9.999995999210536946e-01 4.200305793889302919e-02
9.840346308391137997e-01 -1.779736099152520179e-01 1.089337613985893278e-03 1.969676830956800373e+01 1.779714192917354887e-01 9.840337567335551983e-01 1.860868078525711438e-03 2.771332059728464525e+00 -1.403131614733408227e-03 -1.637287005833739598e-03 9.999977333223075693e-01 4.670820577347334357e-02
9.839914769000230876e-01 -1.782047740250933821e-01 1.950384190852902161e-03 2.098740789797586004e+01 1.782014571392183111e-01 9.839922280500950080e-01 1.772153838628596524e-03 3.005893072746414152e+00 -2.234969591682769898e-03 -1.396223212518351263e-03 9.999966028058526746e-01 5.092014271267619741e-02
9.839355194184167264e-01 -1.785223391222540978e-01 8.285979481112545810e-04 2.228418937964038804e+01 1.785207711868623814e-01 9.839345387707957302e-01 1.696151008182572801e-03 3.240981264083869995e+00 -1.118087314514934309e-03 -1.520980636227881912e-03 9.999983293681656837e-01 5.457005268424630628e-02
9.838700776933498870e-01 -1.788830981710833878e-01 -6.038449575538316644e-04 2.334983469051163496e+01 1.788837498724966668e-01 9.838692767351270296e-01 1.269347898549142090e-03 3.435460523749416240e+00 3.670395237150417592e-04 -1.356891390374223875e-03 9.999991077231622505e-01 5.820954596458394192e-02
9.837752057874786793e-01 -1.794032411236662627e-01 -8.537661806683374387e-04 2.463128172425790297e+01 1.794038138031966156e-01 9.837751431598988905e-01 6.337984712838125182e-04 3.671146665716973789e+00 7.262087506899936708e-04 -7.766842574136949935e-04 9.999994655199598848e-01 6.053180936175017735e-02
9.838152484701404576e-01 -1.791834445440832480e-01 -8.311746398571524591e-04 2.565071159349452401e+01 1.791838572700436283e-01 9.838153750061555680e-01 4.458631392341598021e-04 3.857123011184111050e+00 7.378315278272836071e-04 -5.875800668316339586e-04 9.999995443164160225e-01 6.186071190331166036e-02
9.838566112756952364e-01 -1.789558327463787735e-01 -9.602343308685957817e-04 2.698850799791274113e+01 1.789557778869132754e-01 9.838569346379421043e-01 -1.675807949177807610e-04 4.102010795608789451e+00 9.747230268438638679e-04 -6.963936505335048232e-06 9.999995913479861054e-01 6.374474271800867342e-02
9.839102948807899596e-01 -1.786590317955884799e-01 -1.202750843663305492e-03 2.824051591084156954e+01 1.786591345976432377e-01 9.839108585817969432e-01 -3.476946037743362951e-05 4.328666405906931303e+00 1.189611831910895780e-03 -1.806723390254790168e-04 9.999993211271442917e-01 6.499506227149565163e-02
9.839970488818668981e-01 -1.781704590087614393e-01 -2.247913306213413388e-03 2.940301228244608467e+01 1.781708321918450966e-01 9.839993600364098647e-01 -4.578982598871083064e-05 4.538360212179082254e+00 2.220104343229699091e-03 -3.554555682548012508e-04 9.999975272306640406e-01 6.446233124411593352e-02
9.842565491271526579e-01 -1.767170941014560293e-01 -3.160050170383591969e-03 3.055251455054825271e+01 1.767213376101464672e-01 9.842601701938025194e-01 1.114023691818021066e-03 4.739664949889701440e+00 2.913445076709807961e-03 -1.654933401848898483e-03 9.999943974372160760e-01 6.476199017923045531e-02
9.845991417394169831e-01 -1.748119036458434250e-01 -2.282939189622958283e-03 3.179925782993417727e+01 1.748165125946564147e-01 9.845989085125248508e-01 2.003897227535396484e-03 4.957639979247897344e+00 1.897474648972839132e-03 -2.372131003112420890e-03 9.999954029573265846e-01 6.625567953659494691e-02
9.850508178211707655e-01 -1.722638556158652412e-01 -1.869172474679672467e-04 3.303234133469369027e+01 1.722637174996304865e-01 9.850466900873013909e-01 2.815039837328447113e-03 5.169966661771457694e+00 -3.008063256444407541e-04 -2.805156629324820610e-03 9.999959996050368227e-01 6.775430429916307062e-02
9.856238546240381204e-01 -1.689536614995408303e-01 3.569658997139632658e-04 3.418613292141751714e+01 1.689506472952564675e-01 9.856152683857368757e-01 4.250316786682596312e-03 5.361307160880089739e+00 -1.069937698456469933e-03 -4.128904649711204189e-03 9.999909880007976648e-01 7.007879956958196210e-02
9.860795652334496397e-01 -1.662736296717495788e-01 2.293858726509871433e-04 3.545001740630838327e+01 1.662715325043471470e-01 9.860723304781144893e-01 3.857229005311389996e-03 5.573359910576279219e+00 -8.675461753461220261e-04 -3.765395620146124063e-03 9.999925850956016271e-01 7.431633183903674222e-02
9.866003135620772246e-01 -1.631545459469359860e-01 5.251424363540914582e-04 3.661389378430150998e+01 1.631511082245934996e-01 9.865926552692164675e-01 4.063888814937259043e-03 5.762674103447308127e+00 -1.181144104968298450e-03 -3.923757572245035151e-03 9.999916605073549958e-01 7.861019382715395132e-02
9.872382293552758314e-01 -1.592498042933703783e-01 3.234524851120692819e-04 3.775658780699457395e+01 1.592470499378705051e-01 9.872296657350636551e-01 4.217341454997475779e-03 5.943232311977356019e+00 -9.909328384952854982e-04 -4.112012494015103090e-03 9.999910831992256943e-01 8.107138910619582362e-02
9.880448667664234463e-01 -1.541590831119809824e-01 -1.478394005809201056e-03 3.890392064596928634e+01 1.541634922744901659e-01 9.880387461720769871e-01 3.585685951429673675e-03 6.119003692405826200e+00 9.079450279850270105e-04 -3.770734778082167251e-03 9.999924225817200529e-01 8.227378654965855631e-02
9.884463726553452956e-01 -1.515532191392118255e-01 -2.316806241044777701e-03 4.005417713238862376e+01 1.515609586459955860e-01 9.884411088276204849e-01 3.634231985020157374e-03 6.292503522113626957e+00 1.739247497830748385e-03 -3.943381681855893939e-03 9.999907109704718744e-01 8.551548316108492642e-02
9.890462427467400230e-01 -1.476031465980667534e-01 -8.461418947128680453e-04 4.140735086421189237e+01 1.476053074342255078e-01 9.890390438016124497e-01 3.767358625856682183e-03 6.491885853160673570e+00 2.807936262435034992e-04 -3.850987720583981533e-03 9.999925019306631357e-01 8.739250941930576388e-02
9.896879838398136009e-01 -1.432392575871163087e-01 6.063884124372612425e-06 4.256494901090168526e+01 1.432381875510998215e-01 9.896807477713217560e-01 3.823215449912370847e-03 6.655985126115864681e+00 -5.536363884482980871e-04 -3.782923167663627441e-03 9.999927145636045012e-01 8.913054328442293617e-02
9.905623948805933887e-01 -1.370611557181017348e-01 -4.133374911003639919e-04 4.378575306731724481e+01 1.370617318759737302e-01 9.905548463732531950e-01 3.862498369508833920e-03 6.819928452558969845e+00 -1.199650572475375557e-04 -3.882699361362592933e-03 9.999924477085814223e-01 9.211484838151262622e-02
9.909342071041526978e-01 -1.343454146423374018e-01 -7.099517134759104117e-04 4.503728271324083465e+01 1.343470787888337570e-01 9.909281321937933873e-01 3.470529472800627617e-03 6.988019923483667739e+00 2.372616385856804325e-04 -3.534446907907258170e-03 9.999937198867142607e-01 9.498119462603638041e-02
9.913142204766720589e-01 -1.315125832971748565e-01 -6.503009394745593768e-04 4.619378858219432971e+01 1.315141039954404734e-01 9.913071873255191457e-01 3.721388268375293729e-03 7.138394952875171562e+00 1.552381354194203131e-04 -3.774589854048866419e-03 9.999928916176973326e-01 9.732186439246071075e-02
9.918314209902451273e-01 -1.275539209529196194e-01 -5.274095325909171740e-04 4.745044098950132394e+01 1.275550010402406176e-01 9.918242845834021049e-01 3.760352313140789566e-03 7.296923290697116649e+00 4.345018953094055580e-05 -3.796911114171065867e-03 9.999927669281287734e-01 9.988991598489516122e-02
9.923749458498761777e-01 -1.232541707815302118e-01 -5.390179663336910508e-04 4.848963597703760797e+01 1.232553330334858616e-01 9.923677537232196144e-01 3.760875625598488273e-03 7.422205235351203356e+00 7.136077293909144203e-05 -3.798637014135016615e-03 9.999927588378257903e-01 1.020692049603253437e-01
9.927634339365071225e-01 -1.200851651627122679e-01 -5.435998994016067636e-04 4.974702883432200196e+01 1.200863309432299020e-01 9.927575115445960163e-01 3.411620521572104273e-03 7.571859007483953796e+00 1.299781124082286345e-04 -3.452211159705606113e-03 9.999940698831213393e-01 1.046780348100493363e-01
9.929842861904951690e-01 -1.182447992581671242e-01 -5.732264167746101884e-04 5.089736353071693742e+01 1.182461220408807662e-01 9.929775122828671252e-01 3.625817913980737377e-03 7.706598262652471831e+00 1.404666783959985089e-04 -3.668162550537460223e-03 9.999932634083882332e-01 1.070270600008584871e-01
9.932893488125025261e-01 -1.156542761566553001e-01 -5.678531842243112610e-04 5.215471727922924572e+01 1.156555993188865539e-01 9.932823711532980937e-01 3.698188706788548517e-03 7.850809542312965128e+00 1.363270441714699462e-04 -3.739046928893032147e-03 9.999930040833190370e-01 1.095901808223169738e-01
9.936551192456810622e-01 -1.124675576740262750e-01 -5.644962338230594904e-04 5.329832132323863902e+01 1.124688760804600784e-01 9.936482954683709679e-01 3.689726393307764772e-03 7.977600642423900545e+00 1.459357649175315006e-04 -3.729804461121233837e-03 9.999931564951665131e-01 1.119156760859194577e-01
9.939517573780201065e-01 -1.098155975812876023e-01 -5.392534452468496524e-04 5.456323982196253297e+01 1.098168113009557190e-01 9.939458122486702907e-01 3.422247560682964689e-03 8.115257365799527278e+00 1.601727669162424908e-04 -3.460767716242287712e-03 9.999940980704110638e-01 1.144775685597800852e-01
9.940636028831082438e-01 -1.087988183805354558e-01 -5.592520140857994669e-04 5.601919150227292477e+01 1.088001488485270812e-01 9.940569490391056862e-01 3.594115287011194482e-03 8.273258069564027650e+00 1.648933286748090166e-04 -3.633625610615325800e-03 9.999933798986165856e-01 1.174003836443238136e-01
9.941838055404266239e-01 -1.076945225468867035e-01 -5.626192395186570662e-04 5.718150258987284218e+01 1.076958752579298129e-01 9.941770446548171547e-01 3.640484621738400602e-03 8.398038730776162808e+00 1.672824318655080514e-04 -3.679902725774051187e-03 9.999933305677018991e-01 1.197541173286471583e-01
9.943643211022746842e-01 -1.060136962697507262e-01 7.966907100347894993e-04 5.843386865830940025e+01 1.060099935328313175e-01 9.943576047556779152e-01 3.790330038635114380e-03 8.530178318181688368e+00 -1.194022716986488288e-03 -3.684512163482867898e-03 9.999925961516535899e-01 1.246452068754204667e-01
9.942660128917593099e-01 -1.068955309771158907e-01 2.896007026844742930e-03 5.956638647323501345e+01 1.068880340470737544e-01 9.942674258241918084e-01 2.633632335314666992e-03 8.656056999384874828e+00 -3.160930062091412470e-03 -2.308982861674479387e-03 9.999923872838806238e-01 1.300895318542734103e-01
9.940406883815465777e-01 -1.089506336492287730e-01 3.579137320267670487e-03 6.072412043206275456e+01 1.089443620647219946e-01 9.940458872066957330e-01 1.906261691225460573e-03 8.786538084542470983e+00 -3.765515924611873705e-03 -1.504974486779810106e-03 9.999919073243935808e-01 1.342345505797599703e-01
9.937044345403662771e-01 -1.120234128029377330e-01 1.410992056794155118e-03 6.198587103713366986e+01 1.120210986563231897e-01 9.937043800480772626e-01 1.622874138760769863e-03 8.931069340322739691e+00 -1.583908862981423058e-03 -1.454596793241507693e-03 9.999978234882105355e-01 1.396599113712992946e-01
9.930629290044831192e-01 -1.175832469814456910e-01 1.191996295507328287e-04 6.344496155908160517e+01 1.175832687075424043e-01 9.930629184576280633e-01 -2.208936074312093636e-04 9.111797832559149768e+00 -9.239938805622018101e-05 2.333780769766509791e-04 1.000000075405915068e+00 1.454061600623115513e-01
9.904869062327500417e-01 -1.376047037990205946e-01 5.799454965348344124e-04 6.451138611553155044e+01 1.376055297763740248e-01 9.904853754453278869e-01 -1.777151325501868549e-03 9.277569087296207329e+00 -3.298832706106542183e-04 1.840049849407413181e-03 9.999983654139025235e-01 1.479224159302934272e-01
9.830798583896191989e-01 -1.831760883902449344e-01 4.658447233910449083e-04 6.574988786990084577e+01 1.831764772435444666e-01 9.830793864543908578e-01 -1.043099409267044973e-03 9.538774221961542565e+00 -2.668912426157177753e-04 1.110782957238475813e-03 9.999994380868351129e-01 1.502793003997744403e-01
9.674511236046119400e-01 -2.530573551560789669e-01 2.951796084030435625e-04 6.693282325868536020e+01 2.530573703082953929e-01 9.674488930381826002e-01 -2.065447756970465246e-03 9.901238919616089262e+00 2.371064330256274569e-04 2.072918687780389915e-03 9.999978551306453189e-01 1.534928425532084972e-01
9.348739660216517366e-01 -3.549785453050270934e-01 7.789814445677429580e-04 6.808128605041251546e+01 3.549793759706706964e-01 9.348712628666899782e-01 -2.244035563513854196e-03 1.041731240697218475e+01 6.833701017151381141e-05 2.374415117540526737e-03 9.999972242476837803e-01 1.560258198807522589e-01
8.821035774667321805e-01 -4.710545951350126326e-01 7.104947928892441610e-04 6.915938355268400528e+01 4.710550052587387793e-01 8.821035395318643779e-01 -5.047801902560646210e-04 1.109371353442193175e+01 -3.889509221561838191e-04 7.799510536724786527e-04 9.999996904430574762e-01 1.585249182958867742e-01
8.106938967253419781e-01 -5.854694153090038711e-01 7.613245016126160992e-04 7.009578692864442928e+01 5.854682095283144649e-01 8.106940198199126257e-01 1.367586554770307663e-03 1.189146879195160977e+01 -1.417881665786574702e-03 -6.629620107838692534e-04 9.999988709281737442e-01 1.623009385054432485e-01
7.272570850660170505e-01 -6.863644474396928263e-01 8.152037707534988062e-04 7.087623513258077423e+01 6.863629561495996345e-01 7.272573397109116655e-01 1.535276585870273000e-03 1.276921054210702167e+01 -1.646622344765182261e-03 -5.570146528414473414e-04 9.999985409729166275e-01 1.647936198358577187e-01
6.284740904459452659e-01 -7.778302269423532644e-01 4.619392369424651294e-04 7.154824497722533749e+01 7.778291583469467696e-01 6.284740227824562320e-01 1.409424307391476039e-03 1.376641058596066181e+01 -1.386608905823279343e-03 -5.264760434998235405e-04 9.999989625696689144e-01 1.681667745033934569e-01
5.170302543421080310e-01 -8.559670189745069990e-01 1.340193355338888462e-04 7.211091988988057722e+01 8.559666968478146787e-01 5.170302177336630889e-01 7.892119513942366703e-04 1.489585248613265556e+01 -7.448310145818063006e-04 -2.933303561392867475e-04 9.999998093774469243e-01 1.698473793038581814e-01
4.083464278976182138e-01 -9.128267575922237587e-01 5.457056546890683190e-04 7.250394975751657967e+01 9.128263351585707008e-01 4.083454243540065032e-01 -1.367923754684188895e-03 1.602078014105678960e+01 1.025841867305252349e-03 1.056721964321308401e-03 9.999990128490522379e-01 1.693693393697710547e-01
3.029432633194913960e-01 -9.530059547810248999e-01 -2.197442459466385049e-03 7.280972958619221913e+01 9.530071790442534718e-01 3.029458025961975220e-01 -9.457969195458721138e-04 1.724965402745869270e+01 1.567057380365026106e-03 -1.807656071434499958e-03 9.999972725394863371e-01 1.680949526708905850e-01
2.251148114850356208e-01 -9.743320345823210937e-01 -4.771472885836414439e-04 7.300211345920264705e+01 9.743320932237127252e-01 2.251149102180566020e-01 -1.547169338314245419e-04 1.839367990514026019e+01 2.581593888589845559e-04 -4.300706203201568479e-04 1.000000012860505105e+00 1.671590892290146790e-01
1.539369487400611414e-01 -9.880801581229513575e-01 -8.455954854295880032e-04 7.312682269840804850e+01 9.880800072059053862e-01 1.539358784681573444e-01 1.232401479070913304e-03 1.955727052142546540e+01 -1.087543633489854167e-03 -1.025228210971462946e-03 9.999990979937124491e-01 1.656546954773820968e-01
9.245503261707373188e-02 -9.957139357716580097e-01 -2.364488630863107507e-03 7.318651473960782994e+01 9.957159546642545545e-01 9.245162168442781769e-02 1.500123473959506099e-03 2.072392366030401689e+01 -1.275092841446838444e-03 -2.493053746968090095e-03 9.999962319823301193e-01 1.658942731398875825e-01
5.139692196250874451e-02 -9.986758620222673244e-01 -2.143209336467646799e-03 7.322099387503983792e+01 9.986769035692227847e-01 5.139327679585416891e-02 1.720158464754774656e-03 2.200973655874056334e+01 -1.607733955894667969e-03 -2.228785341500543610e-03 9.999963655111282490e-01 1.667140239819124847e-01
1.499243287896680904e-02 -9.998867136605980033e-01 -1.251540287647511700e-03 7.320668906715012270e+01 9.998850508120389335e-01 1.498966195453365659e-02 2.218535333949023594e-03 2.315925413907305241e+01 -2.199523725412540903e-03 -1.284658083731101633e-03 9.999969424232643123e-01 1.669507594218913038e-01
-1.948918842787551731e-02 -9.998088647997972478e-01 -1.503245722444767046e-03 7.315774955156535952e+01 9.998071531216393693e-01 -1.949269982068941795e-02 2.359898337926779905e-03 2.422551231009531847e+01 -2.388749952581651920e-03 -1.456963778805250897e-03 9.999962541779965353e-01 1.675910159403248834e-01
-6.473244725133647792e-02 -9.979013069987578977e-01 -1.617037674730728526e-03 7.304027603392977142e+01 9.978999311578762299e-01 -6.473592706914077510e-02 2.196970164332707944e-03 2.554777993442155548e+01 -2.297038991848948837e-03 -1.471427026364486960e-03 9.999964676154901033e-01 1.685754233800558222e-01
-8.185850207986090921e-02 -9.966380829547448750e-01 -3.416254054772566769e-03 7.293165848314139055e+01 9.966415225927377497e-01 -8.186528116268575184e-02 1.889831119168782934e-03 2.673766925000587946e+01 -2.163150044994615641e-03 -3.250083892783361961e-03 9.999925640443010355e-01 1.690315842656047174e-01
-9.746227632775270044e-02 -9.952375564697730770e-01 -1.797942906332582191e-03 7.279177403465392615e+01 9.952369959009355060e-01 -9.746565414378498271e-02 1.896152577691319384e-03 2.800098675016164407e+01 -2.062359866658299967e-03 -1.604576677870465191e-03 9.999967097872243249e-01 1.694214146591279668e-01
-1.154140090056471057e-01 -9.933157831148671235e-01 -1.789346687137454393e-03 7.263353684409109690e+01 9.933152497385997481e-01 -1.154172820667827976e-01 1.847586049937680313e-03 2.924923738494314307e+01 -2.041757136583617627e-03 -1.564148746327408742e-03 9.999968173326531096e-01 1.696644740529769102e-01
-1.369800343886974636e-01 -9.905718896421342734e-01 -1.901379938817627287e-03 7.244511165168306377e+01 9.905714251877809629e-01 -1.369836022761550254e-01 1.891531378620582484e-03 3.049984864111425864e+01 -2.134155786302634542e-03 -1.624351086495498270e-03 9.999966548822887269e-01 1.697734661546579371e-01
-1.484529268839365479e-01 -9.889139579413910308e-01 -3.282697241002753129e-03 7.224627347154833501e+01 9.889169980702913199e-01 -1.484590666137257375e-01 1.711018421236322863e-03 3.177117746878328219e+01 -2.179395796280943296e-03 -2.992310497631240664e-03 9.999933566274180619e-01 1.699262495802764672e-01
-1.530098325059692232e-01 -9.882218249833841783e-01 -2.320340229708687130e-03 7.206120164473610146e+01 9.882222141746078714e-01 -1.530141881149825467e-01 1.840519716878465974e-03 3.292390220658500510e+01 -2.173887333725878310e-03 -2.011394600729523099e-03 9.999958769607248943e-01 1.701753476022240807e-01
-1.605146170880925593e-01 -9.870311568507894595e-01 -2.100463212290394361e-03 7.181715481408940605e+01 9.870310249644186351e-01 -1.605185428428870242e-01 1.863294190502108377e-03 3.439298250438640281e+01 -2.176292375009144207e-03 -1.774137057183341462e-03 9.999962260256834989e-01 1.704019549281363677e-01
-1.691599943553507845e-01 -9.855857511019855410e-01 -2.314030228581825683e-03 7.158957155081331791e+01 9.855861283781732762e-01 -1.691643320381607529e-01 1.840322471381077322e-03 3.568506997241915712e+01 -2.205246743197989811e-03 -1.969367576989904285e-03 9.999958202373488980e-01 1.704065728212906805e-01
-1.703797073197761136e-01 -9.853744240181422365e-01 -2.773281540538274133e-03 7.137055434125393560e+01 9.853759804885614537e-01 -1.703848982174331617e-01 1.766424420861791543e-03 3.695078293739997122e+01 -2.213114917282991284e-03 -2.431762918374940404e-03 9.999947146930638908e-01 1.705628411316419957e-01
-1.715891764216165571e-01 -9.851658212533511705e-01 -2.286556382968031771e-03 7.112829474036561805e+01 9.851660777709334571e-01 -1.715934681706577369e-01 1.843239986265417414e-03 3.832924298111310435e+01 -2.208255796066781618e-03 -1.936358260094078005e-03 9.999958692322068465e-01 1.706053095711872469e-01
-1.731595221927645645e-01 -9.848907226822540828e-01 -2.372005859286315660e-03 7.090051415711776883e+01 9.848912840005797920e-01 -1.731639611637638132e-01 1.830359999956379788e-03 3.961959518372058398e+01 -2.213450891502054523e-03 -2.019223970531339434e-03 9.999956975872694720e-01 1.707748559538275757e-01
-1.744748966965966042e-01 -9.846581461644566824e-01 -2.539696403616758646e-03 7.064143549049910575e+01 9.846591065137088039e-01 -1.744796533368901392e-01 1.800613187536486293e-03 4.107702389326102832e+01 -2.216113433278195030e-03 -2.186573783045831984e-03 9.999953542700259490e-01 1.708216193323388588e-01
-1.744774789937288129e-01 -9.846579823030179313e-01 -2.425426454854369071e-03 7.039231097655769531e+01 9.846585847475193276e-01 -1.744820360816975446e-01 1.822509826382567779e-03 4.248024772354057887e+01 -2.217742928938185899e-03 -2.070230525510225340e-03 9.999956050549366759e-01 1.709184510215362440e-01
-1.744744915393496021e-01 -9.846584847949876318e-01 -2.412202612108690566e-03 7.015527792744136093e+01 9.846591163677299585e-01 -1.744790159245896699e-01 1.823842784309617250e-03 4.381804033037023771e+01 -2.216741508405086630e-03 -2.056983591473277116e-03 9.999956346992120437e-01 1.710413431250530358e-01
-1.744708548460837672e-01 -9.846590862110554676e-01 -2.430491766714688601e-03 6.993356416111001295e+01 9.846597626269932846e-01 -1.744754010965307578e-01 1.819769097519786461e-03 4.506913376222414058e+01 -2.215913785658055885e-03 -2.075711115539052333e-03 9.999955980116488341e-01 1.711304670991886656e-01
-1.739898296245744325e-01 -9.847441750705466790e-01 -2.463684696492480716e-03 6.972223556290185797e+01 9.847449352720794025e-01 -1.739944445061767375e-01 1.814566989608671146e-03 4.626748335323127748e+01 -2.215551855512680728e-03 -2.110385150427801938e-03 9.999955268027900246e-01 1.712129938571449461e-01
-1.732352568158897488e-01 -9.848772645840414564e-01 -2.435612633792196002e-03 6.948569592377072013e+01 9.848779568602543666e-01 -1.732398205746980002e-01 1.820063945362533500e-03 4.761469967136636683e+01 -2.214485214968187760e-03 -2.083482299705729634e-03 9.999955859892037946e-01 1.713278044324266780e-01
-1.722247175880593506e-01 -9.850544983445588265e-01 -2.447739272074621070e-03 6.925449787724778616e+01 9.850551033734151751e-01 -1.722293116332257179e-01 1.818868185428051346e-03 4.894150312603636621e+01 -2.213257455895534156e-03 -2.097904621269588554e-03 9.999955586296347398e-01 1.714844514290270183e-01
-1.707649213553870116e-01 -9.853085922635060889e-01 -2.465100037524074143e-03 6.902792802217624057e+01 9.853092533419939292e-01 -1.707695494258799351e-01 1.813683123484827143e-03 5.025475735849148151e+01 -2.208001294323260876e-03 -2.119173064950753346e-03 9.999955255657864139e-01 1.716605430278752564e-01
-1.686519118926148864e-01 -9.856724398961407285e-01 -2.465643229891319090e-03 6.880485246828691004e+01 9.856731719945889258e-01 -1.686565388233448592e-01 1.813835196875672852e-03 5.156741917633755889e+01 -2.203693988880030871e-03 -2.124412123459676945e-03 9.999955239509421556e-01 1.717457186809661085e-01
-1.657944373481067823e-01 -9.861570547697955380e-01 -2.471724702611904651e-03 6.857345568325483498e+01 9.861578113662582412e-01 -1.657990781153333981e-01 1.814738119824446791e-03 5.295532455002189920e+01 -2.199426752010188481e-03 -2.136637622408670868e-03 9.999955073183652843e-01 1.719026888589421098e-01
-1.615777245044550670e-01 -9.868566453535974059e-01 -2.505099996779368895e-03 6.833195278360445002e+01 9.868575071778883379e-01 -1.615824178572057845e-01 1.808202248189036453e-03 5.444625666918612694e+01 -2.189217197870951641e-03 -2.180012076805186612e-03 9.999954366843647469e-01 1.720352465111547602e-01
-1.571712452156365514e-01 -9.875682488448624952e-01 -2.419069728464429657e-03 6.813701877806821017e+01 9.875689113481682657e-01 -1.571757770589233827e-01 1.822689873479740961e-03 5.569146362211036205e+01 -2.180249946381446289e-03 -2.102524087451728297e-03 9.999956260032047961e-01 1.721771672820069377e-01
-1.541474562363668588e-01 -9.880448389531021336e-01 -2.368714997995474084e-03 6.796136390126262938e+01 9.880453919331080304e-01 -1.541518964277786286e-01 1.830797747133144308e-03 5.683271794294262236e+01 -2.174051866579624227e-03 -2.058185584764943201e-03 9.999957330371956887e-01 1.723092673418216147e-01
-1.491632725076773858e-01 -9.888092877085440380e-01 -2.517458853633242847e-03 6.774085740395169353e+01 9.888100978867117030e-01 -1.491679966148580228e-01 1.809413915903764457e-03 5.831727905058501449e+01 -2.164689618243682834e-03 -2.219391453705857851e-03 9.999954198533597127e-01 1.725684684430661697e-01
-1.430039018131383510e-01 -9.897188348311223294e-01 -2.522276466252463666e-03 6.754999410193103415e+01 9.897197502251708912e-01 -1.430086244181301147e-01 1.807084222633488502e-03 5.966739582682485832e+01 -2.149211640330092165e-03 -2.237927342156980498e-03 9.999954119405558561e-01 1.727300092291750300e-01
-1.377978791948243076e-01 -9.904578869327873569e-01 -2.181519831412625197e-03 6.736726165976443781e+01 9.904580134199231223e-01 -1.378019719032422818e-01 1.856811087113479936e-03 6.100669507273906333e+01 -2.139710866710180150e-03 -1.904839613189730513e-03 9.999961219613562324e-01 1.728851490666423185e-01
-1.341156149561092414e-01 -9.909633653779245099e-01 -2.110463756032208548e-03 6.720076248936346985e+01 9.909613230484267676e-01 -1.341209677837364445e-01 2.642016501579138102e-03 6.225326077769326361e+01 -2.901199107306078658e-03 -1.737052937337945540e-03 9.999945209638115839e-01 1.745195266647749932e-01
-1.288885240187268577e-01 -9.916481989844924128e-01 -4.638125602007079490e-03 6.703211147285480820e+01 9.912157259233975726e-01 -1.289693270420445848e-01 2.929324488223614131e-02 6.355455149174597551e+01 -2.964677332912744184e-02 -8.218201856568873405e-04 9.995602489284391989e-01 2.193613193239367654e-01
-1.222183387228796270e-01 -9.924708795073309275e-01 -8.006451490454417896e-03 6.689007361648155836e+01 9.904297932063089727e-01 -1.224802051712790552e-01 6.361801663364731463e-02 6.472134028975482067e+01 -6.411967623657120752e-02 -1.545396644019186871e-04 9.979423838381598078e-01 2.715931547889838260e-01
-1.162166839273092028e-01 -9.931980488232583504e-01 -7.144388900941803580e-03 6.673021666618726044e+01 9.904781855661650702e-01 -1.164268835169248034e-01 7.346842742459974707e-02 6.607029718606332835e+01 -7.380053352228203856e-02 1.461896779618400508e-03 9.972721883823579825e-01 3.414339111574076213e-01
-1.103771779534207659e-01 -9.938790410529820818e-01 -4.602713113845664263e-03 6.658646370807018400e+01 9.920260376149881987e-01 -1.104524765094092725e-01 6.070051939877064290e-02 6.736889935233780591e+01 -6.083737139731947019e-02 2.133941756058722883e-03 9.981456530191799015e-01 4.301337055785938723e-01
-1.036558818849886709e-01 -9.946069358766270740e-01 -3.494265450400490212e-03 6.646646442726330406e+01 9.929441725756162906e-01 -1.036847185750325584e-01 5.754413214772160362e-02 6.854394032617778976e+01 -5.759612619968050573e-02 2.495177691669192305e-03 9.983371014923939635e-01 5.027908712941475677e-01
-9.329262133230531440e-02 -9.956320848490407549e-01 -3.596835645073425715e-03 6.634529267237508066e+01 9.937016591300551482e-01 -9.333572974670904798e-02 6.201064133562942532e-02 6.989345751004650253e+01 -6.207552694658082654e-02 2.210954615270908658e-03 9.980692625460803047e-01 5.813081267423576559e-01
-8.114958140002231923e-02 -9.966940345622470332e-01 -3.932819755693082488e-03 6.625769012318853868e+01 9.947033537868578135e-01 -8.123597242306547506e-02 6.297468982638279589e-02 7.108573464334283187e+01 -6.308600680293965923e-02 1.198381209849759196e-03 9.980075575792748399e-01 6.532888953386888353e-01
-6.495245932930589217e-02 -9.978805657120431993e-01 -3.894629259124885324e-03 6.618939287014866579e+01 9.959789465244296425e-01 -6.506898252079895695e-02 6.157821251410672964e-02 7.231131748809789883e+01 -6.170114794457012830e-02 1.206876426480947925e-04 9.980949305584717601e-01 7.281179081387663121e-01
-4.226356533998783943e-02 -9.990987323738695913e-01 -3.897871694827723370e-03 6.615042907292085772e+01 9.972288831704604339e-01 -4.242285961008922246e-02 6.111308156511058992e-02 7.360281431926937046e+01 -6.122338779897933125e-02 -1.304214252999481762e-03 9.981234950867007294e-01 8.061070751790828659e-01
-7.834872252759550806e-03 -9.999607772452433485e-01 -4.084615652826524383e-03 6.616054945519326225e+01 9.980611542484705279e-01 -8.072065870049148842e-03 6.171334450024647256e-02 7.504151719025182388e+01 -6.174392120651774757e-02 -3.593180472143890029e-03 9.980857740420211455e-01 8.926013734597333382e-01
2.670880399642134792e-02 -9.996352180412387822e-01 -3.958294213174231094e-03 6.621857870074924790e+01 9.977374836963520677e-01 2.641328230703453642e-02 6.182218183986609716e-02 7.629215470844843594e+01 -6.169510850290298165e-02 -5.600535815816123225e-03 9.980795614042657915e-01 9.683634620724708153e-01
6.015382153610450422e-02 -9.981843502077297758e-01 -3.033056482521226654e-03 6.632060331730262703e+01 9.963036967774722141e-01 5.985335304168366150e-02 6.161541801824903936e-02 7.758698202774556307e+01 -6.132203958963631379e-02 -6.728253574857705720e-03 9.980956199751553903e-01 1.046872447555900143e+00
9.210553589685639697e-02 -9.957431463701117424e-01 -3.418991672822958936e-03 6.646439178385759305e+01 9.938963033322498752e-01 9.172432465791688361e-02 6.129185530874125404e-02 7.887357158791591871e+01 -6.071736855833230473e-02 -9.043447861497281096e-03 9.981142425273269447e-01 1.124112583852538760e+00
1.291888503163836077e-01 -9.916144614127295753e-01 -3.267302125652396614e-03 6.667131250538446352e+01 9.899595413615069894e-01 1.287813468878791778e-01 5.826921980032039039e-02 8.026885436085022718e+01 -5.735985229548251629e-02 -1.076223706575085703e-02 9.982958366695021679e-01 1.203329174556096559e+00
1.605091720087173102e-01 -9.870282565143024822e-01 -3.422257186980725771e-03 6.690875262398161283e+01 9.855633552180624868e-01 1.600797421194017911e-01 5.512983097954447104e-02 8.158860647747057726e+01 -5.386688489457881063e-02 -1.222169240104788168e-02 9.984735562891543514e-01 1.277815977868280051e+00
1.904268843048887994e-01 -9.816957407292744575e-01 -3.286148784794061788e-03 6.716757133914002509e+01 9.802534503093883744e-01 1.899633090920584133e-01 5.492666650015313318e-02 8.280042592047165328e+01 -5.329704638289240598e-02 -1.368078215149926002e-02 9.984852403501310869e-01 1.344655147958459418e+00
