1.000000000000000000e+00 0.000000000000000000e+00 0.000000000000000000e+00 0.000000000000000000e+00 0.000000000000000000e+00 1.000000000000000000e+00 0.000000000000000000e+00 0.000000000000000000e+00 0.000000000000000000e+00 0.000000000000000000e+00 1.000000000000000000e+00 0.000000000000000000e+00
1.000000000000000000e+00 -2.229987444701819754e-10 -2.268944626848679036e-06 -1.869739207904785872e-08 3.968070316773264494e-11 1.000000000000000000e+00 3.665167582767026033e-07 -5.771352284966724255e-10 2.268999651278136298e-06 -3.665199415081588086e-07 1.000000000000000000e+00 -3.299724585303920321e-05
1.000000000000000000e+00 -2.229987715744538006e-10 -2.268944626848616355e-06 -2.660687503652781061e-08 3.968070296098884163e-11 1.000000000000000000e+00 3.665167582767008034e-07 -8.044774577154238809e-10 2.268999651278204061e-06 -3.665199415081445678e-07 1.000000000000000000e+00 -4.599724390552673015e-05
9.999999999958024688e-01 -3.398096888939930907e-10 -4.119030791159280591e-06 -3.095294376365131939e-08 7.203385887787267017e-11 9.999999999999296119e-01 5.585104360482363919e-07 -9.618626849023787222e-10 4.118999299850938586e-06 -5.585099105860445012e-07 9.999999999957317476e-01 -5.499498925498613744e-05
9.999999408312719718e-01 -4.035236234365886128e-10 1.027301166226795724e-04 2.009143747472297292e-04 -1.796562096576754699e-09 9.999999999998711031e-01 6.632185650295877755e-07 -3.054348869521881408e-06 -1.027299810114920098e-04 -6.632298910926740522e-07 1.000000000435784742e+00 -9.304811667054657676e-05
9.999891006523017323e-01 1.584980563612274520e-04 4.667795432956155059e-03 1.822781099770964808e-02 -1.579994207113410390e-04 9.999999404616312093e-01 -1.006137973489446490e-04 7.140868245814491894e-05 -4.667811303224309386e-03 9.987508149973397880e-05 9.999891007209033011e-01 -8.019690228968645584e-04
9.999669867429543668e-01 6.633323674132020602e-04 8.098428126890528864e-03 9.114147512391368444e-02 -6.621880688867884954e-04 9.999997966175466768e-01 -1.476926402949883842e-04 -5.087032767295514898e-04 -8.098524535600573615e-03 1.423249372787033142e-04 9.999671217885583996e-01 -1.300336319434158838e-03
9.999759827509129284e-01 1.463096699827703484e-03 6.774932618975858419e-03 2.249747925552176842e-01 -1.462172269358789477e-03 9.999989099482217147e-01 -1.417488237244559669e-04 -1.805161832626107389e-03 -6.775132928999552315e-03 1.318392533754523426e-04 9.999770067593605205e-01 -1.145700307595642897e-03
9.999848815810513658e-01 2.479978865968883710e-03 4.907494192720933922e-03 3.932913594882418984e-01 -2.479233539641031037e-03 9.999968820080089582e-01 -1.720493854519775383e-04 -3.486082734567540198e-03 -4.907906199972871669e-03 1.598801027140174882e-04 9.999878663442397508e-01 -9.061242651471346221e-04
9.999811940061025251e-01 3.751631859910691761e-03 4.834068022982511252e-03 5.920369203343915920e-01 -3.750581769329036468e-03 9.999929460036037776e-01 -2.241205540142482302e-04 -5.788444026215497883e-03 -4.834874693587110778e-03 2.059856820787314409e-04 9.999882177282103379e-01 -1.084016783194030609e-03
9.999686643903824557e-01 5.394123899274592092e-03 5.781242556617340565e-03 8.397834717920855674e-01 -5.392646285806442820e-03 9.999854633187710284e-01 -2.824210643573185045e-04 -9.153562473324008963e-03 -5.782681529331045595e-03 2.512360932754546935e-04 9.999832682695840580e-01 -1.362743989473225170e-03
9.999515942728337548e-01 7.649831891914240546e-03 6.185760382789577162e-03 1.168457409054465046e+00 -7.647680771417130277e-03 9.999706552323921471e-01 -3.684140086042611431e-04 -1.431517011435882655e-02 -6.188397906934482370e-03 3.210891423043225022e-04 9.999808457223867686e-01 -1.572670200238324156e-03
9.999298781320525853e-01 1.033350802906722078e-02 5.789136983062539640e-03 1.541122615033631682e+00 -1.033103629025579687e-02 9.999465182355099513e-01 -4.755694244793648114e-04 -2.120980004178388972e-02 -5.793741758154687289e-03 4.157285710027753644e-04 9.999832001029668183e-01 -1.770309550225723783e-03
9.998820559696702803e-01 1.433399815743686620e-02 5.517883422372579956e-03 2.057696914571239155e+00 -1.433068425485119722e-02 9.998971262213114386e-01 -6.459820958066706713e-04 -3.280808794886305724e-02 -5.526575724683387668e-03 5.668307844428387490e-04 9.999845701977658763e-01 -2.034405725518606545e-03
9.998224031852189775e-01 1.797615314151024268e-02 5.655684394358274567e-03 2.489807805637299420e+00 -1.797177943394558802e-02 9.998381470822967909e-01 -8.284221615288649273e-04 -4.446686480905601146e-02 -5.669660851697826826e-03 7.266322894849950621e-04 9.999836919614838449e-01 -2.280112523462385354e-03
9.997419202538858629e-01 2.197172377086599460e-02 5.771094607171837164e-03 2.925994330563513657e+00 -2.196618471755280855e-02 9.997581361763135943e-01 -1.027372537475750242e-03 -5.831717734866563585e-02 -5.792272053479394743e-03 9.003384473751872277e-04 9.999828148039037190e-01 -2.651235170417765019e-03
9.996608498014912803e-01 2.539007451487670583e-02 5.792645728665381417e-03 3.486975340158876335e+00 -2.539135090681090071e-02 9.996775232856905946e-01 1.413907291485052729e-04 -8.026286524076428619e-02 -5.787188831537505920e-03 -2.884257634762852078e-04 9.999832951472249487e-01 -3.022192421122893435e-03
9.995688335159249593e-01 2.880491925511687729e-02 5.692515374707050532e-03 4.044794315327032486e+00 -2.880076477351757938e-02 9.995848621522215316e-01 -8.150945290498327368e-04 -9.733403020342541734e-02 -5.713630102503041569e-03 6.507943995156677307e-04 9.999834739663200356e-01 -3.180285715289832282e-03
9.994474924757317247e-01 3.275351897307055699e-02 5.644707148109144416e-03 4.635371332469683026e+00 -3.274618134679244119e-02 9.994626632088092766e-01 -1.393237517516651139e-03 -1.192714967584003194e-01 -5.687308302278730986e-03 1.207625544437645722e-03 9.999830960540320168e-01 -3.434187804965516122e-03
9.993063530538052186e-01 3.680733774002243469e-02 5.665922041128242624e-03 5.206185916948092185e+00 -3.680020791932921143e-02 9.993217695713930704e-01 -1.363039820155904479e-03 -1.449789584630512829e-01 -5.712248620293587827e-03 1.153587598897509682e-03 9.999831375847271220e-01 -3.973144416959284442e-03
9.990527839972613844e-01 4.313634672006898957e-02 5.738081970200177920e-03 6.031561580270641265e+00 -4.312856062111057598e-02 9.990684682946077144e-01 -1.479215114609247093e-03 -1.865347315068617284e-01 -5.796543752079429471e-03 1.230338339432169312e-03 9.999825107653611544e-01 -4.469624691803453231e-03
9.986187338069781871e-01 5.219780889780224059e-02 6.007158060871287467e-03 7.047732515534416819e+00 -5.218501515346249398e-02 9.986348687878462416e-01 -2.271738453259161683e-03 -2.452093286049114584e-01 -6.117537454120011708e-03 1.955116929944714782e-03 9.999794367911243320e-01 -4.957811020826152770e-03
9.980807006321432695e-01 6.160232531330031569e-02 6.343538166886763217e-03 7.942158761058840000e+00 -6.158399577146520670e-02 9.980971688395579022e-01 -3.050839889396475806e-03 -3.068711187738182855e-01 -6.519406961693978084e-03 2.654324546759283688e-03 9.999752288687469015e-01 -5.692887477778185712e-03
9.975212199310995453e-01 7.002517891053690324e-02 6.930975155479936894e-03 8.934935073888013335e+00 -7.002566223068715234e-02 9.975451780984895267e-01 -1.780452478497405620e-04 -3.938208877966132837e-01 -6.926429056580849820e-03 -3.077422821754985252e-04 9.999760349690697270e-01 -6.262421538812512622e-03
9.971537542940446253e-01 7.492064686979772736e-02 8.454863764792295427e-03 9.945710382363834867e+00 -7.493768176322726515e-02 9.971866807327366411e-01 1.710772529667865284e-03 -4.800787043693601763e-01 -8.302906100582050156e-03 -2.339490768382530405e-03 9.999628882855814416e-01 -4.944917503185708441e-03
9.965754339678656315e-01 8.158032451215686820e-02 1.350435231699575328e-02 1.098686376668971754e+01 -8.167345578742342405e-02 9.966380070204985397e-01 6.491095274923450870e-03 -5.866212588751017476e-01 -1.292940370645553720e-02 -7.571813732274405330e-03 9.998878152232228977e-01 7.825214139760561238e-04
9.957410380151356932e-01 9.048407682076702041e-02 1.768255836589351093e-02 1.217901126070486484e+01 -9.065839340648343403e-02 9.958384354058855692e-01 9.314611082050219468e-03 -7.114793876358643798e-01 -1.676615025418116620e-02 -1.087801072398537905e-02 9.998002983338131200e-01 3.459427675452708684e-03
9.946900499792323824e-01 1.014739892337197108e-01 1.717531417687347475e-02 1.337305406516129835e+01 -1.016019383239188945e-01 9.948022478430714743e-01 6.744299966314778669e-03 -8.329729660532314561e-01 -1.640167932386320943e-02 -8.453533836365096157e-03 9.998297579726236339e-01 1.436056087539716586e-03
9.938804806625128885e-01 1.096251446563197701e-01 1.357857279833009530e-02 1.457712606080325202e+01 -1.097407286080372413e-01 9.939274277716607653e-01 8.076189953749830092e-03 -9.748503598644839840e-01 -1.261076389705309032e-02 -9.516890121395331359e-03 9.998752268629065298e-01 -1.926056363929840032e-03
9.934952783975210533e-01 1.138541774839194609e-01 2.203880843624632900e-03 1.598071737411993176e+01 -1.138676298138001919e-01 9.934681153908386797e-01 7.442515029946051956e-03 -1.132406697341790336e+00 -1.342127485644629362e-03 -7.645053822069611781e-03 9.999699585799738388e-01 -2.873279374974169187e-03
9.927455990199377522e-01 1.201526393936664383e-01 -4.462845790593977444e-03 1.729605379952454669e+01 -1.201437175493486609e-01 9.927539732993740929e-01 2.225328268714748311e-03 -1.276630943379167826e+00 4.697882930752010633e-03 -1.673002797568121395e-03 9.999875988011958095e-01 -5.843024824819353924e-03
9.917378726197351169e-01 1.282591724391501931e-01 -2.419019466216977034e-03 1.864885103034941238e+01 -1.282646583375869620e-01 9.917373876128146026e-01 -2.256295886424556762e-03 -1.442531469891272122e+00 2.109637420915480566e-03 2.547926732399758733e-03 9.999945338978397658e-01 -1.198119831276978076e-02
9.915543514187962204e-01 1.296846420775690789e-01 1.480716254841212129e-03 1.970792229429256537e+01 -1.296846448155938858e-01 9.915552710080556276e-01 -1.160320388836935771e-04 -1.590048118722787285e+00 -1.483263254751034793e-03 -7.697556790818063362e-05 9.999989021359945163e-01 -1.377293912705046530e-02
9.911146396980722306e-01 1.330060586611050422e-01 1.188484745344345556e-03 2.126330826388930717e+01 -1.330048334793377252e-01 9.911148103908157259e-01 -1.069816866026116180e-03 -1.797398751125676597e+00 -1.320220625741595896e-03 9.022350623583905160e-04 9.999986877383455486e-01 -1.276862768679309923e-02
9.907152145752546879e-01 1.359540775958184289e-01 -4.556242343967822168e-04 2.229813859191821379e+01 -1.359546473474240458e-01 9.907138949542055872e-01 -1.519063212218170955e-03 -1.939521626406348176e+00 2.448665807905967104e-04 1.566901578307947204e-03 9.999987902254693362e-01 -1.331974565677285227e-02
9.898664172141518058e-01 1.420008605546852765e-01 -7.994215412844263811e-04 2.382941384881332425e+01 -1.420022145542154668e-01 9.898643691160374791e-01 -1.969080595826070562e-03 -2.160398417157591400e+00 5.117039387885565123e-04 2.062644582306141002e-03 9.999977115600586774e-01 -1.505755502044281435e-02
9.895374925238160646e-01 1.442761179935740379e-01 5.955658943413205588e-04 2.532167076704201847e+01 -1.442766974732436203e-01 9.895368647623846714e-01 1.000289417183342034e-03 -2.389668736719837483e+00 -4.450203693083016774e-04 -1.075751316302237448e-03 9.999993092496752833e-01 -1.574046583786814502e-02
9.893552537444909589e-01 1.455210370061146563e-01 4.969809936167881876e-04 2.656325515386501124e+01 -1.455209779039147167e-01 9.893550805415913807e-01 -2.440916210125576667e-04 -2.569384290943030003e+00 -5.272149212776192128e-04 1.691708739000498266e-04 9.999998974507691152e-01 -1.632474454091403793e-02
9.890803267231161877e-01 1.473791242494779108e-01 3.726373465023331231e-05 2.780799738475738181e+01 -1.473790344351137704e-01 9.890795174313917748e-01 -1.089834119638268938e-03 -2.753138381128080958e+00 -1.974795029354941926e-04 1.072439859478278162e-03 9.999993830432752917e-01 -1.716684324436101861e-02
9.889275512681308111e-01 1.484004110591791437e-01 9.062085238714316486e-05 2.885895342543652120e+01 -1.484004364616357263e-01 9.889274005767739739e-01 2.699503731136924646e-05 -2.915160465309088345e+00 -8.561525574374042040e-05 -4.014550012833826859e-05 1.000000002166222091e+00 -1.786637802310608869e-02
9.889047768782248671e-01 1.485520004526066085e-01 2.657464165140563991e-04 2.996123031727708508e+01 -1.485521454434335920e-01 9.889044510650218944e-01 5.210634459060129548e-04 -3.082569650823689056e+00 -1.853966515076894029e-04 -5.547604470174991422e-04 9.999997941438603100e-01 -1.850811545831243521e-02
9.888477638341319764e-01 1.489311355189002206e-01 2.893304964043503743e-04 3.134320001138113199e+01 -1.489311185870882126e-01 9.888475823735344283e-01 -1.781671089092977487e-04 -3.288808802087006988e+00 -3.126421637622826171e-04 1.330886046288153686e-04 9.999999138017685585e-01 -1.931337460461346467e-02
9.887420587981291531e-01 1.496310783148244450e-01 2.339127706806048296e-04 3.293834332258917641e+01 -1.496310516037801519e-01 9.887418511167155311e-01 -2.520809787343810966e-04 -3.530220412055449675e+00 -2.690022079833071281e-04 2.142411979051186141e-04 9.999999166670460182e-01 -2.031361054306968228e-02
9.886905064751578820e-01 1.499716960533452326e-01 2.554245640176395853e-04 3.417580479143632743e+01 -1.499717753171967149e-01 9.886902120158358453e-01 1.603564514795023101e-04 -3.719496469627938673e+00 -2.284906730427718540e-04 -1.968505648095170146e-04 9.999998963931573392e-01 -2.108120069986285650e-02
9.886905417867681845e-01 1.499714405680059037e-01 2.700105921917739151e-04 3.545528535547770588e+01 -1.499715195240917398e-01 9.886902512214760241e-01 1.558489656544688657e-04 -3.913640183575192388e+00 -2.435877956087073310e-04 -1.945814905268291293e-04 9.999998933902777276e-01 -2.181328262352710823e-02
9.886880593671133477e-01 1.499878127395863903e-01 2.716331672018006561e-04 3.683147494349898210e+01 -1.499878454151085949e-01 9.886879177845797617e-01 4.322667715428077763e-06 -4.121990820218616847e+00 -2.679158959228354576e-04 -4.501668601339453910e-05 9.999999165674785528e-01 -2.263198751412676124e-02
9.886815890102622628e-01 1.500304556963368563e-01 2.729123612593392211e-04 3.806583244798126486e+01 -1.500305031585566495e-01 9.886813869111616970e-01 3.708368445798461757e-05 -4.309378714637285057e+00 -2.642635262019947247e-04 -7.761036105714128118e-05 9.999999160783650254e-01 -2.342772381312197005e-02
9.886913631340007447e-01 1.499656553268598203e-01 2.765164989374967663e-04 3.932896983035356442e+01 -1.499657147142454960e-01 9.886912127553093566e-01 1.329880709922488173e-04 -4.501214215900251503e+00 -2.534495112252897948e-04 -1.729533626268792851e-04 9.999999115381853487e-01 -2.417688962603725678e-02
9.887051015644405805e-01 1.498750804597931141e-01 2.677604692951274148e-04 4.045158648699724324e+01 -1.498751412190293952e-01 9.887049004853367684e-01 7.922465789384594049e-05 -4.671191355579270343e+00 -2.528660651589653284e-04 -1.184616669409358988e-04 9.999999211093347773e-01 -2.482294956649799822e-02
9.887228842690956032e-01 1.497573944656822864e-01 2.739329614908272829e-04 4.179551456650678176e+01 -1.497574233266291410e-01 9.887228605967406381e-01 7.966026139174526416e-05 -4.874732977962850100e+00 -2.589178517332454033e-04 -1.197866459294395688e-04 9.999999194220506871e-01 -2.558607108597321655e-02
9.887452147742471498e-01 1.496099392835384401e-01 2.821902662952185492e-04 4.298560888925002388e+01 -1.496099908085081198e-01 9.887451293272733199e-01 1.231602211869873794e-04 -5.054890455392627047e+00 -2.605920208976192213e-04 -1.639937795876995712e-04 9.999999136948235501e-01 -2.635300154666286865e-02
9.887834863641363770e-01 1.493565984251650491e-01 2.908934783833815952e-04 4.418582803181258356e+01 -1.493566670429866683e-01 9.887833901931881719e-01 1.987528533337895999e-04 -5.236286449739759874e+00 -2.579494408611324239e-04 -2.399716212395040771e-04 9.999999019287721946e-01 -2.714906008271644744e-02
9.888701417311593911e-01 1.487817069893700439e-01 2.969313096241223008e-04 4.569634703949385823e+01 -1.487817901951023203e-01 9.888700339433300623e-01 2.532406016939184388e-04 -5.463445794345838102e+00 -2.559527174157249087e-04 -2.946011697005168433e-04 9.999998893427514135e-01 -2.801010628502575983e-02
9.889506778611352189e-01 1.482452121880172280e-01 3.023235313842826712e-04 4.679959885231445327e+01 -1.482453061687381002e-01 9.889506249412538530e-01 2.778870175894161882e-04 -5.628511259224553420e+00 -2.577912921610993487e-04 -3.196358628414893636e-04 9.999998815001227559e-01 -2.860545528699720563e-02
9.890974870349431569e-01 1.472629857410774346e-01 3.202123064506478471e-04 4.824101943686888205e+01 -1.472631191275197426e-01 9.890973431181825370e-01 3.909366390638504890e-04 -5.842957848812797117e+00 -2.591544984106831061e-04 -4.338311393897225569e-04 9.999998446767499605e-01 -2.958265072040799915e-02
9.892357102175189931e-01 1.463310070886671421e-01 3.056738259135932797e-04 4.969117704750531317e+01 -1.463310989799268547e-01 9.892356571590322778e-01 3.072821438036712040e-04 -6.056711164872861097e+00 -2.574222966982907626e-04 -3.487053012068181573e-04 9.999998820358781959e-01 -3.046627611151597748e-02
9.893766828483328002e-01 1.453750849585410398e-01 3.286107780416466936e-04 5.079260898991971374e+01 -1.453752369812183198e-01 9.893765214841171440e-01 4.670368381712034964e-04 -6.218355524938967704e+00 -2.572280851000435732e-04 -5.098482802143576055e-04 9.999998259346818408e-01 -3.106550722671119757e-02
9.895910924164246225e-01 1.439080237251883498e-01 3.569332939911637492e-04 5.206492213730964380e+01 -1.439082428527199975e-01 9.895908413854775931e-01 6.586865914309150000e-04 -6.403075728299791436e+00 -2.584314016321278846e-04 -7.031971623833293541e-04 9.999997271198741711e-01 -3.184242511370327655e-02
9.898754715843516294e-01 1.419387831821607993e-01 3.637285131028602332e-04 5.335385261850561989e+01 -1.419390300004002847e-01 9.898751217478231057e-01 7.181571615453123669e-04 -6.586854153583085569e+00 -2.581152545869007191e-04 -7.625146278326070271e-04 9.999996259172296842e-01 -3.267343432297353800e-02
9.900383490155821864e-01 1.407984292090797285e-01 2.917775035136406753e-04 5.461655746492662189e+01 -1.407985117228200689e-01 9.900382448525413270e-01 2.174946994527686688e-04 -6.764114042261794246e+00 -2.582517004065641047e-04 -2.564111977428593678e-04 9.999998924336521711e-01 -3.340962120832124960e-02
9.902773033484931764e-01 1.391074648682059933e-01 3.626300056574309201e-04 5.591148244577686199e+01 -1.391076966740894538e-01 9.902770890958224603e-01 7.202532848495411073e-04 -6.946540551644921457e+00 -2.589153539164299866e-04 -7.636962164830486243e-04 9.999996432032017823e-01 -3.416229860157748988e-02
9.906428420220160236e-01 1.364798703814288916e-01 4.056384324184334118e-04 5.734879569864263971e+01 -1.364802271136513756e-01 9.906423286669949757e-01 1.049905850631516245e-03 -7.144236047414770141e+00 -2.585554031604669727e-04 -1.095444299978123827e-03 9.999993305686141198e-01 -3.510637454965070958e-02
9.910161620874660127e-01 1.337423304339188657e-01 3.460190431131514852e-04 5.863176788726809008e+01 -1.337425329663451679e-01 9.910159612467833723e-01 6.431850178224194324e-04 -7.314220736053561822e+00 -2.568931148511370186e-04 -6.836852848384727521e-04 9.999997817718010440e-01 -3.587200745522345358e-02
9.912889072189483564e-01 1.317062050450091004e-01 3.234976196457313284e-04 6.037744173038640128e+01 -1.317063648069518866e-01 9.912887100727661993e-01 4.577615566643701409e-04 -7.544822618166632466e+00 -2.603932709360088022e-04 -4.963816792845142205e-04 9.999999088264628355e-01 -3.686610329026285271e-02
9.915322788654928887e-01 1.298606788558462621e-01 4.056843583553814618e-04 6.141473751978688256e+01 -1.298610476100944267e-01 9.915316728832354043e-01 1.084690781527092741e-03 -7.681280732175268078e+00 -2.613939203110607129e-04 -1.128188832834161682e-03 9.999993568357811169e-01 -3.753484961971942369e-02
9.919970196762492032e-01 1.262615970780599506e-01 4.434326591603919652e-04 6.285420613781632682e+01 -1.262621160240022522e-01 9.919959622257341625e-01 1.443147490953920840e-03 -7.863783133360128907e+00 -2.576730105877648070e-04 -1.487587254240916364e-03 9.999989527068288142e-01 -3.845651430032748230e-02
9.923107736539956703e-01 1.237720830154205864e-01 2.305703355840992290e-04 6.436923964750637595e+01 -1.237720411179446672e-01 9.923106803112129448e-01 -2.355837668847364974e-04 -8.045701772855332834e+00 -2.579598487371424038e-04 2.052331187928998113e-04 1.000000039244312688e+00 -3.931516972537729693e-02
9.925617879521292375e-01 1.217425194493201718e-01 3.454379349441656860e-04 6.585664265358201419e+01 -1.217427319619106968e-01 9.925615527423751194e-01 6.534934819231404991e-04 -8.229788112534668798e+00 -2.633142641066519738e-04 -6.906881588079888520e-04 9.999998645825877164e-01 -4.019194242582235788e-02
9.928675109033723301e-01 1.192232991329033598e-01 4.173312605354921666e-04 6.712440263331896517e+01 -1.192237529696285603e-01 9.928666310063279932e-01 1.272873922394634084e-03 -8.382425113558468865e+00 -2.626018184848426750e-04 -1.313552204048349563e-03 9.999991965674346339e-01 -4.101958082063661415e-02
9.932909022768172669e-01 1.156433167448050886e-01 4.352581663320834681e-04 6.840292849864178493e+01 -1.156438668144591231e-01 9.932896538162138134e-01 1.513310600934646795e-03 -8.529871732176021126e+00 -2.573369151071083533e-04 -1.553493498408227208e-03 9.999988830398269801e-01 -4.178989021719159425e-02
9.934290318456453495e-01 1.144508263553332683e-01 2.097036068225250846e-04 6.978855739970330774e+01 -1.144507352327431005e-01 9.934288799495674116e-01 -4.500058396210581844e-04 -8.682577509487257927e+00 -2.598329289528950644e-04 4.230472641345637934e-04 9.999999257671803310e-01 -4.253621071272473131e-02
9.935977077285942372e-01 1.129770514481178573e-01 3.319909322853313431e-04 7.103865226773507402e+01 -1.129772478955027998e-01 9.935974300937013837e-01 5.755229328271300711e-04 -8.826915324344358993e+00 -2.648482254649644975e-04 -6.093464148635377052e-04 9.999998251743048572e-01 -4.336225665515924810e-02
9.937945354963290123e-01 1.112321132012746017e-01 3.914584592304150529e-04 7.209928330022694354e+01 -1.112324963573058101e-01 9.937938828304405670e-01 1.120428673289682606e-03 -8.946083847991264548e+00 -2.644051013104283627e-04 -1.157020110318428795e-03 9.999993726160419927e-01 -4.404747142520548664e-02
9.942265001861215756e-01 1.073021249460889698e-01 3.651179495583321182e-04 7.383487120423073691e+01 -1.073024369732624717e-01 9.942260667660733908e-01 9.773724316859818892e-04 -9.131481995578955235e+00 -2.581393434266431920e-04 -1.010908263802284737e-03 9.999994836072397808e-01 -4.507818598168489288e-02
9.942910189610596472e-01 1.067030535532904195e-01 2.176768732722988010e-04 7.501836209067077732e+01 -1.067029574535646591e-01 9.942910011651967528e-01 -4.097671466959338380e-04 -9.253700936579198455e+00 -2.601612852440621671e-04 3.842001014441536019e-04 9.999998799147072903e-01 -4.582307656201201063e-02
9.944357672446975105e-01 1.053461257500881293e-01 3.293770729854088959e-04 7.652024477850646633e+01 -1.053463176131290702e-01 9.944355744208193126e-01 5.996752832558854699e-04 -9.415238143763728473e+00 -2.643745727010287446e-04 -6.310378598183754434e-04 9.999997923983731107e-01 -4.671902799403770956e-02
9.945789388927184227e-01 1.039854852818076214e-01 3.576285647452499936e-04 7.758540901297348569e+01 -1.039857701866700596e-01 9.945785177261610155e-01 8.791365729787008155e-04 -9.526524249053295534e+00 -2.642760740936877031e-04 -9.115595780991459646e-04 9.999995559020640190e-01 -4.731212355136227288e-02
9.946410433768734238e-01 1.033900650970267510e-01 2.515461207676533174e-04 7.866587017776870994e+01 -1.033900521418910229e-01 9.946409726620460967e-01 -1.205561495171656187e-04 -9.635226435128918965e+00 -2.626661701414883501e-04 9.390191444332712540e-05 9.999999362656225577e-01 -4.798559680674951977e-02
9.946819518400186189e-01 1.029953566784142516e-01 2.551044365721286838e-04 7.982319199772271645e+01 -1.029953496692561643e-01 9.946819452395986305e-01 -8.144021724907631954e-05 -9.754798837361626340e+00 -2.621394610256133476e-04 5.473183636233443190e-05 9.999999400861786514e-01 -4.869166044228423473e-02
9.947649613612074004e-01 1.021912215522599726e-01 3.090222576714546452e-04 8.131352506779282407e+01 -1.021913653485985590e-01 9.947648194647491504e-01 4.373960362888219887e-04 -9.909124892600056356e+00 -2.627102185997926562e-04 -4.666862695965149363e-04 9.999999089806266284e-01 -4.962073626982022034e-02
9.948459526786271878e-01 1.013993136795244693e-01 3.134743014261053766e-04 8.234233501317388004e+01 -1.013994695342113894e-01 9.948457889210898797e-01 4.863535899373351177e-04 -1.001355948573656107e+01 -2.625464435462322439e-04 -5.156335735884072817e-04 9.999998265863164759e-01 -5.025890404591493166e-02
9.949314974638353570e-01 1.005566326123467635e-01 2.652438600219059802e-04 8.367551766879749664e+01 -1.005566501816763519e-01 9.949314445282887442e-01 1.647386159986252103e-05 -1.014620248708145311e+01 -2.622467337343031835e-04 -4.306310183405521715e-05 9.999999510240238365e-01 -5.102369731164069222e-02
9.949508332601966210e-01 1.003653323983391549e-01 2.572117601797669273e-04 8.494804417200899138e+01 -1.003653358819056596e-01 9.949507228020700866e-01 -6.808792807095587446e-05 -1.027410276287484159e+01 -2.627505496709596987e-04 4.192832329032785354e-05 9.999999545476064844e-01 -5.181568947178738505e-02
9.949873650222792465e-01 1.000024986633233082e-01 2.879115151972092912e-04 8.621083602382834954e+01 -1.000025922303178494e-01 9.949872166906188475e-01 2.381463830313886227e-04 -1.040174570704451718e+01 -2.626569137218165797e-04 -2.657451259026683476e-04 9.999999078972776623e-01 -5.261372378679585182e-02
9.950475417722750571e-01 9.940255645809034646e-02 2.929966964163913091e-04 8.765493064943503043e+01 -9.940266550878497365e-02 9.950473798694594585e-01 2.942268030257893358e-04 -1.054589556380416759e+01 -2.623026095182960345e-04 -3.218949739809671452e-04 9.999998930778118966e-01 -5.345680198669411354e-02
9.950820557711235192e-01 9.905656868962196826e-02 2.543694114472460689e-04 8.920582998237236438e+01 -9.905657026706359003e-02 9.950818906218741322e-01 -9.700303572655157903e-05 -1.069876318542276294e+01 -2.627310535557154610e-04 7.132819487156774054e-05 9.999999002967767670e-01 -5.438268541128787881e-02
9.950906749613644964e-01 9.896935521858735152e-02 2.666478551215320796e-04 9.044165654722613112e+01 -9.896938405566677033e-02 9.950905813824927337e-01 2.790668184398378078e-05 -1.082193632933377359e+01 -2.625807324884656580e-04 -5.416039628449211549e-05 9.999999092900372366e-01 -5.519047406836352643e-02
9.951079326379675960e-01 9.879520938000452279e-02 2.771517105728470392e-04 9.174896587864726882e+01 -9.879526475742317349e-02 9.951078356637299560e-01 1.368441749186845237e-04 -1.095198704271143697e+01 -2.622800812412365463e-04 -1.635567163263424036e-04 9.999999034490415495e-01 -5.592060186008751543e-02
9.951280605705835614e-01 9.859245826812251812e-02 2.784309631501829564e-04 9.283549920479404705e+01 -9.859252635943741017e-02 9.951279037099868274e-01 1.451538175293828924e-04 -1.105953753470138246e+01 -2.627671865397245444e-04 -1.718985507656564161e-04 9.999999019573603265e-01 -5.657379183906052766e-02
9.951426590547832740e-01 9.844515256458194474e-02 2.639279728347620297e-04 9.415131459576006989e+01 -9.844517831673502140e-02 9.951425238129483208e-01 -3.258412485539744939e-06 -1.118915020574328878e+01 -2.629706401547860710e-04 -2.274059453462602118e-05 9.999999275381536989e-01 -5.739012604986504229e-02
9.951443369076355960e-01 9.842820939658949997e-02 2.646806257347441779e-04 9.544945272627334987e+01 -9.842821845917766599e-02 9.951443194676607984e-01 7.710543197994496314e-06 -1.131754897809845595e+01 -2.626403497327123196e-04 -3.372588690045893051e-05 9.999999273752420148e-01 -5.817869884013249226e-02
9.951462240396805603e-01 9.840910042903310007e-02 2.688462336213748977e-04 9.695290518405937519e+01 -9.840913920463860431e-02 9.951460882395612995e-01 5.106794294360526165e-05 -1.146635218713465498e+01 -2.625196356182904348e-04 -7.727772255479611852e-05 9.999999259383453021e-01 -5.910883551772028177e-02
9.951500436864044730e-01 9.836988086361887762e-02 2.680615612227341864e-04 9.819680960551062299e+01 -9.836990847568116703e-02 9.951499670966911237e-01 4.508125633633170895e-05 -1.158930966885331770e+01 -2.623306461800509453e-04 -7.123254122641184405e-05 9.999999264550345490e-01 -5.988250531868066773e-02
9.951517599901477107e-01 9.835371186222126305e-02 2.661798141217228499e-04 9.946261253512570022e+01 -9.835375786432896950e-02 9.951515067648204482e-01 2.746026114243072322e-05 -1.171441094695839880e+01 -2.621923544063500919e-04 -5.350763421769834551e-05 9.999999277538489384e-01 -6.063246103851627211e-02
9.951523117618510383e-01 9.834813539134953930e-02 2.669196720826229633e-04 1.005527427155035269e+02 -9.834817419842474540e-02 9.951520576607914004e-01 3.192764487278220955e-05 -1.182219519631755844e+01 -2.624894849460426599e-04 -5.802466152984409286e-05 9.999999274342337152e-01 -6.128583692719291598e-02
9.951528861661349534e-01 9.834232334208310722e-02 2.675131737235358670e-04 1.021371280344394989e+02 -9.834236166616308616e-02 9.951527515599701834e-01 3.669002547970558100e-05 -1.197885546412677371e+01 -2.626121345455493562e-04 -6.282078780308703253e-05 9.999999271237608456e-01 -6.229107419106671983e-02
9.951519184357723313e-01 9.835211824788724078e-02 2.656374758982520579e-04 1.033042962110664291e+02 -9.835215588524533203e-02 9.951517245661130051e-01 2.339179870308649760e-05 -1.209422863085691446e+01 -2.620527877347284440e-04 -4.940514670988304432e-05 9.999999281134590579e-01 -6.297018781826313472e-02
9.951442356394307742e-01 9.842925345164636741e-02 2.666628600966615653e-04 1.047941218814582811e+02 -9.842928355321632627e-02 9.951441012011474907e-01 2.314161641803157539e-05 -1.224161077217489790e+01 -2.630939620988701324e-04 -4.927741512512656441e-05 9.999999278469269282e-01 -6.378905546636515211e-02
9.951341708808960629e-01 9.853102008980527127e-02 2.638348727494315977e-04 1.061174334475415293e+02 -9.853104113251627549e-02 9.951339769616703856e-01 -3.973803043293406385e-06 -1.237256136320804600e+01 -2.629464713664809083e-04 -2.204220037810583841e-05 9.999999292285616237e-01 -6.473089715591617832e-02
9.951234840071024879e-01 9.863836308211937354e-02 2.605217044013410704e-04 1.071469239191034291e+02 -9.863837372039889473e-02 9.951233490988800057e-01 -2.495320780740673957e-05 -1.247458807878477138e+01 -2.617163974945254669e-04 -8.666644229181636040e-07 9.999999300193435081e-01 -6.533747551308222157e-02
9.951051210354260323e-01 9.882360571023571238e-02 2.600734017663006094e-04 1.084875927484242482e+02 -9.882363003815411440e-02 9.951049276354095863e-01 -3.108863549011931280e-05 -1.260778266145468152e+01 -2.618764888947292500e-04 5.234325324458353217e-06 9.999999299830414357e-01 -6.606983927864384931e-02
9.950831712536366558e-01 9.904462748473072398e-02 2.609911488348007889e-04 1.099444648245790148e+02 -9.904465045574038784e-02 9.950829780085409526e-01 -3.348905952159439702e-05 -1.275286301207574269e+01 -2.630286603714932772e-04 7.473886926910395178e-06 9.999999296697311690e-01 -6.698569724119440849e-02
9.950574485150075477e-01 9.930247094339030023e-02 2.564450085224186668e-04 1.111988817590960537e+02 -9.930248136223897293e-02 9.950573134948068610e-01 -7.477956833770268877e-05 -1.287806003498201690e+01 -2.626071026499156281e-04 4.894360240023822836e-05 9.999999294734854827e-01 -6.776571671766551397e-02
9.950183271541681584e-01 9.969389748940860052e-02 2.511914197274819384e-04 1.125718554864164531e+02 -9.969389688349467038e-02 9.950181286604916631e-01 -1.219868205642000102e-04 -1.301568611420404054e+01 -2.621051570689503468e-04 9.633614557258075764e-05 9.999999272906409109e-01 -6.855064646130171191e-02
9.949753583466608431e-01 1.001215459586375089e-01 2.622012499955872120e-04 1.140357515163463802e+02 -1.001215598974296433e-01 9.949752314944557696e-01 -1.792664342722964557e-05 -1.316357997800588642e+01 -2.626824257191927303e-04 -8.416183022776049493e-06 9.999999372189606328e-01 -6.945676519108157088e-02
9.949398624162012483e-01 1.004737047381576570e-01 2.559007966790544184e-04 1.152801434700016898e+02 -1.004737122013087680e-01 9.949397353548209422e-01 -7.781197658378796256e-05 -1.328929148046372255e+01 -2.624277719376790614e-04 5.170625733580275500e-05 9.999999377974508885e-01 -7.023767500901789695e-02
9.948904627507841880e-01 1.009623130243884753e-01 2.446450907553715743e-04 1.165317369436283172e+02 -1.009622996771344788e-01 9.948902080836458106e-01 -1.846360606328117449e-04 -1.341627669961174973e+01 -2.620400646078653410e-04 1.589918640000146906e-04 9.999999323656755257e-01 -7.098192439777561979e-02
9.948138572158599091e-01 1.017142753848769565e-01 2.339012365443208152e-04 1.178279743308275016e+02 -1.017142250060826952e-01 9.948136420847061290e-01 -2.879473560146839735e-04 -1.354893570764613209e+01 -2.619803152802586423e-04 2.626621108307561803e-04 9.999999159192012321e-01 -7.177321567742245279e-02
9.947457641084972435e-01 1.023778263131099459e-01 2.675830673504495474e-04 1.193168559625921432e+02 -1.023778637039439582e-01 9.947456448278317875e-01 3.916152046866857022e-05 -1.370362782829309012e+01 -2.621716760133670373e-04 -6.635105387632236451e-05 9.999998830215712786e-01 -7.265936704492492737e-02
9.946784277809102015e-01 1.030298266321405948e-01 2.455701041010982066e-04 1.207866289219522855e+02 -1.030298018994782322e-01 9.946783166341588434e-01 -1.764913003766344014e-04 -1.385555176691139323e+01 -2.624508980809726086e-04 1.502502501613958230e-04 9.999998973573172023e-01 -7.354794836573286254e-02
9.946283483920626001e-01 1.035127553563146702e-01 2.322941253439859998e-04 1.215768067557070964e+02 -1.035127044091229964e-01 9.946281556322502659e-01 -3.009521666116556798e-04 -1.393782195517056444e+01 -2.622025857728939031e-04 2.752894264697762277e-04 9.999998786513388804e-01 -7.407921414989360187e-02
9.945270617964628856e-01 1.044813893288822904e-01 2.311006252423620144e-04 1.229037081594932488e+02 -1.044813387066630544e-01 9.945268690756049468e-01 -2.998085506742863759e-04 -1.407779338603733521e+01 -2.611640242138295450e-04 2.740211551196429312e-04 9.999998792727600172e-01 -7.490008362534905650e-02
9.944800610397714902e-01 1.049281138299931887e-01 2.658702220291749127e-04 1.241723776961770227e+02 -1.049281540569179522e-01 9.944798491317217159e-01 2.891978571731659999e-05 -1.421294943667316346e+01 -2.613720083517590670e-04 -5.665813595119993554e-05 9.999998505834963858e-01 -7.561860431159517226e-02
9.944102712650916276e-01 1.055873575671231607e-01 2.391782373149161376e-04 1.254372646687433814e+02 -1.055873279475871840e-01 9.944100670903370798e-01 -2.309030563464877731e-04 -1.434686380848645548e+01 -2.622255138225824543e-04 2.043573908099935064e-04 9.999998651943092787e-01 -7.636883650412773505e-02
9.943013932064505012e-01 1.066077167788387903e-01 2.224354427087708408e-04 1.268292247051194153e+02 -1.066076490451243197e-01 9.943011528440713898e-01 -3.865958039036580460e-04 -1.449617278536140041e+01 -2.623858355238998662e-04 3.606785089268422563e-04 9.999997736443626550e-01 -7.718311706446456810e-02
9.941752744633008954e-01 1.077767373838440235e-01 2.220221741560250196e-04 1.280350965940175456e+02 -1.077766587667775972e-01 9.941751551418051003e-01 -3.795825325067301702e-04 -1.462769801436242645e+01 -2.616428628630191808e-04 3.534419560583210184e-04 9.999997764475884177e-01 -7.797350261869229193e-02
9.941350935389927646e-01 1.081467351155462192e-01 2.647238343550199356e-04 1.290979391533483636e+02 -1.081467795510806795e-01 9.941350441040226471e-01 1.238728787078915473e-04 -1.474514866460806317e+01 -2.497786438131945758e-04 -1.517760713474350723e-04 9.999998388601369914e-01 -7.861310098656804080e-02
9.940592560645242770e-01 1.088350397358893440e-01 -1.229779961530981427e-03 1.303600806493858499e+02 -1.088351783257908573e-01 9.940599165346138966e-01 -3.726274848917107766e-05 -1.488279295319969364e+01 1.218414840450690725e-03 1.708839268473971815e-04 9.999991219689436939e-01 -7.919255182197160181e-02
9.939562683225388051e-01 1.096053440996102996e-01 -6.162338341938363752e-03 1.313955178514633531e+02 -1.096055016772064378e-01 9.939751868616485408e-01 3.154622648670126774e-04 -1.499697121731138694e+01 6.159782441238775483e-03 3.618696568333753020e-04 9.999807906053337359e-01 -7.933548656590039272e-02
9.937940698216553015e-01 1.111165030561362815e-01 -5.187410152268904888e-03 1.327916523923905174e+02 -1.111172810251012111e-01 9.938073856720781585e-01 1.418274708408411922e-04 -1.515371767858663077e+01 5.171040637402379153e-03 4.354627675282892016e-04 9.999863764812636502e-01 -8.084013787078658808e-02
9.937545253510274845e-01 1.115723005005892637e-01 2.013933691241181784e-03 1.339414620796444240e+02 -1.115725274131262046e-01 9.937563478423206975e-01 -1.156036949084753647e-05 -1.528517751996902518e+01 -2.002651633864359695e-03 -2.132121799845153873e-04 9.999978266548775752e-01 -8.200946685901788769e-02
9.937001677865121563e-01 1.120722661518482183e-01 4.100559356978566972e-04 1.349106746485292661e+02 -1.120722415846445025e-01 9.937000973766393352e-01 -1.237306803283671108e-04 -1.539402094239807361e+01 -4.213424666862827231e-04 7.699461794541634201e-05 9.999998037716725241e-01 -8.171325282819852376e-02
9.935809850642794983e-01 1.128494014167577136e-01 -7.895522035207762357e-03 1.360738097326277511e+02 -1.128481329791543170e-01 9.936121937939610405e-01 6.091995513434841523e-04 -1.552603147305970843e+01 7.913828131012021899e-03 2.857049451180517061e-04 9.999685507271898199e-01 -8.183063551478286790e-02
9.934680297094106161e-01 1.140965226540674171e-01 -1.922486520784080517e-03 1.373462508268573572e+02 -1.140969000392267202e-01 9.934697087437477370e-01 -7.923710074074381815e-05 -1.567298764861477878e+01 1.900888657515982516e-03 2.980683535249106461e-04 9.999980114237324580e-01 -8.412521384035720473e-02
9.933312302171082298e-01 1.152765892789162361e-01 2.206597002304251220e-03 1.385822932914721832e+02 -1.152765755877715736e-01 9.933335258655877631e-01 -1.414147920062928769e-04 -1.581872414628584878e+01 -2.208190654702374845e-03 -1.138978945003182413e-04 9.999974211273512381e-01 -8.426174240904571455e-02
9.933009680422827392e-01 1.154926495353816723e-01 -3.887486201792366130e-03 1.393117963103619559e+02 -1.154907617969194583e-01 9.933083754465026338e-01 7.121571363743855717e-04 -1.590427221738963937e+01 3.943716899521656702e-03 -2.584182751902380608e-04 9.999920943484355007e-01 -8.366805295298074263e-02
9.932223577792836933e-01 1.159842922763510004e-01 -7.571189695297793169e-03 1.403053290574029575e+02 -1.159818408005756363e-01 9.932510696248160187e-01 7.656363162575509492e-04 -1.601956547752233107e+01 7.608888455906734523e-03 1.176726283485601213e-04 9.999709408418960832e-01 -8.491353600917017630e-02
9.931875087492378906e-01 1.165276610301615029e-01 -5.529223204632811991e-04 1.411155515084588217e+02 -1.165277826261588712e-01 9.931874864889315146e-01 -1.611459914639757685e-04 -1.611480844220622899e+01 5.303751683634751017e-04 2.244781455151879945e-04 9.999996942864519678e-01 -8.650984234011538376e-02
9.930828337638361036e-01 1.173803157419407300e-01 2.958847365688732026e-03 1.421294040844807398e+02 -1.173792452411571013e-01 9.930870953993086170e-01 -5.384811139065491742e-04 -1.623546567985540534e+01 -3.001601500512138688e-03 1.874483233471710582e-04 9.999953763245728044e-01 -8.646460597031868645e-02
9.930025170518198552e-01 1.180740369769402859e-01 -2.244320810813934391e-03 1.427711185646931256e+02 -1.180742932964106151e-01 9.930047309025785696e-01 3.364583862487723152e-05 -1.631237586090147929e+01 2.232590762303657706e-03 2.315853864170514052e-04 9.999973111264897074e-01 -8.588265195803024277e-02
9.929506090386583939e-01 1.183019186590553579e-01 -7.360915669453702535e-03 1.437460258459790907e+02 -1.182966816126126003e-01 9.929776909429188780e-01 1.146897716810054693e-03 -1.643031194617507396e+01 7.444899222532600468e-03 -2.680415310412163216e-04 9.999720812797051606e-01 -8.686869718323642076e-02
