1.000000000000000000e+00 0.000000000000000000e+00 0.000000000000000000e+00 0.000000000000000000e+00 0.000000000000000000e+00 1.000000000000000000e+00 0.000000000000000000e+00 0.000000000000000000e+00 0.000000000000000000e+00 0.000000000000000000e+00 1.000000000000000000e+00 0.000000000000000000e+00
9.999998846816782194e-01 4.785644618548915243e-04 -4.015843015478453784e-05 2.701316565971848549e-01 -4.785637225269808912e-04 9.999998853187728187e-01 1.841787032069231158e-05 -1.082641300260725426e-03 4.016723968705632539e-05 -1.839864983005856390e-05 9.999999990240413528e-01 1.216221756475288629e-03
9.999994241318685972e-01 1.061572530132319113e-03 -1.574792629120310144e-04 4.512084307784248738e-01 -1.061566295749909053e-03 9.999994357516207577e-01 3.966689981166545440e-05 -1.265383665095340480e-03 1.575212833449413530e-04 -3.949970229406349597e-05 9.999999868134096248e-01 5.096205411021514919e-04
9.999990929563700170e-01 1.336283680177569174e-03 -1.686190637890296745e-04 7.723355989369119490e-01 -1.336273603008755143e-03 9.999991053943448893e-01 5.986144288093356807e-05 -2.659977264347706920e-03 1.686989048096842114e-04 -5.963606738323429669e-05 9.999999839921096534e-01 2.576110588845104132e-03
9.999987249230585240e-01 1.579388704935295613e-03 -2.359737317923511616e-04 1.069186393258566126e+00 -1.579387822385719875e-03 9.999987527585801894e-01 3.926333696720697395e-06 -3.214118190065647432e-03 2.359796386824866568e-04 -3.553634655368496373e-06 9.999999721504909678e-01 4.444253351700400145e-03
9.999983020648538501e-01 1.817001569348609437e-03 -3.072014543079685253e-04 1.365484716948305088e+00 -1.817017746421568415e-03 9.999983478496203837e-01 -5.238860129880194242e-05 -3.834619297559453688e-03 3.071057565936645179e-04 5.294670283686247147e-05 9.999999514413497881e-01 6.326831858805004316e-03
9.999969541142049723e-01 2.432982855795280761e-03 -4.151587105355414808e-04 1.559646206862832063e+00 -2.432998278488113664e-03 9.999970395837810555e-01 -3.664791199840090825e-05 -4.601587711532659913e-03 4.150683177510435125e-04 3.765788079880457448e-05 9.999999131500844074e-01 5.949686668580866922e-03
9.999960733585337991e-01 2.752662722939126436e-03 -5.254669066012208943e-04 1.798126579033646255e+00 -2.752692917265141606e-03 9.999962097235499670e-01 -5.674732374330874253e-05 -4.916390666665410025e-03 5.253087086935454095e-04 5.819354994568671721e-05 9.999998603321265112e-01 6.657772432177910815e-03
9.999947587354632850e-01 3.181678280199881810e-03 -5.995205950545180089e-04 2.057650486492204056e+00 -3.181730777296388948e-03 9.999949345292827863e-01 -8.663172289560521085e-05 -6.111472438348882971e-03 5.992419239290917941e-04 8.853878196183019242e-05 9.999998165349841539e-01 7.810702599041263738e-03
9.999934105134985485e-01 3.568368405318466004e-03 -6.675900923870386897e-04 2.329171969293592159e+00 -3.568449346507112947e-03 9.999936258532815536e-01 -1.200920215763245637e-04 -7.447180052218217022e-03 6.671573044945295619e-04 1.224734916565555333e-04 9.999997699506617543e-01 9.267214577285187715e-03
9.999922388431574660e-01 3.870922393761026554e-03 -7.336302197347969621e-04 2.616724999534219886e+00 -3.871042811057644542e-03 9.999924942353096702e-01 -1.627901303231601461e-04 -8.757088231040811160e-03 7.329945653185752051e-04 1.656287808670901395e-04 9.999997176429981094e-01 1.111365392997942791e-02
9.999914290434662734e-01 4.067788172052973564e-03 -7.713229040511388130e-04 2.969466131107396212e+00 -4.067905183304930394e-03 9.999917147602936929e-01 -1.501939241703149452e-04 -1.085026938435367655e-02 7.707055563882371334e-04 1.533303052996210034e-04 9.999996912513346992e-01 1.322989757462345040e-02
9.999908273288079519e-01 4.196668127078258259e-03 -8.562913676941184436e-04 3.263757714648057640e+00 -4.196846106589084517e-03 9.999911719517942110e-01 -2.061583438820219661e-04 -1.177147032293430692e-02 8.554186301622960847e-04 2.097501759473681415e-04 9.999996121318411868e-01 1.519506856096830560e-02
9.999901804116709814e-01 4.340994230034563375e-03 -8.915432450176570545e-04 3.586143742975421489e+00 -4.341206272488337681e-03 9.999905490619112047e-01 -2.360402195725923367e-04 -1.348330165649240867e-02 8.905101698669996542e-04 2.399082748776776340e-04 9.999995747177390371e-01 1.747035791209583522e-02
9.999890274227430931e-01 4.577638109532459684e-03 -9.951198344748586090e-04 3.844934326653593804e+00 -4.577910410470958577e-03 9.999894844483293577e-01 -2.715309693268642423e-04 -1.419525222322869616e-02 9.938663997284301940e-04 2.760835593772225944e-04 9.999994680035834138e-01 1.879543428712304731e-02
9.999877490222326415e-01 4.813385107221352342e-03 -1.154612181692758234e-03 4.284669010949437862e+00 -4.813766164949467852e-03 9.999883601385997078e-01 -3.274792418492535550e-04 -1.691735686712469294e-02 1.153022458462347371e-03 3.330332629564102215e-04 9.999992798137700145e-01 2.124709282044712211e-02
9.999877641704125741e-01 4.800669081901714173e-03 -1.193769599846204081e-03 4.621371952196387412e+00 -4.801141021652534889e-03 9.999883973152311478e-01 -3.927847200011246108e-04 -1.833888723412759048e-02 1.191870119453691552e-03 3.985113701446450166e-04 9.999992103168425794e-01 2.350555576058122043e-02
9.999872675452866622e-01 4.871216102449730384e-03 -1.317573917010526809e-03 5.122460479495076768e+00 -4.871776624054574914e-03 9.999880435526296019e-01 -4.225450746449507843e-04 -2.151982417469949088e-02 1.315499855136712448e-03 4.289586204124278207e-04 9.999990427268596882e-01 2.596275329812458565e-02
9.999866343272939551e-01 4.980914363713442525e-03 -1.386239122468420001e-03 5.646993479549189843e+00 -4.981477905653191977e-03 9.999875110071514417e-01 -4.033703361971097113e-04 -2.522374563928020397e-02 1.384212656637465004e-03 4.102704644358620158e-04 9.999989578161918580e-01 2.849814960813557008e-02
9.999864733671541828e-01 4.991660466430369349e-03 -1.461645833366551463e-03 6.002036644824622513e+00 -4.992360355608876053e-03 9.999874250018381261e-01 -4.755799652842469111e-04 -2.667043549076191303e-02 1.459253519462539806e-03 4.828705949952201296e-04 9.999988187068807877e-01 3.079485996782649337e-02
9.999862130112726621e-01 4.992889649879920198e-03 -1.626296513684076777e-03 6.458356116493092713e+00 -4.993785842448137009e-03 9.999873811103545673e-01 -5.474696746657095560e-04 -2.900742998812986043e-02 1.623542535956566408e-03 5.555835032072431370e-04 9.999985277172200870e-01 3.323317802034431168e-02
9.999869934685982065e-01 4.805634056145149761e-03 -1.708442268623752919e-03 6.982494953829088580e+00 -4.806495718522434298e-03 9.999883234271105259e-01 -5.006080055753458916e-04 -3.181129792161187242e-02 1.706016580993784202e-03 5.088131148453636831e-04 9.999984153070656800e-01 3.566256773926124168e-02
9.999855494771322517e-01 5.084705258114500387e-03 -1.745453921069903833e-03 7.525596094169099359e+00 -5.085520029770819982e-03 9.999869616235168568e-01 -4.626759406994884229e-04 -3.624778908324571836e-02 1.743078592396937613e-03 4.715457956609415101e-04 9.999983696594642035e-01 3.856570819823934571e-02
9.999858757416807409e-01 5.000916676471944648e-03 -1.799763754859449918e-03 8.112127326456979759e+00 -5.001656745636849297e-03 9.999874088364761882e-01 -4.069377612721950324e-04 -4.020394391799296530e-02 1.797706031903956950e-03 4.159338140972687137e-04 9.999982976245950228e-01 4.157538020161233305e-02
9.999853542315789712e-01 5.086066840734821369e-03 -1.850201737539151599e-03 8.656740953695452490e+00 -5.086729178128500568e-03 9.999870000445933993e-01 -3.534517158523199274e-04 -4.423025982659044286e-02 1.848380005948138194e-03 3.628580144381823944e-04 9.999982259111352967e-01 4.437711388977572113e-02
9.999864434402491176e-01 4.842765570280696541e-03 -1.913258317199379539e-03 9.258664108573846363e+00 -4.843331421185366296e-03 9.999882285936595450e-01 -2.912299660188402781e-04 -4.785207140610656801e-02 1.911825437006938041e-03 3.004925620612774800e-04 9.999981273121073544e-01 4.745458824074821891e-02
9.999868004473823069e-01 4.751810824419717798e-03 -1.954283738782172826e-03 9.908068100231922415e+00 -4.752300371859433104e-03 9.999886775151556328e-01 -2.459323065017347213e-04 -5.175951397230625639e-02 1.953092987639174459e-03 2.552164036381974685e-04 9.999980601443044792e-01 5.115719090325354657e-02
9.999870647707637117e-01 4.682486575063411413e-03 -1.986104393612945877e-03 1.059115621521955930e+01 -4.682915548657925683e-03 9.999890127473404222e-01 -2.113920463167177661e-04 -5.568752465118870926e-02 1.985092731364339249e-03 2.206900710526022000e-04 9.999980053493824350e-01 5.509783338505780392e-02
9.999861586922497159e-01 4.866544378200697747e-03 -1.999792431613146067e-03 1.130135577259733992e+01 -4.866972473546180358e-03 9.999881343243890441e-01 -2.092591773412117264e-04 -6.023274426989055907e-02 1.998750333652910948e-03 2.189892156323389432e-04 9.999979785183719105e-01 5.918709664928023528e-02
9.999865092719145698e-01 4.779375119004259341e-03 -2.034415807723596262e-03 1.198267962298482914e+01 -4.779734624008658006e-03 9.999885622306100563e-01 -1.718863439145295322e-04 -6.419359273309543923e-02 2.033571029230474021e-03 1.816079927127513011e-04 9.999979158015326330e-01 6.315106359390565416e-02
9.999856314014685665e-01 4.955648737853928995e-03 -2.044146821801449531e-03 1.271874752508370321e+01 -4.956045176429087554e-03 9.999877008873799822e-01 -1.889185404961364232e-04 -6.893409480599196892e-02 2.043185466683865477e-03 1.990467099919031649e-04 9.999978928845595361e-01 6.722792289210088867e-02
9.999847646005802781e-01 5.123991961674297102e-03 -2.053113035117675768e-03 1.345771250355734239e+01 -5.124420509092847929e-03 9.999868493596794083e-01 -2.035244012061435690e-04 -7.380911757736771661e-02 2.052043177972003377e-03 2.140423149695597194e-04 9.999978716500781406e-01 7.134990421825682105e-02
9.999828044499833313e-01 5.498045784235577535e-03 -2.040170811965561198e-03 1.425298421169170027e+01 -5.498604725290218327e-03 9.999848465228867722e-01 -2.684598908427679063e-04 -7.962293769133485521e-02 2.038663891514823790e-03 2.796733673888554257e-04 9.999978828139328701e-01 7.555350131731808361e-02
9.999645904455100043e-01 8.165697244851223904e-03 -2.034513128441908097e-03 1.517206579967931290e+01 -8.166565658651234877e-03 9.999665653052612901e-01 -4.188997021349685768e-04 -9.055923149120677362e-02 2.031024496973835979e-03 4.354998541243919265e-04 9.999978426373593576e-01 8.107940356637755031e-02
9.999604430794885035e-01 8.667836978788472091e-03 -1.995213874432959656e-03 1.601297357554545187e+01 -8.668894163265465289e-03 9.999622882762150278e-01 -5.218231525875700015e-04 -9.946745438035869968e-02 1.990615553461299626e-03 5.390988087757134012e-04 9.999978734088368348e-01 8.540270217588252777e-02
9.999495580032462527e-01 9.854202301405740050e-03 -1.943230850352074780e-03 1.689251543758699370e+01 -9.855501634654369875e-03 9.999512154169591938e-01 -6.602073129086263132e-04 -1.105030171855955756e-01 1.936630234224260162e-03 6.793255255502127698e-04 9.999978939878672035e-01 9.009529424746176574e-02
9.999488872386927962e-01 9.920923872426129497e-03 -1.948891900482446326e-03 1.768436483751155919e+01 -9.922312467174216818e-03 9.999505247324012025e-01 -7.041326011181830080e-04 -1.193173311561207123e-01 1.941809832603607656e-03 7.234341253525093099e-04 9.999978530065171123e-01 9.400473973202183586e-02
9.999451021055798527e-01 1.030171183315534492e-02 -1.915073992325180136e-03 1.861305265403187548e+01 -1.030327250697948317e-02 9.999465943422395364e-01 -8.068698968619874429e-04 -1.298913222228760822e-01 1.906659575377417370e-03 8.265571306126171924e-04 9.999978407239574762e-01 9.841087436087514462e-02
9.999007514456241807e-01 1.395260080381221200e-02 -1.952482862054971203e-03 1.963338812384858301e+01 -1.395447888439543815e-02 9.999021787049807708e-01 -9.515987273474655738e-04 -1.480014550685447294e-01 1.939014590488126900e-03 9.787501634150809655e-04 9.999976411324875691e-01 1.045319405786453437e-01
9.998608464131225615e-01 1.656734604602172478e-02 -1.952141229715125730e-03 2.059812635757085175e+01 -1.656949838491406091e-02 9.998621205765354514e-01 -1.091585920282564298e-03 -1.672259532996745179e-01 1.933787387947718183e-03 1.123780023134522297e-03 9.999974987892733536e-01 1.100302921354261443e-01
9.997852592368943192e-01 2.062590284786189679e-02 -2.001885092858799332e-03 2.161772764175708872e+01 -2.062841682302111318e-02 9.997864384020394013e-01 -1.243385032127324735e-03 -1.924174334482688098e-01 1.975811628195986176e-03 1.284413746808008320e-03 9.999972232210150302e-01 1.164580355053304039e-01
9.997661427174919790e-01 2.153652201558270418e-02 -1.959105621451969793e-03 2.255153479370647673e+01 -2.153921890500029926e-02 9.997670708260745220e-01 -1.366067490307454032e-03 -2.144766135997769052e-01 1.929228946006867739e-03 1.407945630317890837e-03 9.999971478783222789e-01 1.210075642251684513e-01
9.997451687630279915e-01 2.249269698512570276e-02 -1.917320237000467564e-03 2.349143284151967848e+01 -2.249556266539794527e-02 9.997458378415217117e-01 -1.486397823746729227e-03 -2.376124413301414218e-01 1.883399830889707959e-03 1.529150240694526547e-03 9.999970572479808251e-01 1.255379836309469255e-01
9.997368715336568679e-01 2.286090663414549681e-02 -1.888555939784898868e-03 2.445217463823510329e+01 -2.286390867924840281e-02 9.997373324472244027e-01 -1.583600577757290472e-03 -2.605179577958622317e-01 1.851857332453366641e-03 1.626363657912088334e-03 9.999969627782255843e-01 1.298560369820584981e-01
9.997140758278175721e-01 2.384041053019041179e-02 -1.844293107549938027e-03 2.540945553565089909e+01 -2.384355537898662919e-02 9.997142525127443724e-01 -1.702406929716357561e-03 -2.853426524455612290e-01 1.803180025324787336e-03 1.745894675272742242e-03 9.999968501918305996e-01 1.343031972929611406e-01
9.996743987520708696e-01 2.545156934775243823e-02 -1.820466148771521762e-03 2.636603019556086025e+01 -2.545489703223512146e-02 9.996742989407501057e-01 -1.828730153236194332e-03 -3.122071869325544480e-01 1.773329168694676638e-03 1.874474494787305634e-03 9.999966708189739206e-01 1.390479417523731165e-01
9.996484475298894612e-01 2.645432190158658256e-02 -1.774881236488888439e-03 2.728326295995356787e+01 -2.645778129837902948e-02 9.996480204015185667e-01 -1.954767424957678905e-03 -3.386038442301235740e-01 1.722544467793101896e-03 2.001039641230956383e-03 9.999965143343823026e-01 1.433910395326467579e-01
9.995915926800432727e-01 2.852314629111719554e-02 -1.754414044725131081e-03 2.820957752083664616e+01 -2.852681110442307003e-02 9.995908205274837144e-01 -2.100610628748293164e-03 -3.679956191844576674e-01 1.693780150240093351e-03 2.149800562048572936e-03 9.999962547261614931e-01 1.482679096464223356e-01
9.995651393457906098e-01 2.943825049309694436e-02 -1.709272396286430499e-03 2.900747834044281248e+01 -2.944199154660688544e-02 9.995640554473662620e-01 -2.206397736537568481e-03 -3.937994722272171177e-01 1.643574759031067676e-03 2.255762644420253836e-03 9.999961050908684479e-01 1.523935036408041732e-01
9.995472028695797650e-01 3.004346554165901462e-02 -1.667157289114007531e-03 2.989575431305911124e+01 -3.004730548138140681e-02 9.995457664622621197e-01 -2.328128058414903612e-03 -4.220234457584299270e-01 1.596454975249687403e-03 2.377167473065249208e-03 9.999959001947560377e-01 1.564738775904448431e-01
9.995377393047933934e-01 3.035871027414614037e-02 -1.629851384866407276e-03 3.077993243537534340e+01 -3.036263953989394582e-02 9.995359638349937681e-01 -2.442768962190647146e-03 -4.499111053209111089e-01 1.554935759680060956e-03 2.491126356217588603e-03 9.999956882228365762e-01 1.604107893708470733e-01
9.995141739833639516e-01 3.112669362046151939e-02 -1.595290009095720564e-03 3.154915551495011528e+01 -3.113065543849354022e-02 9.995121421940061923e-01 -2.521883882900188660e-03 -4.759161538963483928e-01 1.516013827433982525e-03 2.570321109700792698e-03 9.999955475658239834e-01 1.643684640045797174e-01
9.994859449298856280e-01 3.202247780190822096e-02 -1.551387334511309486e-03 3.234511107736296509e+01 -3.202647630628351061e-02 9.994835737678762211e-01 -2.624992041540963415e-03 -5.036829769177142424e-01 1.466527408008862828e-03 2.673328120788914450e-03 9.999953512962570512e-01 1.683137150709717034e-01
9.994795050735024722e-01 3.222175170980112746e-02 -1.574056670124777176e-03 3.299104029663698867e+01 -3.222577267099677872e-02 9.994772339716276877e-01 -2.599682250266681805e-03 -5.257475216155511610e-01 1.489467490772101738e-03 2.649054321272881207e-03 9.999953819882376749e-01 1.718087122373765929e-01
9.994785195531776800e-01 3.225385661997779568e-02 -1.541974237285310100e-03 3.299214639108721769e+01 -3.225779685183930573e-02 9.994761932048935593e-01 -2.602644528275857398e-03 -5.264952140086086585e-01 1.457221217247818123e-03 2.651027991746714944e-03 9.999954242679890415e-01 1.720496569397824693e-01
9.994785965403034655e-01 3.225266247319748952e-02 -1.516845686901062244e-03 3.299421841448812387e+01 -3.225652882492142243e-02 9.994762473464461339e-01 -2.597563868963165962e-03 -5.268642224451918210e-01 1.432272884222921070e-03 2.645137666802848276e-03 9.999954759103228952e-01 1.723299181188129303e-01
9.994618444386501599e-01 3.276348142534850350e-02 -1.604928598733495982e-03 3.323984069866057212e+01 -3.276761148861270789e-02 9.994595676256462502e-01 -2.618457276744644378e-03 -5.354426590017451471e-01 1.518271467004294250e-03 2.669637816194189370e-03 9.999952839317229891e-01 1.733912475182211033e-01
9.994480998085834011e-01 3.317434201362814278e-02 -1.720122265333694179e-03 3.346309226110044932e+01 -3.317879046908545765e-02 9.994459838147299324e-01 -2.625509330645851673e-03 -5.426228677189532945e-01 1.632069745257255311e-03 2.681131887769183913e-03 9.999950739279429568e-01 1.739873726600715820e-01
9.994607780393516272e-01 3.278426335062835373e-02 -1.828998950415925079e-03 3.397485531804161951e+01 -3.278890540643678020e-02 9.994589987614964643e-01 -2.568555341489447974e-03 -5.587692193119375705e-01 1.743801264966165446e-03 2.627141193617819632e-03 9.999950286307937031e-01 1.761635968731036783e-01
9.994587259051670447e-01 3.284687939855682193e-02 -1.826944286727607636e-03 3.399100885289291085e+01 -3.285151060027002162e-02 9.994569508133511748e-01 -2.565486656836795960e-03 -5.591252759164752062e-01 1.741683935296611590e-03 2.624115904972327325e-03 9.999950402640962466e-01 1.763032126973160807e-01
9.994511256791703824e-01 3.306959676181845525e-02 -1.961924636989973662e-03 3.422100014600952278e+01 -3.307461446046817272e-02 9.994495482073262327e-01 -2.582724548116039753e-03 -5.656870737592003540e-01 1.875435032697225302e-03 2.646196857904217249e-03 9.999947401789833767e-01 1.772069501332920183e-01
9.994416827126121339e-01 3.335247854372468818e-02 -1.983691308170427211e-03 3.434027189523530410e+01 -3.335733820574152131e-02 9.994404385749472430e-01 -2.469357927817585931e-03 -5.682614933840689497e-01 1.900222103723936797e-03 2.534149904461432696e-03 9.999949836075296972e-01 1.765578783764976123e-01
9.994337569470621574e-01 3.358294570155836295e-02 -2.085960766941750109e-03 3.449524960210640501e+01 -3.358793713574741158e-02 9.994328705164277071e-01 -2.405786750779031861e-03 -5.720568403374982624e-01 2.003984351261192329e-03 2.474487609853062188e-03 9.999949304660469274e-01 1.760312334593630013e-01
9.994364343058057543e-01 3.350348912430205217e-02 -2.080864779126433920e-03 3.452044173553606754e+01 -3.350854562374052520e-02 9.994354412413866129e-01 -2.444618671340339187e-03 -5.715521982292454117e-01 1.997786753614453920e-03 2.512967720510825547e-03 9.999948469073869362e-01 1.761694613439908075e-01
9.994331828324178879e-01 3.359965533629004353e-02 -2.091940338482870670e-03 3.452891974684742138e+01 -3.360466107445908568e-02 9.994323089079553135e-01 -2.405548714097029313e-03 -5.720107731203750712e-01 2.009927154892186211e-03 2.474484153851959703e-03 9.999949185475943692e-01 1.760704057343751572e-01
9.994255611936021522e-01 3.382884191086765052e-02 -2.038893684925777074e-03 3.457369047391281924e+01 -3.383384065208680513e-02 9.994244215084698846e-01 -2.469193962054522587e-03 -5.729186354328097419e-01 1.954190169377673092e-03 2.536759165265559026e-03 9.999948729837193628e-01 1.757722395567093976e-01
9.994197147412163806e-01 3.400454507576423924e-02 -1.981085664953421803e-03 3.461400560629001433e+01 -3.400952609954196321e-02 9.994182878694972683e-01 -2.537322628360064343e-03 -5.736637413468479441e-01 1.893652741695884840e-03 2.603226042070875580e-03 9.999948186333135203e-01 1.754620987418946676e-01
9.994152097721124006e-01 3.413794621374941635e-02 -1.959363189275390056e-03 3.464294037484204125e+01 -3.414295106740958263e-02 9.994136283334145165e-01 -2.580386304690772230e-03 -5.744266946506526583e-01 1.870125185329596764e-03 2.645775761491522566e-03 9.999947512374337544e-01 1.752837046884208050e-01
9.994159285362652634e-01 3.411713694453463730e-02 -1.955186522673438634e-03 3.464799622620098063e+01 -3.412211245619452965e-02 9.994143653295222141e-01 -2.570566892426081641e-03 -5.746475313173099453e-01 1.866341114957699053e-03 2.635780592059285173e-03 9.999947847021598557e-01 1.755738691184438593e-01
9.993997276599706492e-01 3.459309194898931017e-02 -1.871454577266716025e-03 3.472370888097992747e+01 -3.459784581469424469e-02 9.993980097870037715e-01 -2.570427669706230704e-03 -5.767491674855945716e-01 1.781408939193821839e-03 2.633633009991053799e-03 9.999949452669080197e-01 1.751241151334013146e-01
9.993755255014421524e-01 3.528838501242202719e-02 -1.813535658208644723e-03 3.483826238923190033e+01 -3.529279213138301202e-02 9.993739914612345121e-01 -2.458457658988662514e-03 -5.808620690143475596e-01 1.725645368986708852e-03 2.520927151886533362e-03 9.999953335262928844e-01 1.743091862654031488e-01
9.993753333611964385e-01 3.529465560917075667e-02 -1.797318636134296070e-03 3.486915533172709303e+01 -3.529911755594076356e-02 9.993736286683024828e-01 -2.514482406276066784e-03 -5.809773680225995829e-01 1.707445056694444855e-03 2.576355454829099521e-03 9.999952235005701295e-01 1.742639834133647980e-01
9.993684508144007328e-01 3.548987706295632372e-02 -1.779927676511761699e-03 3.488971706885463675e+01 -3.549430855014568814e-02 9.993666932943806591e-01 -2.523171427497148626e-03 -5.820334954825280294e-01 1.689253392600661334e-03 2.584755222787776720e-03 9.999952327203467384e-01 1.741410248999288868e-01
9.993659666111586182e-01 3.555999759647614222e-02 -1.775204195567232609e-03 3.489488840267136993e+01 -3.556438086478182908e-02 9.993642556429763735e-01 -2.501870603086136374e-03 -5.825487695655607867e-01 1.685109106877484900e-03 2.563418371716861752e-03 9.999952946357077987e-01 1.741383071359350332e-01
9.993646662514490409e-01 3.559750612913489820e-02 -1.755393166424438524e-03 3.489730285459698678e+01 -3.560182829135279808e-02 9.993629377086614696e-01 -2.495707570437300914e-03 -5.830799652147791168e-01 1.665433906089045174e-03 2.556617169289873530e-03 9.999953450084458906e-01 1.742823387184153638e-01
9.993560323237704601e-01 3.584058421488827556e-02 -1.724291413861319755e-03 3.495550416551613182e+01 -3.584490374114785577e-02 9.993541293265351122e-01 -2.543044128964782810e-03 -5.839754081106174333e-01 1.632033557331001626e-03 2.603213550501918411e-03 9.999952798617025573e-01 1.741113373228024841e-01
9.993421844480346872e-01 3.622736078200071430e-02 -1.666347218093064755e-03 3.502026870896390420e+01 -3.623155591385054247e-02 9.993401418717984264e-01 -2.560312356549126946e-03 -5.856706349951376067e-01 1.572494305874075435e-03 2.619002495670717193e-03 9.999953340329104101e-01 1.738343789837166753e-01
9.993266913656948525e-01 3.665464256356040784e-02 -1.612793315527284808e-03 3.507783133700635148e+01 -3.665875595322644342e-02 9.993244610667859629e-01 -2.599447092159990098e-03 -5.872779557787756177e-01 1.516422006817779106e-03 2.656819858548428465e-03 9.999953208753242784e-01 1.734915351518724336e-01
9.993183165992468586e-01 3.688307812470618258e-02 -1.593943833006421663e-03 3.509970723656955016e+01 -3.688715768623252594e-02 9.993160271542841366e-01 -2.610645524607012324e-03 -5.886652606038733637e-01 1.496564975859449378e-03 2.667661948401902142e-03 9.999953219255619530e-01 1.733269098038183742e-01
9.993178454645639253e-01 3.689557428590826971e-02 -1.600104316462535410e-03 3.510701621837122843e+01 -3.689963357328112509e-02 9.993156300132164382e-01 -2.586243045830014051e-03 -5.889165338443356212e-01 1.503588330666188371e-03 2.643522091366204245e-03 9.999953754958522678e-01 1.735112831931098221e-01
9.993149999445393172e-01 3.697302075705975050e-02 -1.589535023801412006e-03 3.512904589463320093e+01 -3.697707918748410066e-02 9.993127199099675062e-01 -2.604503897404966510e-03 -5.894129090810278360e-01 1.492146191358943198e-03 2.661496174540338520e-03 9.999953449580966103e-01 1.735202870293464095e-01
9.993202915926037155e-01 3.683017637964146329e-02 -1.578897959510792330e-03 3.517097589496261634e+01 -3.683433081878752235e-02 9.993177699469547592e-01 -2.688259850488654464e-03 -5.887244651327310230e-01 1.478811703416626176e-03 2.744590267439915576e-03 9.999951401582989341e-01 1.735226048742246618e-01
9.993202804052392363e-01 3.683043805748716787e-02 -1.579874341867328925e-03 3.517688976291137948e+01 -3.683457335988405551e-02 9.993178005497737049e-01 -2.673520039988932714e-03 -5.889952822471045124e-01 1.480329638223927546e-03 2.729896793378847313e-03 9.999951781322077293e-01 1.737327647474491421e-01
9.992999731551582832e-01 3.738140409978226580e-02 -1.481309982548372839e-03 3.525761637180106334e+01 -3.738525844967269945e-02 9.992973710542233379e-01 -2.665830902927612128e-03 -5.917881067534989104e-01 1.380616669025470315e-03 2.719343906274360179e-03 9.999953495223556921e-01 1.731334402201887279e-01
9.992955183915896988e-01 3.750087521779419536e-02 -1.466724247824500050e-03 3.530991135817075133e+01 -3.750478143656234969e-02 9.992927105251131481e-01 -2.733141123757114495e-03 -5.923077393137352598e-01 1.363191664959375032e-03 2.786224848445590166e-03 9.999951893182207341e-01 1.730121777680566630e-01
9.992895197473111724e-01 3.765952013675692017e-02 -1.488712831030692503e-03 3.542377608623449703e+01 -3.766333055436093397e-02 9.992870498953646541e-01 -2.620198963180197290e-03 -5.946111949576812217e-01 1.388976017438241922e-03 2.674407247015275595e-03 9.999954591354431876e-01 1.724129244010716988e-01
9.992867006438613808e-01 3.773410515300505003e-02 -1.492388770955354335e-03 3.543462986289191718e+01 -3.773789218242572935e-02 9.992842987731255233e-01 -2.596481997879566614e-03 -5.950207102612445897e-01 1.393344741737533509e-03 2.650949535475725927e-03 9.999955155184431232e-01 1.725455435874825305e-01
9.992830465482585023e-01 3.783177770395296236e-02 -1.466109349817280990e-03 3.546924164497509935e+01 -3.783558507078180200e-02 9.992804307610796410e-01 -2.662555152031016725e-03 -5.956505888388486936e-01 1.364325187984517058e-03 2.716117328953326047e-03 9.999953806510520904e-01 1.722737759693542259e-01
9.992809968393970843e-01 3.788631624814112198e-02 -1.454783984870526570e-03 3.549362552771172830e+01 -3.789013178240493301e-02 9.992782865805286407e-01 -2.691446048087634251e-03 -5.960637451185769597e-01 1.351765071595962880e-03 2.744632846775083967e-03 9.999953198499147433e-01 1.722692035609574290e-01
9.992587827318446525e-01 3.847156650812839918e-02 -1.350445603931267006e-03 3.558138550763368357e+01 -3.847505193472466889e-02 9.992560272027066759e-01 -2.657532187684269812e-03 -5.991064365359338728e-01 1.247201482823453176e-03 2.707520843685034314e-03 9.999955568998035726e-01 1.716058023175270897e-01
9.992550860751784336e-01 3.856722507518568072e-02 -1.357240779762126188e-03 3.559094250800924897e+01 -3.857068699927479472e-02 9.992524280460978181e-01 -2.624337635851349028e-03 -5.996161994665691886e-01 1.255012724337041313e-03 2.674732439504490938e-03 9.999956353651974217e-01 1.715815243670628654e-01
9.992568205087272171e-01 3.852229726466008947e-02 -1.356200534235212389e-03 3.561186348306284088e+01 -3.852578088896711772e-02 9.992541091664119968e-01 -2.643770145201370606e-03 -5.994469791816595672e-01 1.253344857247054578e-03 2.694054034075935630e-03 9.999955855900246604e-01 1.717474208776779143e-01
9.992531967155667827e-01 3.861660424080512466e-02 -1.344146672182901844e-03 3.563680576501522523e+01 -3.862008736533603659e-02 9.992503996945210076e-01 -2.669749403758850913e-03 -6.002046254771892242e-01 1.240042443271461214e-03 2.719666688049723023e-03 9.999955328439475988e-01 1.717057096617025103e-01
9.992568548222120484e-01 3.852193838843030738e-02 -1.341026944286146392e-03 3.566179200765297708e+01 -3.852546021123273712e-02 9.992539503580227800e-01 -2.707694414783671458e-03 -5.997772312933239425e-01 1.235720834185192974e-03 2.757345884923385025e-03 9.999954350084288013e-01 1.718570138519170953e-01
9.992551890044906182e-01 3.856542097115137069e-02 -1.332498616969567985e-03 3.568470774447524718e+01 -3.856894903519848816e-02 9.992522064223727796e-01 -2.732055999596412748e-03 -6.001278589176430867e-01 1.226139293312109198e-03 2.781414205497642188e-03 9.999953801480568893e-01 1.718772291074528447e-01
9.992513360511653397e-01 3.866566951152538428e-02 -1.316586811839408865e-03 3.571077675997965883e+01 -3.866919399707546140e-02 9.992482389357407735e-01 -2.765939095909887048e-03 -6.008460035333766935e-01 1.208650166156798305e-03 2.814779687867836801e-03 9.999953080790382476e-01 1.717800409247405291e-01
9.992444797729801431e-01 3.884008935458296841e-02 -1.384594453705791312e-03 3.584022222346889208e+01 -3.884363695290441593e-02 9.992418278354057160e-01 -2.634648377656491867e-03 -6.043604634973724909e-01 1.281214714317093460e-03 2.686440531805346730e-03 9.999955707532564020e-01 1.710219315003920215e-01
9.992301511594350316e-01 3.920402571383931056e-02 -1.466076861996040053e-03 3.598456257152363946e+01 -3.920763830323280991e-02 9.992279012627851564e-01 -2.522387023189028021e-03 -6.094860966367955379e-01 1.366057180177204702e-03 2.577926577796790797e-03 9.999957440821164445e-01 1.702663071843790732e-01
9.992123989835463016e-01 3.965697083155721170e-02 -1.380717803830139008e-03 3.606460452593228894e+01 -3.966035807413042374e-02 9.992100433695345618e-01 -2.518973307847491728e-03 -6.119442568537605265e-01 1.279732245643739079e-03 2.571749124411929887e-03 9.999958741874019896e-01 1.697603868598664967e-01
9.992051314063318257e-01 3.984053198862557571e-02 -1.355500557438625141e-03 3.609284287259673363e+01 -3.984390402224526756e-02 9.992026397170665764e-01 -2.558924452481985655e-03 -6.131207298715708465e-01 1.252470823617415257e-03 2.610898877916767880e-03 9.999958072531559550e-01 1.695146824391122742e-01
9.992045420121493660e-01 3.985573181283322275e-02 -1.343079892383383179e-03 3.609640111788207406e+01 -3.985906250108529197e-02 9.992020534610110971e-01 -2.551763208971517469e-03 -6.135397882034543393e-01 1.240305796317412975e-03 2.603267293921240032e-03 9.999958423118237016e-01 1.697057138362620954e-01
9.992048862198750214e-01 3.984754190815392033e-02 -1.329946558170597018e-03 3.609982558267543595e+01 -3.985083093019503586e-02 9.992023973800210346e-01 -2.545651946525715782e-03 -6.138601578229380129e-01 1.227447816680972848e-03 2.596627339022422338e-03 9.999958754406567119e-01 1.699667290996682567e-01
9.992029506350376122e-01 3.989704475095881553e-02 -1.299716129685377477e-03 3.617705087120345553e+01 -3.990027713934792691e-02 9.992003771688454661e-01 -2.564010429314900284e-03 -6.147985551079998556e-01 1.196380408146110802e-03 2.613825820210332555e-03 9.999958682857177372e-01 1.696607876980475993e-01
9.992087668210254403e-01 3.975045505818905478e-02 -1.319708420732631409e-03 3.619413381992144707e+01 -3.975373703497257077e-02 9.992062245049532221e-01 -2.561503845924367577e-03 -6.143713445194752820e-01 1.216839925011212100e-03 2.611940440617009553e-03 9.999958485252513629e-01 1.700951812991347012e-01
9.992092452781464740e-01 3.973908801031272170e-02 -1.299628573480256276e-03 3.619653992402670895e+01 -3.974230889176853104e-02 9.992066976864585337e-01 -2.554247857011839474e-03 -6.146086238569357096e-01 1.197094094728576438e-03 2.603878313672904933e-03 9.999958933832988617e-01 1.703535003407048443e-01
9.992060353558167574e-01 3.982057727966963057e-02 -1.273001676212812041e-03 3.619775065633329802e+01 -3.982372100651310198e-02 9.992034729229858359e-01 -2.547733008142909900e-03 -6.153232210073862340e-01 1.170535496762246030e-03 2.596405861808910240e-03 9.999959442534042120e-01 1.703605331212081353e-01
9.992132889417804087e-01 3.963703147185530101e-02 -1.307263513270600199e-03 3.621521324427281741e+01 -3.964024674190061437e-02 9.992108062547553349e-01 -2.532884048841274778e-03 -6.145034573729956096e-01 1.205835824316435359e-03 2.582711649176608424e-03 9.999959377720031295e-01 1.706833587384313233e-01
9.992135137856261728e-01 3.963182595045307288e-02 -1.293151058147616259e-03 3.621860930949619473e+01 -3.963499841977977112e-02 9.992110279820456409e-01 -2.527540102447321455e-03 -6.148708520289355439e-01 1.191959768717138803e-03 2.576806267149699559e-03 9.999959696425667621e-01 1.709497186187403095e-01
9.992135677419666795e-01 3.963148222037312512e-02 -1.261608905324719272e-03 3.621928237956276320e+01 -3.963456783560413699e-02 9.992110572482872932e-01 -2.522717758004691408e-03 -6.151692646268576148e-01 1.160634524142344992e-03 2.570737135124988477e-03 9.999960221111329206e-01 1.711798888096107696e-01
9.992138556768798141e-01 3.962520257612707486e-02 -1.230424230879846419e-03 3.621998149983566861e+01 -3.962820084229761591e-02 9.992113258889980809e-01 -2.516329230227147551e-03 -6.153937054545782770e-01 1.129743771639770420e-03 2.563110530833247105e-03 9.999960770640168306e-01 1.714180909628661986e-01
9.992140061049084032e-01 3.962237131598455447e-02 -1.199039082780793989e-03 3.622044556351571032e+01 -3.962528377672047686e-02 9.992114539152535668e-01 -2.511423863344119760e-03 -6.156297754873255590e-01 1.098585016353701826e-03 2.556962163437117002e-03 9.999961275202332578e-01 1.716466817367678921e-01
9.992132142484067003e-01 3.964342114918588400e-02 -1.162596490530838286e-03 3.621959539894832858e+01 -3.964624035134164948e-02 9.992106227428236842e-01 -2.511378813312312337e-03 -6.160477101858627957e-01 1.062119115332982137e-03 2.555495476143361793e-03 9.999961706655993154e-01 1.717701374567024430e-01
9.992175465844269633e-01 3.953336113429041510e-02 -1.186572740349278732e-03 3.623012496901024093e+01 -3.953620409028280741e-02 9.992150694628073593e-01 -2.476595285934270890e-03 -6.155668816288200063e-01 1.087733227340804401e-03 2.521570047527218160e-03 9.999962292533546293e-01 1.722669685486235558e-01
9.992264292806706250e-01 3.929996622899855491e-02 -1.433764641635069861e-03 3.640043936034000893e+01 -3.930345333322293744e-02 9.992242160257653882e-01 -2.490916181026326878e-03 -6.186025835607659173e-01 1.334759428201938566e-03 2.545341182892387009e-03 9.999958698192404905e-01 1.717786830526568664e-01
9.992312643996197341e-01 3.917717003236002166e-02 -1.424638284028935560e-03 3.644029544536888210e+01 -3.918074966500034728e-02 9.992288137055335140e-01 -2.578122565774511842e-03 -6.182249032353090978e-01 1.322536076378317323e-03 2.631959067150470202e-03 9.999956618354919335e-01 1.717359987475788330e-01
9.992348686371808064e-01 3.908521488313826397e-02 -1.422419355399375798e-03 3.646450940101733806e+01 -3.908883686287551590e-02 9.992323190463165972e-01 -2.614460875805905537e-03 -6.177811566654320963e-01 1.319140626009853877e-03 2.668061187931477455e-03 9.999955706489476182e-01 1.718774443228618942e-01
9.992323531230103972e-01 3.914935944101296389e-02 -1.425527010441220372e-03 3.647528981884388344e+01 -3.915295961739626018e-02 9.992298675363632254e-01 -2.591828718142090079e-03 -6.181217408424288795e-01 1.322960731708803768e-03 2.645652710398932028e-03 9.999956251387535078e-01 1.720442902287300235e-01
9.992341176539834002e-01 3.910450001931298908e-02 -1.419927516635711940e-03 3.648073640803109896e+01 -3.910806299026464011e-02 9.992316698639079897e-01 -2.574752372396168620e-03 -6.181329944642222074e-01 1.318152139329720890e-03 2.628311029775682282e-03 9.999956772186950893e-01 1.723880949887446334e-01
9.992336314823221377e-01 3.911724384593130710e-02 -1.411009637303803008e-03 3.648481652195417979e+01 -3.912077128130136278e-02 9.992311961076615345e-01 -2.565536834988024675e-03 -6.185224544582306194e-01 1.309568117624766801e-03 2.618770473628114024e-03 9.999957135270930442e-01 1.725732237811574699e-01
9.992363917897654213e-01 3.904629221893581720e-02 -1.421403029323469120e-03 3.649300462465829042e+01 -3.904981523045410879e-02 9.992340331407488785e-01 -2.541445136895003395e-03 -6.183804262205535585e-01 1.321080272227974839e-03 2.595009994190385083e-03 9.999957603260388739e-01 1.729949838077358137e-01
9.992422109870761071e-01 3.889715739218757573e-02 -1.419481635994039549e-03 3.652865400652640204e+01 -3.890076227683233329e-02 9.992396779050350952e-01 -2.607066199177840351e-03 -6.179618454969428853e-01 1.316994908453660322e-03 2.660309510738978044e-03 9.999955941291573946e-01 1.730979455590517802e-01
9.992425740607878693e-01 3.888855075080007578e-02 -1.399572978128939358e-03 3.653190735904847486e+01 -3.889209349434918916e-02 9.992400338391305148e-01 -2.599968546756994524e-03 -6.183253422491788998e-01 1.297400341236980281e-03 2.652431586260804459e-03 9.999956406700196698e-01 1.734164811053098276e-01
9.992417549243922670e-01 3.891046340531470471e-02 -1.375155573830274831e-03 3.653353890118370373e+01 -3.891394033468008329e-02 9.992391853357862619e-01 -2.599180014375855087e-03 -6.188581423763132028e-01 1.272974036463053130e-03 2.650721920884974159e-03 9.999956765958585292e-01 1.736305106190774161e-01
9.992410167927873177e-01 3.893046361354717683e-02 -1.345125049397404536e-03 3.653411124479864469e+01 -3.893386398634426232e-02 9.992384027880202302e-01 -2.601658775299444185e-03 -6.193767497641494701e-01 1.242816823615468247e-03 2.652055075700661402e-03 9.999957109959155543e-01 1.738470953012387632e-01
9.992422699119299923e-01 3.889865732559105033e-02 -1.334345969987807976e-03 3.654075532465752474e+01 -3.890200942123989841e-02 9.992396850961139387e-01 -2.585612432858277153e-03 -6.197195023084995924e-01 1.232754594849450264e-03 2.635561976022170010e-03 9.999957670556348655e-01 1.742829778010053232e-01
9.992425284070435287e-01 3.889303417143548380e-02 -1.304344772704506532e-03 3.654234266243221896e+01 -3.889629828011154089e-02 9.992399266458834584e-01 -2.578173089259763219e-03 -6.200363659036921549e-01 1.203080400929832771e-03 2.626954379726838002e-03 9.999958258454101356e-01 1.745573367046473479e-01
9.992479001330483168e-01 3.875381567831165386e-02 -1.332610112821489695e-03 3.728091143013904230e+01 -3.875714978909361452e-02 9.992453430973192718e-01 -2.574419971712842668e-03 -6.492592476531333645e-01 1.231835852331051142e-03 2.624131920552438130e-03 9.999957982472249540e-01 1.778174047515710399e-01
9.992496671631002636e-01 3.870803588067654039e-02 -1.338145112288920352e-03 3.728792071665669994e+01 -3.871136430438994885e-02 9.992471600795450604e-01 -2.557996540523447496e-03 -6.493264200980252143e-01 1.238122681347910304e-03 2.607878614661081687e-03 9.999958330020006780e-01 1.781804089019196624e-01
9.992443413645598627e-01 3.884610639496128420e-02 -1.313875377062829683e-03 3.728979432861550691e+01 -3.884935065232823087e-02 9.992418480368574496e-01 -2.541079578235337991e-03 -6.501724739483866200e-01 1.214168212204280901e-03 2.590202594750396284e-03 9.999959083146684469e-01 1.779987129666462664e-01
9.992358944556346545e-01 3.906071935595449574e-02 -1.373839325421964729e-03 3.741969847541498240e+01 -3.906394334449933559e-02 9.992338214096387894e-01 -2.403847148553979636e-03 -6.538220935583711757e-01 1.278890720291567468e-03 2.455677937197120117e-03 9.999961670348556098e-01 1.772237649062478049e-01
9.992362197892036280e-01 3.905275234592945482e-02 -1.363669768979281589e-03 3.742432137745616672e+01 -3.905594241363855024e-02 9.992341511393092457e-01 -2.396780910367140877e-03 -6.542468269707378825e-01 1.269024512711943537e-03 2.448209704511088158e-03 9.999961979157907521e-01 1.775250883161558768e-01
