1.000000000000000000e+00 0.000000000000000000e+00 0.000000000000000000e+00 0.000000000000000000e+00 0.000000000000000000e+00 1.000000000000000000e+00 0.000000000000000000e+00 0.000000000000000000e+00 0.000000000000000000e+00 0.000000000000000000e+00 1.000000000000000000e+00 0.000000000000000000e+00
9.999999403953552246e-01 2.362355200347110440e-09 1.317023852607235312e-04 2.000206732191145420e-04 -1.481486266996512313e-09 1.000000000000000000e+00 2.094392499429886811e-07 2.434639487791656620e-07 -1.317033165832981467e-04 -2.094462274726538453e-07 1.000000000000000000e+00 -1.759818405844271183e-05
9.999948270595324651e-01 3.808659343478225814e-08 3.203545686287643818e-03 7.900429628778127267e-03 -3.984360008751049510e-08 9.999999999999122924e-01 6.282516620088452189e-07 -8.761490320766871367e-07 -3.203546575712551241e-03 -6.283850324898962308e-07 9.999948270562726282e-01 -1.412992034552917886e-04
9.999796078516113296e-01 -6.497124195548786040e-08 6.372763885122794542e-03 4.700163835508841537e-02 6.154701013665706477e-08 9.999999999999378275e-01 5.942934536214477863e-07 -7.384957464763413948e-07 -6.372764625536150168e-03 -5.938932859718203138e-07 9.999797270549689587e-01 -3.706785021873049146e-04
9.999827503256445427e-01 -7.079001318796931131e-08 5.870310493023174481e-03 1.143028942457806618e-01 6.758565155386801344e-08 9.999999999998752109e-01 6.989811306603463025e-07 -1.237442900818525398e-06 -5.870311525798770427e-03 -6.985735104375996819e-07 9.999827503198358558e-01 -2.932167591005452323e-04
9.999914634380737688e-01 -2.135758655819682994e-07 4.132229668384665607e-03 2.235044927244740354e-01 2.106645581139970545e-07 9.999999999997796207e-01 8.217401131830167525e-07 -1.180662288434712952e-06 -4.132230002796737425e-03 -8.208607318870941227e-07 9.999914634298838756e-01 8.368707181749535096e-05
9.999924616650678333e-01 -4.778723838598615711e-07 3.890660086175432453e-03 3.663067995364608365e-01 4.763292508802416252e-07 9.999999999998658851e-01 6.486175820247641306e-07 -1.184753665652884762e-06 -3.890661017393860777e-03 -6.467677471698925683e-07 9.999924616596229665e-01 4.607363554771648495e-04
9.999900554374736572e-01 -7.507760367948836405e-07 4.463157862418192130e-03 4.837090087161235452e-01 7.481568330363740268e-07 9.999999999997010169e-01 7.029841182953849210e-07 -2.139812104737180507e-06 -4.463159084871346459e-03 -6.996399954170339901e-07 9.999900554327232349e-01 5.968631040498273421e-04
9.999877927440128378e-01 -1.007589435687739508e-06 4.943415146023403053e-03 7.104132432862249047e-01 1.003982061703631414e-06 9.999999999994345634e-01 8.098061528033370992e-07 -1.419147621862837257e-06 -4.943415786662461349e-03 -8.048344868388173184e-07 9.999877927361952024e-01 8.761014982150427954e-04
9.999890393997541427e-01 -1.411550851235725961e-06 4.679175003397439275e-03 9.275170461116852838e-01 1.407787756794695782e-06 9.999999999990127897e-01 8.295649871113932067e-07 -1.393676785410256021e-06 -4.679176281044227989e-03 -8.229734321743498462e-07 9.999890990010174008e-01 1.292815001182834322e-03
9.999901092407671443e-01 -1.675058785536685322e-06 4.450539357843034602e-03 1.155920988279778072e+00 1.672915564820318405e-06 9.999999999988845589e-01 5.341579912461320827e-07 -9.909809769085681344e-08 -4.450539881941828479e-03 -5.267088888189531953e-07 9.999901092341778597e-01 1.783995345516320441e-03
9.999898642971657425e-01 -2.215168332092542889e-06 4.492182955248872137e-03 1.439625971962960271e+00 2.213528589946786654e-06 9.999999999980160315e-01 4.677841786860150931e-07 7.501500465765578425e-08 -4.492183290347793838e-03 -4.578332604401978720e-07 9.999898642906532853e-01 2.318905220987099725e-03
9.999892558868210823e-01 -2.598797945869133374e-06 4.627618236124726551e-03 1.740631490984882790e+00 2.595884564462293550e-06 9.999999999970697884e-01 6.799632394999951898e-07 -1.729720868961723358e-07 -4.627619299455584811e-03 -6.679473072511315782e-07 9.999892558842818913e-01 2.781800062250150418e-03
9.999890915221236742e-01 -3.139058468543260939e-06 4.650254922372573652e-03 2.042836854770955668e+00 3.136352671110477764e-06 9.999999999957699393e-01 5.263883127402099250e-07 4.196631358498198748e-08 -4.650256622304513657e-03 -5.118018239642405613e-07 9.999890915240139400e-01 3.311692903084084705e-03
9.999893416642893218e-01 -3.680228374079371803e-06 4.596464642225676911e-03 2.363342539233826756e+00 3.678489396006767461e-06 9.999999999941244777e-01 4.249310778231381708e-07 1.054909555782268690e-06 -4.596465778236452811e-03 -4.080179866510222937e-07 9.999893416654024314e-01 3.908355857696443891e-03
9.999894557425796915e-01 -4.204824860098399747e-06 4.558678102915711579e-03 2.705948652439215785e+00 4.202186541494578689e-06 9.999999999921007632e-01 6.549712512311466949e-07 4.949731122518696977e-07 -4.558679425522103174e-03 -6.358059418585196340e-07 9.999894557464218403e-01 4.494185340524703420e-03
9.999893933621518682e-01 -4.747269937852295518e-06 4.572361607036855291e-03 3.109955931812067753e+00 4.743386385036883449e-06 9.999999999896194147e-01 9.726033555366722483e-07 -2.531254698547131198e-07 -4.572362667572067024e-03 -9.509048829173901501e-07 9.999893933668473345e-01 5.117184265408081245e-03
9.999893867207698683e-01 -5.527763551096799201e-06 4.599884871090247074e-03 3.593064170976481009e+00 5.528411906361493408e-06 9.999999999867423828e-01 1.050319677603210295e-07 2.880627552638397715e-06 -4.599886046486065076e-03 -7.960406269141890223e-08 9.999893867305288397e-01 6.098983425038451145e-03
9.999893867207698683e-01 -5.527763551097395512e-06 4.599884871090245339e-03 3.933070220841123010e+00 5.528411906361073280e-06 9.999999999867423828e-01 1.050319677603276205e-07 3.152698992607359949e-06 -4.599886046486065944e-03 -7.960406269142072864e-08 9.999893867305288397e-01 6.679273259618589975e-03
9.999894444341270727e-01 -6.874648275288959463e-06 4.587336780144538398e-03 4.513980682220117835e+00 6.873161622286093443e-06 9.999999999792454908e-01 7.417754337333823734e-07 3.447919379418369634e-06 -4.587337867728948949e-03 -7.102452626482124660e-07 9.999893848455896350e-01 7.605344176323525218e-03
9.999894572444483209e-01 -7.136612629247100222e-06 4.584544607799178467e-03 4.995989263892550269e+00 7.134190975575668370e-06 9.999999999774313864e-01 7.608644129276970218e-07 4.739207265773405319e-06 -4.584544966434477009e-03 -7.281485279449596131e-07 9.999895168648813559e-01 8.405258144484228922e-03
9.999894387501546689e-01 -8.462675598448941107e-06 4.588576194226363751e-03 5.467297579755397763e+00 8.461115780219602016e-06 9.999999999680029283e-01 7.169106076463724404e-07 5.494037005069768114e-06 -4.588576912051375856e-03 -6.780827519610762137e-07 9.999894387764579617e-01 9.261701768869201601e-03
9.999893110458287770e-01 -9.002207907607682571e-06 4.590426105571734396e-03 6.053207720131950076e+00 9.001460561212291551e-06 9.999999999636486336e-01 4.061883003057123360e-07 7.884313705474792569e-06 -4.590426968410712613e-03 -3.648657627710067538e-07 9.999894302881305874e-01 1.042948680217636870e-02
9.999894490727495588e-01 -1.046760012710262279e-05 4.586324528861114753e-03 6.683018725789341197e+00 1.046810490697871057e-05 9.999999999505435611e-01 1.710697943852374961e-07 1.026302692568636264e-05 -4.586325084497670616e-03 -1.230607573224615896e-07 9.999895683269571789e-01 1.155811763861458452e-02
9.999894490727495588e-01 -1.046760012710285827e-05 4.586324528861113886e-03 7.208328280518563780e+00 1.046810490697920693e-05 9.999999999505435611e-01 1.710697943852382372e-07 1.281181909473964093e-05 -4.586325084497669749e-03 -1.230607573224738980e-07 9.999895683269571789e-01 1.233102598295254815e-02
9.999894312812966923e-01 -1.231965564477877777e-05 4.590199514996115733e-03 7.843339653294147062e+00 1.231802146961623543e-05 9.999999999310899002e-01 7.064033487552255816e-07 1.352533950103787841e-05 -4.590200061985134916e-03 -6.498558897568332427e-07 9.999894909494552175e-01 1.337471249040977916e-02
9.999894312812966923e-01 -1.231965564477893362e-05 4.590199514996116600e-03 8.386149160658648682e+00 1.231802146961733488e-05 9.999999999310899002e-01 7.064033487552270639e-07 1.589933529562083555e-05 -4.590200061985134049e-03 -6.498558897568294311e-07 9.999894909494552175e-01 1.437090038211219500e-02
9.999894324620001163e-01 -1.406539236322585157e-05 4.589937991991456523e-03 9.153662699570405792e+00 1.406299114962942155e-05 1.000000119118924946e+00 6.301655850343903943e-07 1.955827977970211665e-05 -4.589938159847516304e-03 -5.656074032372374078e-07 9.999894921499646872e-01 1.573987531264808837e-02
9.999894412612787553e-01 -1.499122211098196327e-05 4.588018434632665059e-03 9.887775760386110946e+00 1.498799712566190623e-05 1.000000119105852292e+00 7.232506010289423523e-07 2.252024193576749247e-05 -4.588018265878521587e-03 -6.544793738915637689e-07 9.999895009606486473e-01 1.698203840728740310e-02
9.999894358649806803e-01 -1.685678736457144275e-05 4.589187518664288382e-03 1.066868955830662813e+01 1.685494685786023672e-05 1.000000119078111815e+00 3.860040282901872829e-07 2.750653081078956996e-05 -4.589188326457127945e-03 -3.086465677110222086e-07 9.999894955970570765e-01 1.838821659867884151e-02
9.999894358649806803e-01 -1.685678736457014171e-05 4.589187518664289249e-03 1.144400345673768271e+01 1.685494685786112441e-05 1.000000119078111815e+00 3.860040282901853771e-07 3.266802521683629556e-05 -4.589188326457127078e-03 -3.086465677110286142e-07 9.999894955970570765e-01 1.966369079912100304e-02
9.999894280616299369e-01 -1.885236025919316593e-05 4.590879847564915787e-03 1.216721630413150734e+01 1.884488787958473602e-05 1.000000119044046620e+00 1.777414775465002284e-06 3.284934271107392599e-05 -4.590881377329742753e-03 -1.690881404182951356e-06 9.999894878300219503e-01 2.091803981031192805e-02
9.999889290707907330e-01 -2.137432780772588885e-05 4.699560794182320797e-03 1.301783117116526611e+01 2.137415347904786305e-05 1.000000118999444076e+00 5.040944677010429151e-08 4.226191727368112510e-05 -4.699561618190353611e-03 5.004782124318148997e-08 9.999889888864864629e-01 2.249177704814053769e-02
9.999874305014350151e-01 -2.310254047011702178e-05 5.005740167271994709e-03 1.390284710797372547e+01 2.309792627182521134e-05 1.000000118962555806e+00 1.080880726148184458e-06 4.658669693112225973e-05 -5.005741584360695433e-03 -9.652437867759157454e-07 9.999874903563696904e-01 2.392211783473996434e-02
9.999859791999762271e-01 -2.456487255596233587e-05 5.283749737257809401e-03 1.463586021654404412e+01 2.456067151186779103e-05 1.000000118928971116e+00 8.881395714699183045e-07 5.170833856427126379e-05 -5.283751393294943213e-03 -7.583535395863769122e-07 9.999860986950271924e-01 2.516334711656531553e-02
9.999845505962956516e-01 -2.630519885969896432e-05 5.554115035618581095e-03 1.556127652562163988e+01 2.630250605365102020e-05 1.000000118886376521e+00 6.980545282010178008e-07 6.026034211029142611e-05 -5.554116400314369761e-03 -5.519542620218166748e-07 9.999846701321504217e-01 2.682852666826995858e-02
9.999826851869658695e-01 -2.359497697838154468e-05 5.889987454799824711e-03 1.629969699451724452e+01 2.055694921564217461e-05 9.999999994639310330e-01 5.160065668195953350e-04 -1.200010355519492587e-03 -5.889999224714183822e-03 -5.158764831916676317e-04 9.999825658468293188e-01 2.838514114215962003e-02
9.999712323903017230e-01 -4.064849813727367976e-05 7.581342822342226895e-03 1.742185090970621886e+01 1.880768402171730381e-05 9.999959180356088329e-01 2.881012923670743259e-03 -7.194151141731444481e-03 -7.581428799333904053e-03 -2.880787516332525451e-03 9.999671512266874451e-01 3.229683006787897881e-02
9.999622615528187541e-01 -2.117270583682127568e-05 8.693910322293925061e-03 1.843515271375849807e+01 4.413908053681788348e-06 9.999982473900426161e-01 1.927761499543172727e-03 -4.749038108465113324e-03 -8.693937999448248660e-03 -1.927650324851905078e-03 9.999603896938832337e-01 3.462804710457811908e-02
9.999666071783517296e-01 -1.831504685919481485e-05 8.173528052854426781e-03 1.927558302099257759e+01 -5.161187175540385405e-06 9.999959497516643925e-01 2.872303984681040361e-03 -7.041018025240366671e-03 -8.173548419816399624e-03 -2.872249825097184048e-03 9.999625566435951241e-01 3.547825727167297494e-02
9.999978941039844305e-01 -3.857967844044362656e-05 2.048666832897533263e-03 2.038680399840157520e+01 3.259403300174355659e-05 9.999958082688686911e-01 2.921451407588693955e-03 -7.225075729351230526e-03 -2.048771308396020972e-03 -2.921378921757469046e-03 9.999936433080496290e-01 3.737796305351581694e-02
9.999730910425510544e-01 -3.241525637355845087e-05 -7.344831766431104796e-03 2.161830497560853104e+01 4.442120688590697948e-05 9.999987927678173349e-01 1.634338407591949061e-03 -3.850122804388802621e-03 7.344767749851833713e-03 -1.634620335730967806e-03 9.999717056581206576e-01 3.949470739601679270e-02
9.999515420889327766e-01 -4.073001306573727182e-05 -9.848504634759043183e-03 2.252762844941431197e+01 6.057728011895298267e-05 9.999980509585474353e-01 2.014839732965996531e-03 -4.779680655274180963e-03 9.848401105532452252e-03 -2.015338316942653744e-03 9.999494754584203893e-01 4.024804633482581551e-02
9.999995857645067598e-01 -5.893495128073207210e-05 -9.274302053283733655e-04 2.358511313411087684e+01 5.860157861833996509e-05 1.000000094628318292e+00 -3.596128894959878643e-04 1.284185870201825282e-03 9.274487085575222134e-04 3.595583885889405956e-04 9.999995636395061505e-01 4.002561734980814023e-02
9.999969270483625161e-01 -5.708179138703940795e-05 2.504048125788628249e-03 2.433692397753512893e+01 5.829800191343364140e-05 9.999999899497652445e-01 -4.850767411659517208e-04 1.710205903476666543e-03 -2.504022638011037510e-03 4.852211803572545573e-04 9.999968001071263268e-01 4.127342455733074011e-02
9.999914038758144219e-01 -5.713089769338396644e-05 -4.145187290227622147e-03 2.529094800648515928e+01 5.757691070970486597e-05 1.000000098720029706e+00 1.072337460997275404e-04 3.126440814477775016e-04 4.145178236908280550e-03 -1.074714374779984360e-04 9.999915048932717099e-01 4.393009363197997175e-02
9.999817418633176747e-01 -6.849512925025906930e-05 -6.030152589132828020e-03 2.608116155136848491e+01 6.904864081148739019e-05 1.000000099736232828e+00 9.155994955626110344e-05 3.744614238263870498e-04 6.030144307150156306e-03 -9.197464311615922820e-05 9.999819644283707287e-01 4.540030502936875934e-02
9.999998866228271277e-01 -7.828398035121917232e-05 2.210128815979577532e-04 2.702887719719264581e+01 7.829177698279159582e-05 1.000000051209983365e+00 -3.574853766231892024e-05 7.216709235548120476e-04 -2.210134174240930324e-04 3.576590860878126586e-05 1.000000061954894770e+00 4.650310830046300303e-02
9.999993973285994375e-01 -8.363131568287353150e-05 -1.072976306890488941e-03 2.801449498345533939e+01 8.363174347252974226e-05 1.000000171286292261e+00 8.997824341963513851e-08 6.765740419765590465e-04 1.072973713150011769e-03 -1.796396293007891983e-07 9.999995147635780679e-01 4.823547292590868452e-02
9.999836433448116013e-01 -8.963556184316262955e-05 -5.700320268992935605e-03 2.894611095209034346e+01 8.967452257868030257e-05 1.000000111178282580e+00 6.398600753516809219e-06 6.976825643077497587e-04 5.700316662368786966e-03 -6.909601575166138929e-06 9.999838208983453658e-01 5.010636028634163353e-02
9.999981050134634231e-01 -9.497054563738265487e-05 -1.887607949614797517e-03 2.967972389974704583e+01 9.496876428581844671e-05 1.000000229963099230e+00 -1.044590352097364391e-06 7.445334239782339450e-04 1.887604918657701317e-03 8.653914848393250851e-07 9.999983426915333151e-01 5.126363097029962290e-02
9.999175292096846857e-01 -1.004463936220056295e-04 -1.283928074322102271e-02 3.041353695338091612e+01 1.004209829362156880e-04 1.000000169837921504e+00 -2.703026125968580061e-06 7.726281314728339518e-04 1.283928701067189697e-02 1.413568285943128144e-06 9.999177078333629787e-01 5.240526930344469037e-02
9.991513481119148610e-01 -1.053049845368175439e-04 -4.118705414148744054e-02 3.095494850880373860e+01 1.052124861809798287e-04 1.000000169351787926e+00 -4.406897478322145753e-06 7.812813264417654271e-04 4.118705714827093634e-02 6.980003640840767024e-08 9.991515864847829720e-01 5.218897963217905556e-02
9.984553092866493840e-01 -1.106528302469553569e-04 -5.555985961454762423e-02 3.133155680143907063e+01 1.105125511496684676e-04 1.000000109184021602e+00 -5.608234003356743743e-06 7.631386569698459400e-04 5.555987591773868528e-02 -5.404135614225411218e-07 9.984554889103477437e-01 5.199565496972091694e-02
9.991164997593403596e-01 -1.143463020864685304e-04 -4.202454943406470911e-02 3.137125477429815845e+01 1.142705108195972490e-04 1.000000227984602530e+00 -4.214309223977507927e-06 7.150335554252455197e-04 4.202455680199407989e-02 -5.915051619682751820e-07 9.991166796338568634e-01 5.382540576051519920e-02
9.999979349592786892e-01 -1.148889151169353969e-04 1.986147400018989893e-03 3.125985160322543521e+01 1.148871827957069020e-04 1.000000227922427376e+00 1.038019400680405176e-06 6.443116199998023168e-04 -1.986151702700851736e-03 -8.097643108087140076e-07 9.999981148890567662e-01 5.459168597013341895e-02
9.997706442585263531e-01 -1.150462954279105786e-04 2.141166116628546653e-02 3.120965589443891020e+01 1.150204419824314819e-04 1.000000227904993322e+00 2.473816709194166083e-06 5.811127592383494387e-04 -2.141167259745523077e-02 -1.044534536269474281e-08 9.997708240989274797e-01 5.173383494092198553e-02
9.999858406930557386e-01 -1.151095444387853674e-04 5.294971140991797977e-03 3.125035514922568325e+01 1.151058892683691910e-04 1.000000227897712035e+00 1.053409556188019806e-06 5.312172907308445160e-04 -5.294975997547269990e-03 -4.438454654227784508e-07 9.999860206215253067e-01 5.284429270573753890e-02
9.999645102693126564e-01 -1.151462754257575710e-04 -8.406173021330990217e-03 3.128535317869896915e+01 1.151529231008977205e-04 1.000000227893158344e+00 2.089884864979313963e-07 4.828845567105342191e-04 8.406172408658978135e-03 -1.176900172499277111e-06 9.999646902422385519e-01 5.458989881645548436e-02
9.999703637764333353e-01 -1.151370945047334174e-04 -7.681501358354240680e-03 3.128385278741086850e+01 1.151446362291228735e-04 1.000000227894092264e+00 3.971512752252172716e-07 4.375623414852097479e-04 7.681500428592350806e-03 -1.281554449741361752e-06 9.999705437463475288e-01 5.496130463065362903e-02
9.999813229831092665e-01 -1.151203064052478087e-04 -6.091893907323394503e-03 3.127995300773223875e+01 1.151261241444196472e-04 1.000000227896182148e+00 4.580076374676433573e-07 4.353084258552101181e-04 6.091892007093483580e-03 -1.159255210091808850e-06 9.999815029440691783e-01 5.479053920805077027e-02
9.999881020452260350e-01 -1.151064275627669081e-04 -4.842135251478960935e-03 3.127685320592764739e+01 1.151103965428327506e-04 1.000000227897861027e+00 5.320606071270792870e-07 4.350293400637365816e-04 4.842132887703669980e-03 -1.089371092324201289e-06 9.999883416062597119e-01 5.463022296635422492e-02
9.999916745797338136e-01 -1.150975485841443645e-04 -4.055104054185452479e-03 3.127485332681070673e+01 1.151014216009405277e-04 1.000000227898959038e+00 5.528407765768059601e-07 4.345912864630091434e-04 4.055101912519006729e-03 -1.019515627650254255e-06 9.999917949291990960e-01 5.453177935785147312e-02
9.999949256132119046e-01 -1.150877903961651212e-04 -3.150505666885044641e-03 3.127265347634070025e+01 1.150908920625373617e-04 1.000000227900224692e+00 5.173316843061155449e-07 4.349094458867182604e-04 3.150504130918312801e-03 -8.798585312352853811e-07 9.999950459625155386e-01 5.442600125098717712e-02
9.999968979948944403e-01 -1.150797301903659767e-04 -2.410942854966772412e-03 3.127085362952196590e+01 1.150811698524720715e-04 1.000000227901121752e+00 6.373529098152065218e-07 4.347149933070303769e-04 2.410940734001222521e-03 -9.147346371869597310e-07 9.999971375502504367e-01 5.432086301461058753e-02
9.999980951192994905e-01 -1.150740020965442819e-04 -1.889684000079220249e-03 3.126955369991560474e+01 1.150756390804275265e-04 1.000000227901924665e+00 5.402556437080027253e-07 4.346303879207700821e-04 1.889682001524428320e-03 -7.576444895573786804e-07 9.999982154639932563e-01 5.426766177540365277e-02
9.999987020655426440e-01 -1.150692437900404746e-04 -1.536953539629637390e-03 3.126865373950107596e+01 1.150713107642962102e-04 1.000000227902578143e+00 4.412207413712242239e-07 4.340334533742938464e-04 1.536951427384728678e-03 -6.180060548836081402e-07 9.999988224089896294e-01 5.423811133728051459e-02
9.999990912959011435e-01 -1.150653042560796104e-04 -1.206144194956157260e-03 3.126785377401368393e+01 1.150670100613051161e-04 1.000000227903052874e+00 4.443824141996904340e-07 4.340582266832609449e-04 1.206142013517796799e-03 -5.830991866085787586e-07 9.999992712428440456e-01 5.419877424542640654e-02
9.999993888337767034e-01 -1.150631231068495496e-04 -9.594594192116513579e-04 3.126725386542623042e+01 1.150633580930163999e-04 1.000000227903242722e+00 5.774896585056951288e-07 4.343266287570284457e-04 9.594573696423262278e-04 -6.878155676041071146e-07 9.999995091752519327e-01 5.415471398691584781e-02
9.999995327402029233e-01 -1.150601835528651946e-04 -7.473496362227875778e-04 3.126675392702227185e+01 1.150615091945394672e-04 1.000000227903605099e+00 5.669849398469691368e-07 4.342170784783561176e-04 7.473475214903704030e-04 -6.529104289571195484e-07 9.999996530810205675e-01 5.412689511286128408e-02
9.999995767290250637e-01 -1.150580929986091342e-04 -6.087360205842884181e-04 3.126645395821895335e+01 1.150595652261139981e-04 1.000000227903811378e+00 6.352901054495700193e-07 4.343512467275664670e-04 6.087333874935040544e-04 -7.052668889253002761e-07 9.999997566735814303e-01 5.410244855065204916e-02
9.999996463723258566e-01 -1.150571836137951004e-04 -4.943294221487119864e-04 3.126615399771745629e+01 1.150575364009533922e-04 1.000000227903953043e+00 5.960936823402532955e-07 4.344855904374262442e-04 4.943273783049473985e-04 -6.529052407802206619e-07 9.999997667121079958e-01 5.409190532422858411e-02
9.999996943594690046e-01 -1.150560628467065758e-04 -3.972540309235537449e-04 3.126585405409871754e+01 1.150567211632882704e-04 1.000000227904036532e+00 6.770804684810559799e-07 4.336198174110627158e-04 3.972523457149487584e-04 -7.227134010036481641e-07 9.999998146991070369e-01 5.407042626012259490e-02
9.999997269395533017e-01 -1.150551836544801214e-04 -3.152410326131305251e-04 3.126565406210012199e+01 1.150560919587207261e-04 1.000000227904188188e+00 6.167014928470109996e-07 4.343760654650451582e-04 3.152393019124374147e-04 -6.529017822311779846e-07 9.999998472790202486e-01 5.406609883913127135e-02
9.999997465322778556e-01 -1.150542138674041058e-04 -2.530897084973008282e-04 3.126555405805941845e+01 1.150547089343971350e-04 1.000000227904310979e+00 6.064069845932897819e-07 4.347541261933863393e-04 2.530882342598438366e-04 -6.354500806749144377e-07 9.999998668715763817e-01 5.405890169634375297e-02
9.999997635698371079e-01 -1.150531232928356012e-04 -1.857727245321636042e-04 3.126535407797856081e+01 1.150542611711993861e-04 1.000000227904403127e+00 6.665056238328982520e-07 4.345102817724460186e-04 1.857701666049674032e-04 -6.878082670538869949e-07 9.999998839086855495e-01 5.404555454144777116e-02
9.999997112377945196e-01 -1.150530024881218075e-04 -1.466253211941285042e-04 3.126525412609922228e+01 1.150531567048772758e-04 1.000000227904368932e+00 7.408165281526928202e-07 4.338882671949388669e-04 1.466230524775771565e-04 -7.576281576514891711e-07 9.999998315764204726e-01 5.403042168646177146e-02
9.999997156726909697e-01 -1.150530628904771933e-04 -1.163785862144162321e-04 3.126515417332904789e+01 1.150537800518018768e-04 1.000000227904388250e+00 7.093902562977351022e-07 4.342663962502220799e-04 1.163760941379340865e-04 -7.227182122692886896e-07 9.999998360113162565e-01 5.402834446081739017e-02
9.999996592266995332e-01 -1.150520327183598095e-04 -8.923823357779434224e-05 3.126515418710657812e+01 1.150528248254583367e-04 1.000000227904494166e+00 7.299784976085923552e-07 4.342663230859336500e-04 8.923596575850280006e-05 -7.401664525114635707e-07 9.999998391697929589e-01 5.402243207108448075e-02
9.999996606705048308e-01 -1.150518817211270800e-04 -7.305933169265764026e-05 3.126505423999726574e+01 1.150526232582463321e-04 1.000000227904446870e+00 8.191038382731578238e-07 4.336443214783205916e-04 7.305699075773519808e-05 -8.274363005785636062e-07 9.999997810088340211e-01 5.400823139221744285e-02
9.999996617059192516e-01 -1.150520931034092008e-04 -5.888733225737982640e-05 3.126505424271687872e+01 1.150524466690084436e-04 1.000000227904523697e+00 6.985577480068554743e-07 4.336444714457808082e-04 5.888501276875155377e-05 -7.052665052099569047e-07 9.999997820442980689e-01 5.402027834770528614e-02
9.999996624058692385e-01 -1.150523045029761606e-04 -4.700137243368753383e-05 3.126505423213986745e+01 1.150522985449426420e-04 1.000000227904585426e+00 5.777563003492986843e-07 4.346446263870988548e-04 4.699903191931612326e-05 -5.830867167198845809e-07 9.999997827442885789e-01 5.403431803595992733e-02
9.999996033304318077e-01 -1.150521535057538394e-04 -3.574472587357161287e-05 3.126495422492540044e+01 1.150515410586356593e-04 1.000000227904551897e+00 6.663156580630517818e-07 4.340227051829920234e-04 3.574187912718688272e-05 -6.703565657382286624e-07 9.999997832732898662e-01 5.402718292824371105e-02
9.999996035786087312e-01 -1.150521233132291709e-04 -2.879771724745678284e-05 3.126495424706967086e+01 1.150524544602754513e-04 1.000000227904543681e+00 6.845648561375472149e-07 4.340226329347770173e-04 2.879589087880423409e-05 -6.878065348097974746e-07 9.999997835215774789e-01 5.402120648193076136e-02
9.999996037459887299e-01 -1.150520931034050809e-04 -2.298555449067759721e-05 3.126495426387786125e+01 1.150523820106515009e-04 1.000000227904535022e+00 7.026848789724397248e-07 4.340225850333926066e-04 2.298390085055799882e-05 -7.052665031975871459e-07 9.999996644796681489e-01 5.401726468502410228e-02
9.999996038771978846e-01 -1.150511535262454209e-04 -1.727824156244052808e-05 3.126495427362173629e+01 1.150523108536292776e-04 1.000000227904667582e+00 6.684442061631195729e-07 4.340225861679933750e-04 1.727591083419434935e-05 -6.703548357326952850e-07 9.999996646108690879e-01 5.401728417343898414e-02
9.999996039519838398e-01 -1.150510931239001454e-04 -1.295038583028823534e-05 3.126495428449539560e+01 1.150522568971119636e-04 1.000000227904651151e+00 7.038369658327168034e-07 4.340225624877578139e-04 1.294791849310520849e-05 -7.052647717007752908e-07 9.999996646856134097e-01 5.401529900338086776e-02
9.999996039806977599e-01 -1.150520025085166918e-04 -1.073367424710280831e-05 3.126495430214442095e+01 1.150522292570060206e-04 1.000000227904509487e+00 7.564522550418768869e-07 4.340224647724500720e-04 1.073092244592068080e-05 -7.576264080598777468e-07 9.999996647142783690e-01 5.400730663037522916e-02
9.999996039806977599e-01 -1.150520025085168137e-04 -1.073367424710272869e-05 3.126495432463741864e+01 1.150522292570067931e-04 1.000000227904509487e+00 7.564522550418796397e-07 4.340223052653970526e-04 1.073092244592071638e-05 -7.576264080598774292e-07 9.999996647142783690e-01 5.399430665422011444e-02
9.999996040003642506e-01 -1.150517609337417643e-04 -8.901511800035784446e-06 3.126495435028048675e+01 1.150522064163628255e-04 1.000000227904431327e+00 8.962879992420608222e-07 4.340221461118395864e-04 8.898925722348393510e-06 -8.972461588368592382e-07 9.999996647338335043e-01 5.398131297577846155e-02
9.999996040199414793e-01 -1.150517609337416559e-04 -6.701475001844283872e-06 3.126495435060504491e+01 1.150521789996451934e-04 1.000000227904431327e+00 8.965485754061974393e-07 4.340221710935944239e-04 6.699929706043060594e-06 -8.972461588368620969e-07 9.999996647534115102e-01 5.398332054614929376e-02
9.999996040199414793e-01 -1.150517609337424962e-04 -6.701475001844440573e-06 3.126495433503291821e+01 1.150521789996450443e-04 1.000000227904431327e+00 8.965485754061966982e-07 4.340222815215150835e-04 6.699929706043163085e-06 -8.972461588368582853e-07 9.999996647534115102e-01 5.399232052970415197e-02
9.999996040332800318e-01 -1.150518515286160588e-04 -4.712116088204448423e-06 3.126495434365315873e+01 1.150521541881962639e-04 1.000000227904467742e+00 8.444180603412488128e-07 4.340222451160957685e-04 4.709933228356866249e-06 -8.448862543751011895e-07 9.999996647667870331e-01 5.398932739370598810e-02
9.999996040332800318e-01 -1.150518515286158691e-04 -4.712116088204329839e-06 3.126495435057405814e+01 1.150521541881969822e-04 1.000000227904467742e+00 8.444180603412488128e-07 4.340221960369823281e-04 4.709933228356849309e-06 -8.448862543751010836e-07 9.999996647667870331e-01 5.398532740100137062e-02
9.999996040332800318e-01 -1.150518515286156793e-04 -4.712116088204211254e-06 3.126495433846240246e+01 1.150521541881977005e-04 1.000000227904467742e+00 8.444180603412488128e-07 4.340222819253496556e-04 4.709933228356832368e-06 -8.448862543751009778e-07 9.999996647667870331e-01 5.399232738823478428e-02
9.999996040419998344e-01 -1.150510327388703781e-04 -2.862433905801507858e-06 3.126495431397090030e+01 1.150521311218551904e-04 1.000000227904650485e+00 7.399079658349138009e-07 4.340224786129313504e-04 2.859936587394775143e-06 -7.401647137638889627e-07 9.999996647755873269e-01 5.400833374508318130e-02
9.999996040419998344e-01 -1.150510327388710964e-04 -2.862433905801706911e-06 3.126495431570112871e+01 1.150521311218543908e-04 1.000000227904650485e+00 7.399079658349108363e-07 4.340224663433350414e-04 2.859936587394888221e-06 -7.401647137638884333e-07 9.999996647755873269e-01 5.400733374690380728e-02
9.999996040419998344e-01 -1.150510327388718147e-04 -2.862433905801905964e-06 3.126495428974761737e+01 1.150521311218535912e-04 1.000000227904650485e+00 7.399079658349078717e-07 4.340226503900454762e-04 2.859936587395001300e-06 -7.401647137638879039e-07 9.999996647755873269e-01 5.402233371959441754e-02
9.999996040471975656e-01 -1.150515159057156157e-04 -1.046667037506324572e-06 3.126495425032954500e+01 1.150521084915136607e-04 1.000000227904801697e+00 4.608635636738724332e-07 4.350228893006114731e-04 1.044939905602895987e-06 -4.609152324032006956e-07 9.999996647809868966e-01 5.404333993850274354e-02
9.999996040471975656e-01 -1.150515159057159952e-04 -1.046667037506023663e-06 3.126495427282251427e+01 1.150521084915138910e-04 1.000000227904801697e+00 4.608635636738722744e-07 4.350227297936907263e-04 1.044939905603061159e-06 -4.609152324031985250e-07 9.999996647809868966e-01 5.403033996213002510e-02
9.999996040471975656e-01 -1.150515159057163747e-04 -1.046667037505722755e-06 3.126495434722246358e+01 1.150521084915141214e-04 1.000000227904801697e+00 4.608635636738721156e-07 4.350222021936867847e-04 1.044939905603226330e-06 -4.609152324031963545e-07 9.999996647809868966e-01 5.398734004210092863e-02
9.999996040471975656e-01 -1.150515159057167541e-04 -1.046667037505421846e-06 3.126495439393868736e+01 1.150521084915143518e-04 1.000000227904801697e+00 4.608635636738719567e-07 4.350218709099817806e-04 1.044939905603391502e-06 -4.609152324031941840e-07 9.999996647809868966e-01 5.396034009117300911e-02
9.999996040471975656e-01 -1.150515159057171336e-04 -1.046667037505120938e-06 3.126495443719444012e+01 1.150521084915145822e-04 1.000000227904801697e+00 4.608635636738717979e-07 4.350215641658199172e-04 1.044939905603556673e-06 -4.609152324031920135e-07 9.999996647809868966e-01 5.393534013661005488e-02
9.999996040453320578e-01 -1.150510663673196194e-04 -2.826906238900886414e-06 3.126495448634852181e+01 1.150521306858273896e-04 1.000000227904467076e+00 1.298419810462571470e-06 4.330213198246329366e-04 2.824936628222532218e-06 -1.298675418321635703e-06 9.999996647787405823e-01 5.391233404775963578e-02
9.999996040453320578e-01 -1.150510663673206900e-04 -2.826906238901330682e-06 3.126495447596715138e+01 1.150521306858277691e-04 1.000000227904467076e+00 1.298419810462569988e-06 4.330213934433476308e-04 2.824936628222695272e-06 -1.298675418321633162e-06 9.999996647787405823e-01 5.391833403683632397e-02
9.999996040453320578e-01 -1.150510663673217607e-04 -2.826906238901774951e-06 3.126495447423693719e+01 1.150521306858281486e-04 1.000000227904467076e+00 1.298419810462568506e-06 4.330214057132041484e-04 2.824936628222858325e-06 -1.298675418321630621e-06 9.999996647787405823e-01 5.391933403501569799e-02
9.999996040453320578e-01 -1.150510663673228313e-04 -2.826906238902219220e-06 3.126495447077648038e+01 1.150521306858285280e-04 1.000000227904467076e+00 1.298419810462567023e-06 4.330214302528309351e-04 2.824936628223021379e-06 -1.298675418321628080e-06 9.999996647787405823e-01 5.392133403137489012e-02
9.999996040453320578e-01 -1.150510663673239020e-04 -2.826906238902663489e-06 3.126495445174395371e+01 1.150521306858289075e-04 1.000000227904467076e+00 1.298419810462565541e-06 4.330215652203760505e-04 2.824936628223184433e-06 -1.298675418321625538e-06 9.999996647787405823e-01 5.393233401134844840e-02
9.999996040453320578e-01 -1.150510663673249726e-04 -2.826906238903107758e-06 3.126495448115790765e+01 1.150521306858292870e-04 1.000000227904467076e+00 1.298419810462564059e-06 4.330213566343992719e-04 2.824936628223347487e-06 -1.298675418321622997e-06 9.999996647787405823e-01 5.391533404229820192e-02
9.999996040453320578e-01 -1.150510663673260433e-04 -2.826906238903552026e-06 3.126495447250675142e+01 1.150521306858296665e-04 1.000000227904467076e+00 1.298419810462562576e-06 4.330214179833403359e-04 2.824936628223510541e-06 -1.298675418321620456e-06 9.999996647787405823e-01 5.392033403319551610e-02
9.999996040453320578e-01 -1.150510663673271139e-04 -2.826906238903996295e-06 3.126495443963234777e+01 1.150521306858300459e-04 1.000000227904467076e+00 1.298419810462561094e-06 4.330216511090545441e-04 2.824936628223673595e-06 -1.298675418321617915e-06 9.999996647787405823e-01 5.393933399860451061e-02
9.999996040453320578e-01 -1.150510663673281846e-04 -2.826906238904440564e-06 3.126495440329751574e+01 1.150521306858304254e-04 1.000000227904467076e+00 1.298419810462559612e-06 4.330219087742881489e-04 2.824936628223836648e-06 -1.298675418321615374e-06 9.999996647787405823e-01 5.396033396037269725e-02
9.999996040453320578e-01 -1.150510663673292552e-04 -2.826906238904884833e-06 3.126495440848821517e+01 1.150521306858308049e-04 1.000000227904467076e+00 1.298419810462558129e-06 4.330218719650845145e-04 2.824936628223999702e-06 -1.298675418321612833e-06 9.999996647787405823e-01 5.395733396583413111e-02
9.999996040453320578e-01 -1.150510663673303259e-04 -2.826906238905329101e-06 3.126495443617195491e+01 1.150521306858311843e-04 1.000000227904467076e+00 1.298419810462556647e-06 4.330216756488536106e-04 2.824936628224162756e-06 -1.298675418321610292e-06 9.999996647787405823e-01 5.394133399496325865e-02
9.999996040453320578e-01 -1.150510663673313965e-04 -2.826906238905773370e-06 3.126495447423707930e+01 1.150521306858315638e-04 1.000000227904467076e+00 1.298419810462555165e-06 4.330214057140219079e-04 2.824936628224325810e-06 -1.298675418321607751e-06 9.999996647787405823e-01 5.391933403501569799e-02
9.999996040453320578e-01 -1.150510663673324672e-04 -2.826906238906217639e-06 3.126495447423707930e+01 1.150521306858319433e-04 1.000000227904467076e+00 1.298419810462553683e-06 4.330214057141047951e-04 2.824936628224488864e-06 -1.298675418321605210e-06 9.999996647787405823e-01 5.391933403501614208e-02
9.999996040453320578e-01 -1.150510663673335378e-04 -2.826906238906661908e-06 3.126495449846032670e+01 1.150521306858323227e-04 1.000000227904467076e+00 1.298419810462552200e-06 4.330212339374145923e-04 2.824936628224651918e-06 -1.298675418321602669e-06 9.999996647787405823e-01 5.390533406050446175e-02
9.999996040453320578e-01 -1.150510663673346085e-04 -2.826906238907106177e-06 3.126495451230217526e+01 1.150521306858327022e-04 1.000000227904467076e+00 1.298419810462550718e-06 4.330211357793527270e-04 2.824936628224814972e-06 -1.298675418321600127e-06 9.999996647787405823e-01 5.389733407506902552e-02
9.999996040453320578e-01 -1.150510663673356791e-04 -2.826906238907550445e-06 3.126495452960454458e+01 1.150521306858330817e-04 1.000000227904467076e+00 1.298419810462549236e-06 4.330210130817535759e-04 2.824936628224978025e-06 -1.298675418321597586e-06 9.999996647787405823e-01 5.388733409327439716e-02
9.999996040453320578e-01 -1.150510663673367498e-04 -2.826906238907994714e-06 3.126495452268363096e+01 1.150521306858334612e-04 1.000000227904467076e+00 1.298419810462547753e-06 4.330210621608964524e-04 2.824936628225141079e-06 -1.298675418321595045e-06 9.999996647787405823e-01 5.389133408599233732e-02
9.999996040453320578e-01 -1.150510663673378204e-04 -2.826906238908438983e-06 3.126495453825575765e+01 1.150521306858338406e-04 1.000000227904467076e+00 1.298419810462546271e-06 4.330209517330676789e-04 2.824936628225304133e-06 -1.298675418321592504e-06 9.999996647787405823e-01 5.388233410237752707e-02
9.999996040453320578e-01 -1.150510663673388911e-04 -2.826906238908883252e-06 3.126495453652554346e+01 1.150521306858342201e-04 1.000000227904467076e+00 1.298419810462544789e-06 4.330209640028964409e-04 2.824936628225467187e-06 -1.298675418321589963e-06 9.999996647787405823e-01 5.388333410055690109e-02
9.999996040453320578e-01 -1.150510663673399617e-04 -2.826906238909327520e-06 3.126495453133487246e+01 1.150521306858345996e-04 1.000000227904467076e+00 1.298419810462543306e-06 4.330210008122968579e-04 2.824936628225630241e-06 -1.298675418321587422e-06 9.999996647787405823e-01 5.388633409509502314e-02
9.999996040453320578e-01 -1.150510663673410324e-04 -2.826906238909771789e-06 3.126495454517675654e+01 1.150521306858349790e-04 1.000000227904467076e+00 1.298419810462541824e-06 4.330209026542106523e-04 2.824936628225793295e-06 -1.298675418321584881e-06 9.999996647787405823e-01 5.387833410965958691e-02
9.999996040453320578e-01 -1.150510663673421030e-04 -2.826906238910216058e-06 3.126495453306514349e+01 1.150521306858353585e-04 1.000000227904467076e+00 1.298419810462540342e-06 4.330209885426678602e-04 2.824936628225956348e-06 -1.298675418321582340e-06 9.999996647787405823e-01 5.388533409691564913e-02
9.999996040453320578e-01 -1.150510663673431737e-04 -2.826906238910660327e-06 3.126495448807913391e+01 1.150521306858357380e-04 1.000000227904467076e+00 1.298419810462538859e-06 4.330213075567563891e-04 2.824936628226119402e-06 -1.298675418321579799e-06 9.999996647787405823e-01 5.391133404958070585e-02
9.999996040453320578e-01 -1.150510663673442443e-04 -2.826906238911104596e-06 3.126495451057216002e+01 1.150521306858361175e-04 1.000000227904467076e+00 1.298419810462537377e-06 4.330211480498397623e-04 2.824936628226282456e-06 -1.298675418321577258e-06 9.999996647787405823e-01 5.389833407324839953e-02
9.999996040453320578e-01 -1.150510663673453150e-04 -2.826906238911548864e-06 3.126495453133498614e+01 1.150521306858364969e-04 1.000000227904467076e+00 1.298419810462535895e-06 4.330210008126966575e-04 2.824936628226445510e-06 -1.298675418321574716e-06 9.999996647787405823e-01 5.388633409509502314e-02
9.999996040453320578e-01 -1.150510663673463856e-04 -2.826906238911993133e-06 3.126495453825594950e+01 1.150521306858368764e-04 1.000000227904467076e+00 1.298419810462534413e-06 4.330209517336982509e-04 2.824936628226608564e-06 -1.298675418321572175e-06 9.999996647787405823e-01 5.388233410237752707e-02
9.999996040453320578e-01 -1.150510663673474563e-04 -2.826906238912437402e-06 3.126495450711178847e+01 1.150521306858372559e-04 1.000000227904467076e+00 1.298419810462532930e-06 4.330211725895866787e-04 2.824936628226771618e-06 -1.298675418321569634e-06 9.999996647787405823e-01 5.390033406960714757e-02
9.999996040453320578e-01 -1.150510663673485269e-04 -2.826906238912881671e-06 3.126495444309322380e+01 1.150521306858376353e-04 1.000000227904467076e+00 1.298419810462531448e-06 4.330216265711040423e-04 2.824936628226934671e-06 -1.298675418321567093e-06 9.999996647787405823e-01 5.393733400042721726e-02
