1.000000000000000000e+00 0.000000000000000000e+00 0.000000000000000000e+00 0.000000000000000000e+00 0.000000000000000000e+00 1.000000000000000000e+00 0.000000000000000000e+00 0.000000000000000000e+00 0.000000000000000000e+00 0.000000000000000000e+00 1.000000000000000000e+00 0.000000000000000000e+00
9.998134970664978027e-01 -1.214988005813211203e-04 -1.931286044418811798e-02 1.412895742803812027e+00 1.278217241633683443e-04 9.999999403953552246e-01 3.268170403316617012e-04 -2.891032781917601824e-04 1.931282505393028259e-02 -3.292254114057868719e-04 9.998134970664978027e-01 -1.011468563228845596e-02
9.998599248227076908e-01 -1.811118113130003645e-04 -1.673615995571274551e-02 2.120377570289190494e+00 1.924820176999816760e-04 9.999997576400204702e-01 6.781637342432391986e-04 -9.569257866986610392e-04 1.673602752901151569e-02 -6.812905435047213491e-04 9.998598164918389708e-01 -1.376281546252000609e-02
9.997402544786907486e-01 -3.161286794061679280e-04 2.279190165472029864e-02 2.993695191210183459e+00 2.969281534627726685e-04 9.999996262286962034e-01 8.452728240754342958e-04 -8.377924969270884176e-04 -2.279216110450271379e-02 -8.382853855516616973e-04 9.997399363263494987e-01 -2.273768221698668768e-02
9.988989157093797200e-01 -4.682774511606833186e-04 4.691129472278704471e-02 3.627024880822280029e+00 4.034674880050878555e-04 9.999990128206025508e-01 1.390903467482747582e-03 -1.815578713334453989e-03 -4.691190463553097240e-02 -1.370445095338755203e-03 9.988981221869718263e-01 -2.712568479259003240e-02
9.993099380086306605e-01 -8.493788986321141677e-04 3.713327246046077557e-02 4.777354234057982652e+00 7.461482203486007742e-04 9.999959117065131409e-01 2.793328864730582582e-03 -4.549499996148897996e-03 -3.713549005917096690e-02 -2.763695208809095055e-03 9.993065051191130088e-01 -2.450826651998250227e-02
9.998722556410388762e-01 -1.276524006149017945e-03 1.593521255865658695e-02 6.034432493555060617e+00 1.216945560534996116e-03 9.999922897342290451e-01 3.747171094219338590e-03 -5.442066638839138451e-03 -1.593987124935093355e-02 -3.727300254499638608e-03 9.998660766124906063e-01 -2.813527744821842091e-02
9.998784345740829860e-01 -1.631101155685450678e-03 1.550752433982871895e-02 6.885231675527478501e+00 1.558521605609718185e-03 9.999879225819662265e-01 4.690321758137686210e-03 -6.492738244127074093e-03 -1.551498444145914604e-02 -4.665583779275760297e-03 9.998688216932690720e-01 -3.272511378896525436e-02
9.997535396900866234e-01 -2.383591569193623666e-03 2.207439832376504110e-02 8.209050337539014919e+00 2.245801155195541274e-03 9.999779856954271740e-01 6.264047698315582460e-03 -7.680362217809506148e-03 -2.208883900273132805e-02 -6.212930011090107320e-03 9.997366989335126908e-01 -4.778469556935283080e-02
9.999004258843330328e-01 -2.995709657154075126e-03 1.379145262765519783e-02 9.634700089730769079e+00 2.900887885772318771e-03 9.999721000687672445e-01 6.889334611044814136e-03 -5.232403511344373148e-03 -1.381170558720841261e-02 -6.848641389802623269e-03 9.998812096921163572e-01 -7.227888545933303099e-02
9.999903401427023830e-01 -3.499695478478498292e-03 2.657778003888671900e-03 1.066325396054315178e+01 3.479590104802237488e-03 9.999656371784354514e-01 7.528941112607444135e-03 -3.523016272195964027e-03 -2.684035130043309000e-03 -7.519620277256521858e-03 9.999681954608087286e-01 -8.825616174546335735e-02
9.999659647288200448e-01 -4.502178563244854312e-03 -6.916077800790620088e-03 1.218003133131804283e+01 4.553916909539191225e-03 9.999617294333638107e-01 7.485985939144192657e-03 3.473869606472539812e-03 6.882104004399630832e-03 -7.517226667136810321e-03 9.999481870393126526e-01 -1.219217391067652922e-01
9.998994370136713439e-01 -6.001842528644717699e-03 -1.285343208816235733e-02 1.361206361187401370e+01 6.093854146636809577e-03 9.999560969944680799e-01 7.132110345156502870e-03 1.367711641219998900e-02 1.281005768759841887e-02 -7.209719725286824372e-03 9.998920674776395900e-01 -1.559687372887739176e-01
9.998489732300487320e-01 -6.839711960364722697e-03 -1.598013582158039000e-02 1.446590220974144181e+01 6.946078974646057932e-03 9.999541135585330309e-01 6.611178575756439593e-03 2.169930739423901744e-02 1.593417714349072006e-02 -6.721179084096941952e-03 9.998505826851135092e-01 -1.740034192518562506e-01
9.999537641394732335e-01 -8.131420131791050609e-03 5.138085120294824150e-03 1.601825882720801530e+01 8.098436766007154064e-03 9.999467842185548738e-01 6.406011966417874196e-03 3.589446580056079861e-02 -5.189903735679106227e-03 -6.364105054547230557e-03 9.999664473039833190e-01 -1.961111479170614125e-01
9.996384920659405759e-01 -9.598598190613061645e-03 2.511599342876021448e-02 1.719163196340162614e+01 9.436433476971550077e-03 9.999339536836037157e-01 6.566894909756242765e-03 4.825312410136657626e-02 -2.517736876245221453e-02 -6.327514849141997397e-03 9.996631422268983380e-01 -2.124147985371560576e-01
9.994906464835959792e-01 -1.108858305467336040e-02 2.992548111352947779e-02 1.804369481426391530e+01 1.089298731162090077e-02 9.999183028844588206e-01 6.690962501582593987e-03 5.867924012259149308e-02 -2.999724046908619490e-02 -6.361576052312979332e-03 9.995298645942456428e-01 -2.247641248243559264e-01
9.996395328612291964e-01 -1.319061324397948626e-02 2.338364610709829303e-02 1.944438355042930411e+01 1.306074064271968774e-02 9.998985499539212451e-01 5.697610784073671095e-03 8.138557116111018452e-02 -2.345643152639324824e-02 -5.390148910722733326e-03 9.997104887375743987e-01 -2.338430156743955823e-01
9.997070729729590211e-01 -1.386975269012569352e-02 1.983251529911122385e-02 2.043564008090674733e+01 1.377590879903507065e-02 9.998933918167680623e-01 4.860151571605116592e-03 9.820525888570730277e-02 -1.989781078295224659e-02 -4.585516666667424808e-03 9.997917060665917344e-01 -2.393117503683037661e-01
9.997092753426145562e-01 -1.548732668206228603e-02 1.847874325660537817e-02 2.193449457462427787e+01 1.539756944007185206e-02 9.998691027525689057e-01 4.989221559505987828e-03 1.216241681995896134e-01 -1.855359415505859061e-02 -4.703242546681266935e-03 9.998169790710754734e-01 -2.509527725290146005e-01
9.997289273255032249e-01 -1.686757150960670887e-02 1.604893392578598046e-02 2.294818470972577273e+01 1.680399683208921163e-02 9.998505233450464269e-01 4.087367602589186619e-03 1.424371530689419740e-01 -1.611548087556950032e-02 -3.816572899065436963e-03 9.998629894111933369e-01 -2.568009463853766494e-01
9.997837413284491603e-01 -1.911111680430329848e-02 8.201531433070506291e-03 2.395366374222520278e+01 1.908239476236102058e-02 9.998116121007519785e-01 3.565021972207549957e-03 1.646244991209823150e-01 -8.268119798652310073e-03 -3.407745673454963889e-03 9.999600857947842369e-01 -2.595958526865391747e-01
9.997516874309889667e-01 -2.179067525431275729e-02 -4.675690660286163126e-03 2.525215543248273420e+01 2.179698421897165866e-02 9.997615532924328807e-01 1.304128751784201399e-03 2.012574901152078821e-01 4.646151843536799712e-03 -1.405719659732648872e-03 9.999883465661799642e-01 -2.648595150578327839e-01
9.996364502644431438e-01 -2.271649057602676686e-02 1.452934694367784274e-02 2.638218041972859140e+01 2.271309211819482268e-02 9.997419432118648253e-01 3.984575441255597782e-04 2.322133393073993191e-01 -1.453465138750396381e-02 -6.830560845126703543e-05 9.998944892348977653e-01 -2.718313213721268440e-01
9.993695518742302664e-01 -2.394858267605913180e-02 2.621359280472075268e-02 2.712999698356194500e+01 2.391366962953977646e-02 9.997127496294575533e-01 1.644321891936687289e-03 2.485645736761667168e-01 -2.624544762683943613e-02 -1.016421474272442924e-03 9.996550616490452734e-01 -2.744911595077579314e-01
9.991812207394239476e-01 -2.624971194052578422e-02 3.078681457097179330e-02 2.833272772952222951e+01 2.620320711174303069e-02 9.996549121450063469e-01 1.912753967684484085e-03 2.815194333449003716e-01 -3.082639204763118479e-02 -1.104474086436157531e-03 9.995242041020083734e-01 -2.783982608199249142e-01
9.992961348829961787e-01 -2.963966575859414143e-02 2.299489290208397985e-02 2.965974116534695781e+01 2.961212625914002791e-02 9.995603290160594012e-01 1.536544446470914423e-03 3.239323227016586704e-01 -2.303032252565255164e-02 -8.545339294897734373e-04 9.997344541869721546e-01 -2.874567561871346211e-01
9.993737193219096593e-01 -3.174653771019787796e-02 1.563142326373355429e-02 3.060216530510146171e+01 3.173365725988953195e-02 9.994958284454171782e-01 1.070731262875350507e-03 3.565317630296892526e-01 -1.565753837584143299e-02 -5.740181027930317146e-04 9.998772311011887570e-01 -3.032825617978960331e-01
9.993603155860242282e-01 -3.539295969143631260e-02 5.145262773988176774e-03 3.208405119155265339e+01 3.538665721995232216e-02 9.993728328989409659e-01 1.310507900477716082e-03 4.092707391997242317e-01 -5.188423198591813300e-03 -1.127594966721955734e-03 9.999859458891954267e-01 -3.290373686377665585e-01
9.992431211902642607e-01 -3.882753263323303339e-02 -2.381145853198699501e-03 3.309615716053743739e+01 3.883148225915189489e-02 9.992444949564922574e-01 1.637384430339570811e-03 4.492910097361753063e-01 2.315770380732521446e-03 -1.728607949410145180e-03 9.999958712244610970e-01 -3.460319424051423454e-01
9.988989830570040862e-01 -4.613817649824926426e-02 -8.499550918748531927e-03 3.457425576356511954e+01 4.615379037361459769e-02 9.989330426617434311e-01 1.650909904655237541e-03 5.200122039128947105e-01 8.414309229457449593e-03 -2.041377855337105432e-03 9.999625642700987749e-01 -3.806552352659515748e-01
9.983454614128984828e-01 -5.598507905725095407e-02 -1.311811777644432755e-02 3.593288989910343645e+01 5.600044916554408614e-02 9.984304540251864868e-01 8.073262693053942030e-04 6.037486063147944337e-01 1.305231904739447522e-02 -1.540609613679883895e-03 9.999136129214157842e-01 -4.126596108461890733e-01
9.978691137374265940e-01 -6.491473589044999271e-02 -6.577411752067275665e-03 3.676994220831837623e+01 6.492025235662503280e-02 9.978903127647527072e-01 6.294547194473292884e-04 6.679910831006667937e-01 6.522675613350138388e-03 -1.055119903757360377e-03 9.999781657095221377e-01 -4.297085874251700410e-01
9.966557110699305611e-01 -8.113642646600575936e-02 9.706983348546664378e-03 3.795223056242509330e+01 8.112333333352653164e-02 9.967026374283560752e-01 1.734892828343970054e-03 7.763369674128460796e-01 -9.815739509312703531e-03 -9.416278977891102010e-04 9.999514217237333025e-01 -4.437868327055607409e-01
9.952971003600625810e-01 -9.397290726289352081e-02 2.351203644231752640e-02 3.877428971197916496e+01 9.393799538125020832e-02 9.955746861198795372e-01 2.587039165021664047e-03 8.670600163041614072e-01 -2.365110431417988268e-02 -3.661979006299445551e-04 9.997202612009868927e-01 -4.543092610026451261e-01
9.924657618166884410e-01 -1.186487569454384716e-01 3.056385158521770368e-02 4.009738304503532902e+01 1.185610141158285474e-01 9.929357540845241692e-01 4.671875000146167613e-03 1.037066002621583216e+00 -3.090225791105363079e-02 -1.012991863637339356e-03 9.995218298479844332e-01 -4.731879953310382803e-01
9.900223914118843060e-01 -1.385326605481914108e-01 2.577283893412228577e-02 4.105944281183027300e+01 1.384183016760084373e-01 9.903545857254860696e-01 6.178170194170085582e-03 1.181283285249147941e+00 -2.638012282032981340e-02 -2.549094331137105162e-03 9.996487085318035426e-01 -4.803826053142030705e-01
9.842660601021705480e-01 -1.756072486586569004e-01 1.955464088079851212e-02 4.255308524159796235e+01 1.754507359867384375e-01 9.844427675510125653e-01 9.465619696846611433e-03 1.453470226730274595e+00 -2.091265780029985186e-02 -5.885812590499547511e-03 9.997639632679916621e-01 -4.893134162318890645e-01
9.792639129994188396e-01 -2.019970391426305634e-01 1.546730402779460806e-02 4.356108465259232077e+01 2.018570804641136307e-01 9.793624620797501956e-01 1.014752469923919237e-02 1.676808336144822498e+00 -1.719786792013063004e-02 -6.814920063031936794e-03 9.998288076617769526e-01 -4.967753767522806729e-01
9.735169499793154824e-01 -2.284296445255840080e-01 9.196735243288966383e-03 4.455998707450444130e+01 2.283250154594942127e-01 9.735209417418088096e-01 1.117094415827427079e-02 1.924379683102604321e+00 -1.150499093823826972e-02 -8.775257619187371363e-03 9.998952763055773962e-01 -5.060108594145766858e-01
9.642309615965100056e-01 -2.648661856740155973e-01 -1.021834811437180579e-02 4.593576486119815883e+01 2.649488648052244488e-01 9.642308289031029656e-01 7.809259503639419918e-03 2.319165130533741959e+00 7.784438976639477051e-03 -1.023726705491749198e-02 9.999173145270322527e-01 -5.227727154999208814e-01
9.580793327916586888e-01 -2.858638849283918204e-01 -1.912427485569527866e-02 4.670295663357129712e+01 2.859954464790537276e-01 9.582205215396421005e-01 4.481518018248717948e-03 2.571762693250055243e+00 1.704415873439163454e-02 -9.763103102819399234e-03 9.998070487970172060e-01 -5.312845909265007105e-01
9.486807270128495562e-01 -3.161723458846428803e-01 6.314232931123917904e-03 4.770331990727370908e+01 3.160361519433411148e-01 9.486026424710930494e-01 1.655357450724487950e-02 2.920564229460053340e+00 -1.122348071698155147e-02 -1.370852513755561539e-02 9.998430169076039098e-01 -5.426579524756256490e-01
9.397438890508500453e-01 -3.412824613978320820e-01 2.018831597880282880e-02 4.837081294142483046e+01 3.406912010637982990e-01 9.397628205423046444e-01 2.784542821273409616e-02 3.170695418277570177e+00 -2.847538930351779449e-02 -1.928959033004959411e-02 9.994083259065023039e-01 -5.529437733441031622e-01
9.295150820707335226e-01 -3.680523202860180865e-01 2.321735144156170799e-02 4.910808454472822149e+01 3.673672065578020840e-01 9.296206115052707553e-01 2.910097887859217775e-02 3.490665985464202148e+00 -3.229401629770154575e-02 -1.852050079507491440e-02 9.993067889342488463e-01 -5.634134738604357207e-01
9.169563450132449667e-01 -3.987494419969109249e-01 1.377692378083730795e-02 5.028830500277273075e+01 3.984775044431042024e-01 9.169836888038478406e-01 1.888306285704425755e-02 4.048550651815634005e+00 -2.016282243378808223e-02 -1.182515079576909774e-02 9.997267556307697367e-01 -5.779601070870499235e-01
9.085459098732939776e-01 -4.177226305395108086e-01 7.205654562556406545e-03 5.110648097104289889e+01 4.175434362000365329e-01 9.084723638026406256e-01 1.831360963011534684e-02 4.437056483033690490e+00 -1.419614114065823225e-02 -1.363007498893565803e-02 9.998063661886115172e-01 -5.885760895866898323e-01
8.963588073104479248e-01 -4.432088570951246420e-01 1.032330972756788368e-02 5.236290391956318757e+01 4.429748790181645690e-01 8.963305495584602545e-01 1.909776171930497451e-02 5.078380410392581368e+00 -1.771739522566300948e-02 -1.254548565745928872e-02 9.997642874358174669e-01 -6.058501312092112734e-01
8.778570197141130071e-01 -4.787971575856487250e-01 1.095957595916140226e-02 5.364207889924542627e+01 4.783648656223669082e-01 8.777092476812424771e-01 2.817015466574131904e-02 5.771724173624440901e+00 -2.310710741986591807e-02 -1.948669195548463975e-02 9.995429792421135495e-01 -6.214454166928300438e-01
8.646281933296458000e-01 -5.022829400623938234e-01 1.139277578636598356e-02 5.450430892990326726e+01 5.019035736821234606e-01 8.645510230875070867e-01 2.538367304063141386e-02 6.304448351499560843e+00 -2.259941856879956260e-02 -1.622935861252896433e-02 9.996127655375228738e-01 -6.291551658685712312e-01
8.469642937609286326e-01 -5.316287748063872609e-01 4.708177186792446983e-03 5.572235233587606729e+01 5.315236947475298068e-01 8.469231901595308809e-01 1.426686316216690779e-02 7.112507294812802527e+00 -1.157213911850465439e-02 -9.581013504314716059e-03 9.998870515027458161e-01 -6.330716503824576069e-01
8.370610386859173024e-01 -5.470984100039463227e-01 3.452662261215612514e-03 5.645931886428365232e+01 5.470405940361835473e-01 8.370392948805005506e-01 1.056485315390116517e-02 7.621670914796697893e+00 -8.670028748078779240e-03 -6.954680457109975282e-03 9.999380955134529181e-01 -6.328156646988034595e-01
8.235555052754454097e-01 -5.671571385388245456e-01 9.432224695454401869e-03 5.742029009937695605e+01 5.670271014399890230e-01 8.235898613692419490e-01 1.341031333164522180e-02 8.308701184070100609e+00 -1.537403881847264862e-02 -5.695809706884632020e-03 9.998655088453647366e-01 -6.321770106299251513e-01
8.096925771918858095e-01 -5.860998861171217156e-01 2.974105410768342062e-02 5.833602380690213351e+01 5.855517338670012117e-01 8.102320549381210046e-01 2.555511240100841533e-02 8.999807110152840295e+00 -3.907501005110252529e-02 -3.276859520865636234e-03 9.992308587131050190e-01 -6.329564319979612552e-01
7.962478714062581897e-01 -6.042414560645126276e-01 2.968653090373359754e-02 5.900429363694141927e+01 6.033801322628864483e-01 7.967538950005437215e-01 3.340008870321167778e-02 9.507164646923778051e+00 -4.383457648273095947e-02 -8.682488600102233889e-03 9.990010086557771229e-01 -6.321183664060043839e-01
7.746471522250198971e-01 -6.320399197663632007e-01 2.114170720945856077e-02 6.007207609861617925e+01 6.316325854531147366e-01 7.749222544619053243e-01 2.314445778079657692e-02 1.041619468561976625e+01 -3.101139913919769703e-02 -4.574999910265542362e-03 9.995084926203398057e-01 -6.296943883010623910e-01
7.611322107037918894e-01 -6.483488503634198263e-01 1.792441477601805153e-02 6.079518868603495463e+01 6.481715170852351271e-01 7.613433711833362816e-01 1.516009158500694794e-02 1.107122651496148080e+01 -2.347566242195977051e-02 7.926099557261693748e-05 9.997243375002234922e-01 -6.332363922029473624e-01
7.405252912363922135e-01 -6.718381726775384255e-01 1.598589014648364726e-02 6.187065224415925968e+01 6.717418232779345244e-01 7.406947341838552301e-01 1.157820049323154792e-02 1.207572898116746352e+01 -1.961934025875190085e-02 2.164440673943679623e-03 9.998050638276536617e-01 -6.454212519541546733e-01
7.264188724190426827e-01 -6.871217061829323347e-01 1.338276884254998265e-02 6.259453223322274340e+01 6.870721112855422419e-01 7.265367377213078903e-01 8.728878823862213504e-03 1.278354813939099799e+01 -1.572087156925581347e-02 2.854104120307309356e-03 9.998722295640584123e-01 -6.530985837711427155e-01
7.037095576459836410e-01 -7.104809195204909722e-01 3.084416001570264299e-03 6.360091910182821806e+01 7.104872791829905943e-01 7.036990879913808117e-01 -3.919094644004684352e-03 1.383273728216929577e+01 6.139447510895573593e-04 4.949341707414882212e-03 9.999874894286382432e-01 -6.677478879973435255e-01
6.752214404783133395e-01 -7.376143312714177336e-01 9.612186171772438932e-04 6.446445032599214642e+01 7.376026699988752489e-01 6.752022173967398011e-01 -6.651818251339154664e-03 1.481379882781308410e+01 4.257468001323213604e-03 5.200443439647353151e-03 9.999773082445099215e-01 -6.858053016880130137e-01
6.528839348613916238e-01 -7.574027477278519882e-01 9.131616397235274574e-03 6.496946376222948061e+01 7.574247975586343440e-01 6.529207244051971060e-01 1.468403287256566259e-03 1.544494866666324917e+01 -7.074391815494991166e-03 5.957814389845164475e-03 9.999570690185074495e-01 -6.972566716231807238e-01
6.218308566540091675e-01 -7.828743342046088349e-01 2.083394921084308002e-02 6.570792170052081360e+01 7.828671826106781140e-01 6.221019407658050504e-01 1.039682112150914356e-02 1.643788243893336087e+01 -2.110024299688542659e-02 9.845150638682685293e-03 9.997287263163756599e-01 -7.133737067612346827e-01
5.914248742784056212e-01 -8.061879724030319716e-01 1.665444810531493611e-02 6.651538226693244837e+01 8.060923236356724031e-01 5.916347241158381731e-01 1.354945869959746363e-02 1.755354512022082858e+01 -2.077675690197656327e-02 5.411534833373616606e-03 9.997693263621825199e-01 -7.339262486892315085e-01
5.719200634724601606e-01 -8.202188281160290861e-01 1.217585271260815914e-02 6.705011145800914107e+01 8.201624762509794886e-01 5.720356113028147726e-01 1.042896898234760804e-02 1.834473804240742467e+01 -1.551905688414159830e-02 4.021640160114715694e-03 9.998713181885211521e-01 -7.466608946363713084e-01
5.424220341251975164e-01 -8.401039072528492246e-01 1.880685984078186990e-03 6.781404905322260390e+01 8.400802443450801071e-01 5.423865133286053242e-01 -9.060925026892237624e-03 1.957801505156434629e+01 6.592059818404740618e-03 6.494771299166206442e-03 9.999570522271115092e-01 -7.655715831670071303e-01
5.213495521410260736e-01 -8.533199805979782004e-01 -6.271861740737599833e-03 6.825369661051453818e+01 8.531416304911306758e-01 5.213721195726425117e-01 -1.789847612797592150e-02 2.032682860840440853e+01 1.854310441031661524e-02 3.980571152023592088e-03 9.998200019364257285e-01 -7.812823192442270859e-01
4.891625727444423033e-01 -8.721708889196423398e-01 -6.120137747276510089e-03 6.871933235253054306e+01 8.718681720242651423e-01 4.891601842133804778e-01 -2.383405756719807894e-02 2.124077255606635362e+01 2.378110514626272792e-02 6.322772238487920325e-03 9.996970505902754711e-01 -7.963061244188776033e-01
4.629897476360317898e-01 -8.862468615642100644e-01 1.437236729039859454e-02 6.904690558178532456e+01 8.863462285927727891e-01 4.630212487744933547e-01 -1.258829880136234014e-03 2.198068598473635049e+01 -5.539078129877595021e-03 1.332171763094791399e-02 9.998958498920725857e-01 -8.063917997869141097e-01
4.451266638610902882e-01 -8.951739789753870857e-01 2.292080441142190991e-02 6.929026848839946240e+01 8.950311148625921254e-01 4.455631193300129689e-01 1.981642441332310406e-02 2.250546279603935673e+01 -2.795181515283752874e-02 1.169401572383324713e-02 9.995407976352086443e-01 -8.159550618853579351e-01
4.207149332695691579e-01 -9.069827181037485309e-01 1.951931825427458481e-02 6.970288515560631026e+01 9.067907917204731660e-01 4.210717323008429935e-01 2.071195001787781362e-02 2.342631332183107418e+01 -2.700440724731719908e-02 8.986113437503818330e-03 9.995948422759661778e-01 -8.262744615567849671e-01
3.908844451806840481e-01 -9.203852825215228517e-01 9.999064417033161692e-03 7.012706363472776161e+01 9.203478861009681822e-01 3.909759142188494185e-01 9.868155757478741172e-03 2.445911801644788852e+01 -1.299189813355662235e-02 5.345309558885434804e-03 9.999012620251996886e-01 -8.363954127124133553e-01
3.599150163189341889e-01 -9.329269529051710252e-01 1.040372213033863118e-02 7.052186974025042332e+01 9.328621415061405520e-01 3.600263518201666235e-01 1.220792273503852783e-02 2.555206456677084503e+01 -1.513471418564979465e-02 5.311423794478836030e-03 9.998712030464228517e-01 -8.483965722514152930e-01
3.388638246687329936e-01 -9.407904637705277739e-01 9.174300614746099328e-03 7.078816570792082530e+01 9.406380790486112975e-01 3.389764724310869726e-01 1.716915816954454541e-02 2.632701158554932164e+01 -1.926245284515118450e-02 2.811689463383899423e-03 9.998103659804283838e-01 -8.558123874946095277e-01
3.036475453128932300e-01 -9.527822806075458839e-01 -1.928611649587516803e-03 7.114768762519271661e+01 9.527735594327186863e-01 3.036532796621698727e-01 -4.127159622468039822e-03 2.750507023530978401e+01 4.517921049850588330e-03 -5.843269290857988846e-04 9.999895340184321579e-01 -8.664215502574927896e-01
2.839816989995482266e-01 -9.588227966460799445e-01 -3.608710128682016214e-03 7.131489774711970142e+01 9.584678350890185605e-01 2.839760864518680594e-01 -2.639610973984322928e-02 2.819642784208659592e+01 2.633398895278739674e-02 4.037182932920997669e-03 9.996449966985466729e-01 -8.755778987405968827e-01
2.625342610852364755e-01 -9.649216813201655363e-01 -1.263889879999791598e-03 7.147975835412670165e+01 9.643875260794104731e-01 2.624322406714699740e-01 -3.295155411546613067e-02 2.893816443289123441e+01 3.212735984197329087e-02 7.432032539926345695e-03 9.994560940407343219e-01 -8.861089390740248817e-01
2.401871015786136154e-01 -9.707185958967754491e-01 3.913116558391401163e-03 7.158999654450349226e+01 9.707233769893217623e-01 2.401946600011826138e-01 1.537906222046030776e-03 2.944808796735575740e+01 -2.432783164866551395e-03 3.429166929589266659e-03 9.999910846723313318e-01 -8.935711704605144856e-01
2.195647947968810965e-01 -9.755306333153569431e-01 1.144421802177841146e-02 7.169432564524505835e+01 9.752656417393552601e-01 2.197811130419808079e-01 2.351560644380192022e-02 3.005191695242959327e+01 -2.545541721110277517e-02 5.997953642447190377e-03 9.996578625944616547e-01 -9.037769578661281056e-01
2.069182405262333102e-01 -9.783167277412081475e-01 8.997968951560592760e-03 7.178814327258167793e+01 9.782120202336356263e-01 2.070376508150842676e-01 1.537603430508637133e-02 3.055919521065553823e+01 -1.690555043338820215e-02 5.620338043993630683e-03 9.998412072797386863e-01 -9.089009421910065889e-01
1.835955492593874805e-01 -9.829968828349802124e-01 3.101340360645669317e-03 7.192834827269705045e+01 9.830008999258710300e-01 1.835986680088168010e-01 7.098599074482971364e-04 3.138692675334744564e+01 -1.267189982997081465e-03 2.918292547320632240e-03 9.999949252691232582e-01 -9.187656196640143769e-01
1.685092484720631667e-01 -9.856770476826083316e-01 6.724866004301745942e-03 7.199719442022578164e+01 9.856964808109750509e-01 1.685229173890457344e-01 1.501426678149966887e-03 3.195395051600779013e+01 -2.613214484668393948e-03 6.375671931393043709e-03 9.999762113529637730e-01 -9.263861115650393607e-01
1.491608382108484954e-01 -9.887584564185901703e-01 1.037355933441820588e-02 7.210321732607094702e+01 9.887361626963869776e-01 1.492718342331646741e-01 1.088715895958057046e-02 3.282700286386707234e+01 -1.231325084651986763e-02 8.632775102926620869e-03 9.998868567268690555e-01 -9.371271036058574921e-01
1.279724745460946722e-01 -9.917384510456077606e-01 8.822731673723880827e-03 7.221090472722127629e+01 9.916761073184329200e-01 1.280817032040434400e-01 1.316774453169152273e-02 3.376782281966402621e+01 -1.418898915269078270e-02 7.064183698449785775e-03 9.998743587236179620e-01 -9.467836807173373170e-01
1.124260615787373851e-01 -9.936198143733038224e-01 8.935288393136040647e-03 7.226957984387134104e+01 9.936213467044305858e-01 1.124965062063861959e-01 7.803979613237773012e-03 3.445012426723670274e+01 -8.759378149755523910e-03 8.000922489704673235e-03 9.999295769759443120e-01 -9.533142084126524640e-01
8.967484789855917349e-02 -9.959099475179709060e-01 1.102821507418519018e-02 7.232206567569745914e+01 9.958862251633062712e-01 8.951743394138669818e-02 -1.403763708076263828e-02 3.541453416890677630e+01 1.299300876098468532e-02 1.224167044850705578e-02 9.998406378366857528e-01 -9.617323442623852969e-01
6.944378885009158675e-02 -9.974855558854619497e-01 1.414259839891451875e-02 7.233722398080990956e+01 9.970992834851499786e-01 6.896045859095735475e-02 -3.220429384452055954e-02 3.614670662778763699e+01 3.114803916716735524e-02 1.633796626195779117e-02 9.993811495126370126e-01 -9.685144389358897321e-01
6.307609491337298757e-02 -9.978287423228747732e-01 1.894909926119860491e-02 7.232931342963534860e+01 9.972973832236168290e-01 6.230329607755461657e-02 -3.893454009760798085e-02 3.641415335126804820e+01 3.766941897743990297e-02 2.135373123613682964e-02 9.990620793847049264e-01 -9.702241404693012772e-01
6.194790129922825295e-02 -9.979081036444042985e-01 1.848228233380907332e-02 7.233378831041373758e+01 9.977049810102803784e-01 6.140713933149015424e-02 -2.852526913693101407e-02 3.646455494910387785e+01 2.733065857175255922e-02 2.020694707876531659e-02 9.994221240574946430e-01 -9.695548251327652522e-01
6.124654471051611815e-02 -9.979820868662413469e-01 1.674444751187137079e-02 7.233933443227726912e+01 9.980460420862836690e-01 6.144100937236431775e-02 1.134655054553788088e-02 3.634218954710213012e+01 -1.235245288653696177e-02 1.601679434274672423e-02 9.997953761285255370e-01 -9.731170040440693114e-01
6.107479400060177727e-02 -9.979654582662410567e-01 1.829205080490519525e-02 7.233460997091808053e+01 9.979210212037368244e-01 6.142939505156213426e-02 1.948541122030132342e-02 3.631618687375630117e+01 -2.056944166979280883e-02 1.706395750718441712e-02 9.996426912022502442e-01 -9.739375238340026719e-01
6.136881605887513358e-02 -9.979454879827854841e-01 1.839994025336133543e-02 7.233418852736954818e+01 9.981040385476499521e-01 6.144415623097713303e-02 3.548028850369352571e-03 3.636450168217780998e+01 -4.671309116743597653e-03 1.814731949149943346e-02 9.998243116691851728e-01 -9.716756362638521161e-01
6.154136437193598319e-02 -9.979518904579491867e-01 1.745650980918427714e-02 7.233707202637818057e+01 9.980954562992238044e-01 6.145782149147264312e-02 -5.292409997354200618e-03 3.639202011865592823e+01 4.208729590303136696e-03 1.774897035478796223e-02 9.998334610311480075e-01 -9.712048668505972593e-01
6.154693905527647974e-02 -9.979553415099962077e-01 1.723334236880938453e-02 7.233778908280810072e+01 9.980977244966310336e-01 6.147643228054845005e-02 -4.601523873786509886e-03 3.639031079441922145e+01 3.532665868123261582e-03 1.748377364839983489e-02 9.998408356191189617e-01 -9.714742256271153842e-01
6.154693905527650749e-02 -9.979553415099962077e-01 1.723334236880938453e-02 7.233778908280811493e+01 9.980977244966310336e-01 6.147643228054845699e-02 -4.601523873786509018e-03 3.639031079441923566e+01 3.532665868123260715e-03 1.748377364839983489e-02 9.998408356191189617e-01 -9.714742256271156062e-01
6.154693905527653525e-02 -9.979553415099962077e-01 1.723334236880938453e-02 7.233778908280812914e+01 9.980977244966310336e-01 6.147643228054846393e-02 -4.601523873786508151e-03 3.639031079441924987e+01 3.532665868123259847e-03 1.748377364839983489e-02 9.998408356191189617e-01 -9.714742256271158283e-01
6.154693905527656300e-02 -9.979553415099962077e-01 1.723334236880938453e-02 7.233778908280814335e+01 9.980977244966310336e-01 6.147643228054847087e-02 -4.601523873786507284e-03 3.639031079441926408e+01 3.532665868123258980e-03 1.748377364839983489e-02 9.998408356191189617e-01 -9.714742256271160503e-01
6.154693905527659076e-02 -9.979553415099962077e-01 1.723334236880938453e-02 7.233778908280815756e+01 9.980977244966310336e-01 6.147643228054847780e-02 -4.601523873786506416e-03 3.639031079441927830e+01 3.532665868123258113e-03 1.748377364839983489e-02 9.998408356191189617e-01 -9.714742256271162724e-01
6.154693905527661851e-02 -9.979553415099962077e-01 1.723334236880938453e-02 7.233778908280817177e+01 9.980977244966310336e-01 6.147643228054848474e-02 -4.601523873786505549e-03 3.639031079441929251e+01 3.532665868123257245e-03 1.748377364839983489e-02 9.998408356191189617e-01 -9.714742256271164944e-01
6.154693905527664627e-02 -9.979553415099962077e-01 1.723334236880938453e-02 7.233778908280818598e+01 9.980977244966310336e-01 6.147643228054849168e-02 -4.601523873786504681e-03 3.639031079441930672e+01 3.532665868123256378e-03 1.748377364839983489e-02 9.998408356191189617e-01 -9.714742256271167165e-01
6.154693905527667402e-02 -9.979553415099962077e-01 1.723334236880938453e-02 7.233778908280820019e+01 9.980977244966310336e-01 6.147643228054849862e-02 -4.601523873786503814e-03 3.639031079441932093e+01 3.532665868123255511e-03 1.748377364839983489e-02 9.998408356191189617e-01 -9.714742256271169385e-01
6.154693905527670178e-02 -9.979553415099962077e-01 1.723334236880938453e-02 7.233778908280821440e+01 9.980977244966310336e-01 6.147643228054850556e-02 -4.601523873786502947e-03 3.639031079441933514e+01 3.532665868123254643e-03 1.748377364839983489e-02 9.998408356191189617e-01 -9.714742256271171605e-01
6.154693905527672954e-02 -9.979553415099962077e-01 1.723334236880938453e-02 7.233778908280822861e+01 9.980977244966310336e-01 6.147643228054851250e-02 -4.601523873786502079e-03 3.639031079441934935e+01 3.532665868123253776e-03 1.748377364839983489e-02 9.998408356191189617e-01 -9.714742256271173826e-01
6.154693905527675729e-02 -9.979553415099962077e-01 1.723334236880938453e-02 7.233778908280824282e+01 9.980977244966310336e-01 6.147643228054851944e-02 -4.601523873786501212e-03 3.639031079441936356e+01 3.532665868123252909e-03 1.748377364839983489e-02 9.998408356191189617e-01 -9.714742256271176046e-01
6.154693905527678505e-02 -9.979553415099962077e-01 1.723334236880938453e-02 7.233778908280825704e+01 9.980977244966310336e-01 6.147643228054852638e-02 -4.601523873786500345e-03 3.639031079441937777e+01 3.532665868123252041e-03 1.748377364839983489e-02 9.998408356191189617e-01 -9.714742256271178267e-01
6.154693905527681280e-02 -9.979553415099962077e-01 1.723334236880938453e-02 7.233778908280827125e+01 9.980977244966310336e-01 6.147643228054853332e-02 -4.601523873786499477e-03 3.639031079441939198e+01 3.532665868123251174e-03 1.748377364839983489e-02 9.998408356191189617e-01 -9.714742256271180487e-01
6.154693905527684056e-02 -9.979553415099962077e-01 1.723334236880938453e-02 7.233778908280828546e+01 9.980977244966310336e-01 6.147643228054854025e-02 -4.601523873786498610e-03 3.639031079441940619e+01 3.532665868123250306e-03 1.748377364839983489e-02 9.998408356191189617e-01 -9.714742256271182708e-01
6.154693905527686831e-02 -9.979553415099962077e-01 1.723334236880938453e-02 7.233778908280829967e+01 9.980977244966310336e-01 6.147643228054854719e-02 -4.601523873786497743e-03 3.639031079441942040e+01 3.532665868123249439e-03 1.748377364839983489e-02 9.998408356191189617e-01 -9.714742256271184928e-01
6.154693905527689607e-02 -9.979553415099962077e-01 1.723334236880938453e-02 7.233778908280831388e+01 9.980977244966310336e-01 6.147643228054855413e-02 -4.601523873786496875e-03 3.639031079441943461e+01 3.532665868123248572e-03 1.748377364839983489e-02 9.998408356191189617e-01 -9.714742256271187149e-01
6.154693905527692382e-02 -9.979553415099962077e-01 1.723334236880938453e-02 7.233778908280832809e+01 9.980977244966310336e-01 6.147643228054856107e-02 -4.601523873786496008e-03 3.639031079441944883e+01 3.532665868123247704e-03 1.748377364839983489e-02 9.998408356191189617e-01 -9.714742256271189369e-01
6.154693905527695158e-02 -9.979553415099962077e-01 1.723334236880938453e-02 7.233778908280834230e+01 9.980977244966310336e-01 6.147643228054856801e-02 -4.601523873786495140e-03 3.639031079441946304e+01 3.532665868123246837e-03 1.748377364839983489e-02 9.998408356191189617e-01 -9.714742256271191589e-01
6.154693905527697934e-02 -9.979553415099962077e-01 1.723334236880938453e-02 7.233778908280835651e+01 9.980977244966310336e-01 6.147643228054857495e-02 -4.601523873786494273e-03 3.639031079441947725e+01 3.532665868123245970e-03 1.748377364839983489e-02 9.998408356191189617e-01 -9.714742256271193810e-01
6.154693905527700709e-02 -9.979553415099962077e-01 1.723334236880938453e-02 7.233778908280837072e+01 9.980977244966310336e-01 6.147643228054858189e-02 -4.601523873786493406e-03 3.639031079441949146e+01 3.532665868123245102e-03 1.748377364839983489e-02 9.998408356191189617e-01 -9.714742256271196030e-01
6.154693905527703485e-02 -9.979553415099962077e-01 1.723334236880938453e-02 7.233778908280838493e+01 9.980977244966310336e-01 6.147643228054858883e-02 -4.601523873786492538e-03 3.639031079441950567e+01 3.532665868123244235e-03 1.748377364839983489e-02 9.998408356191189617e-01 -9.714742256271198251e-01
6.154693905527706260e-02 -9.979553415099962077e-01 1.723334236880938453e-02 7.233778908280839914e+01 9.980977244966310336e-01 6.147643228054859577e-02 -4.601523873786491671e-03 3.639031079441951988e+01 3.532665868123243368e-03 1.748377364839983489e-02 9.998408356191189617e-01 -9.714742256271200471e-01
6.154693905527709036e-02 -9.979553415099962077e-01 1.723334236880938453e-02 7.233778908280841335e+01 9.980977244966310336e-01 6.147643228054860270e-02 -4.601523873786490804e-03 3.639031079441953409e+01 3.532665868123242500e-03 1.748377364839983489e-02 9.998408356191189617e-01 -9.714742256271202692e-01
6.154693905527711811e-02 -9.979553415099962077e-01 1.723334236880938453e-02 7.233778908280842757e+01 9.980977244966310336e-01 6.147643228054860964e-02 -4.601523873786489936e-03 3.639031079441954830e+01 3.532665868123241633e-03 1.748377364839983489e-02 9.998408356191189617e-01 -9.714742256271204912e-01
6.154693905527714587e-02 -9.979553415099962077e-01 1.723334236880938453e-02 7.233778908280844178e+01 9.980977244966310336e-01 6.147643228054861658e-02 -4.601523873786489069e-03 3.639031079441956251e+01 3.532665868123240765e-03 1.748377364839983489e-02 9.998408356191189617e-01 -9.714742256271207133e-01
6.154693905527717362e-02 -9.979553415099962077e-01 1.723334236880938453e-02 7.233778908280845599e+01 9.980977244966310336e-01 6.147643228054862352e-02 -4.601523873786488202e-03 3.639031079441957672e+01 3.532665868123239898e-03 1.748377364839983489e-02 9.998408356191189617e-01 -9.714742256271209353e-01
6.154693905527720138e-02 -9.979553415099962077e-01 1.723334236880938453e-02 7.233778908280847020e+01 9.980977244966310336e-01 6.147643228054863046e-02 -4.601523873786487334e-03 3.639031079441959093e+01 3.532665868123239031e-03 1.748377364839983489e-02 9.998408356191189617e-01 -9.714742256271211573e-01
6.154693905527722914e-02 -9.979553415099962077e-01 1.723334236880938453e-02 7.233778908280848441e+01 9.980977244966310336e-01 6.147643228054863740e-02 -4.601523873786486467e-03 3.639031079441960514e+01 3.532665868123238163e-03 1.748377364839983489e-02 9.998408356191189617e-01 -9.714742256271213794e-01
6.154693905527725689e-02 -9.979553415099962077e-01 1.723334236880938453e-02 7.233778908280849862e+01 9.980977244966310336e-01 6.147643228054864434e-02 -4.601523873786485599e-03 3.639031079441961936e+01 3.532665868123237296e-03 1.748377364839983489e-02 9.998408356191189617e-01 -9.714742256271216014e-01
6.154693905527728465e-02 -9.979553415099962077e-01 1.723334236880938453e-02 7.233778908280851283e+01 9.980977244966310336e-01 6.147643228054865128e-02 -4.601523873786484732e-03 3.639031079441963357e+01 3.532665868123236429e-03 1.748377364839983489e-02 9.998408356191189617e-01 -9.714742256271218235e-01
6.154693905527731240e-02 -9.979553415099962077e-01 1.723334236880938453e-02 7.233778908280852704e+01 9.980977244966310336e-01 6.147643228054865822e-02 -4.601523873786483865e-03 3.639031079441964778e+01 3.532665868123235561e-03 1.748377364839983489e-02 9.998408356191189617e-01 -9.714742256271220455e-01
6.154693905527734016e-02 -9.979553415099962077e-01 1.723334236880938453e-02 7.233778908280854125e+01 9.980977244966310336e-01 6.147643228054866515e-02 -4.601523873786482997e-03 3.639031079441966199e+01 3.532665868123234694e-03 1.748377364839983489e-02 9.998408356191189617e-01 -9.714742256271222676e-01
6.154693905527736791e-02 -9.979553415099962077e-01 1.723334236880938453e-02 7.233778908280855546e+01 9.980977244966310336e-01 6.147643228054867209e-02 -4.601523873786482130e-03 3.639031079441967620e+01 3.532665868123233827e-03 1.748377364839983489e-02 9.998408356191189617e-01 -9.714742256271224896e-01
6.154693905527739567e-02 -9.979553415099962077e-01 1.723334236880938453e-02 7.233778908280856967e+01 9.980977244966310336e-01 6.147643228054867903e-02 -4.601523873786481263e-03 3.639031079441969041e+01 3.532665868123232959e-03 1.748377364839983489e-02 9.998408356191189617e-01 -9.714742256271227117e-01
6.154693905527742342e-02 -9.979553415099962077e-01 1.723334236880938453e-02 7.233778908280858388e+01 9.980977244966310336e-01 6.147643228054868597e-02 -4.601523873786480395e-03 3.639031079441970462e+01 3.532665868123232092e-03 1.748377364839983489e-02 9.998408356191189617e-01 -9.714742256271229337e-01
6.154693905527745118e-02 -9.979553415099962077e-01 1.723334236880938453e-02 7.233778908280859810e+01 9.980977244966310336e-01 6.147643228054869291e-02 -4.601523873786479528e-03 3.639031079441971883e+01 3.532665868123231225e-03 1.748377364839983489e-02 9.998408356191189617e-01 -9.714742256271231557e-01
6.154693905527747894e-02 -9.979553415099962077e-01 1.723334236880938453e-02 7.233778908280861231e+01 9.980977244966310336e-01 6.147643228054869985e-02 -4.601523873786478661e-03 3.639031079441973304e+01 3.532665868123230357e-03 1.748377364839983489e-02 9.998408356191189617e-01 -9.714742256271233778e-01
6.154693905527750669e-02 -9.979553415099962077e-01 1.723334236880938453e-02 7.233778908280862652e+01 9.980977244966310336e-01 6.147643228054870679e-02 -4.601523873786477793e-03 3.639031079441974725e+01 3.532665868123229490e-03 1.748377364839983489e-02 9.998408356191189617e-01 -9.714742256271235998e-01
