1.000000000000000000e+00 0.000000000000000000e+00 0.000000000000000000e+00 0.000000000000000000e+00 0.000000000000000000e+00 1.000000000000000000e+00 0.000000000000000000e+00 0.000000000000000000e+00 0.000000000000000000e+00 0.000000000000000000e+00 1.000000000000000000e+00 0.000000000000000000e+00
9.988595674884123143e-01 -4.760827565237022579e-02 3.607842328857609974e-03 1.586277826153634107e+00 4.760500722633981968e-02 9.988657517965897625e-01 9.864962310173455620e-04 6.014929647447827404e-02 -3.650715524674213053e-03 -8.136198385061734753e-04 9.999930051249940055e-01 -6.027170669879566844e-03
9.874393034450602569e-01 -1.579893135019285189e-01 1.731713349199130508e-03 5.344395289985109265e+00 1.579905565336445217e-01 9.874404375093023267e-01 -6.053243980675137052e-04 6.344559536228293606e-01 -1.614329001077234290e-03 8.713154577827979990e-04 9.999983173742089670e-01 -2.398022440626390583e-02
9.616017565735821560e-01 -2.744444796141081166e-01 1.513064421279467419e-03 1.132192766466656408e+01 2.744453041047745789e-01 9.616026430615864928e-01 -3.631966533355204330e-04 2.169021466439438939e+00 -1.355289430102533423e-03 7.645039650572409704e-04 9.999987893613911938e-01 -3.973223666725556047e-02
8.944504849973575755e-01 -4.471627709871198730e-01 1.945798322675767068e-03 1.533411768352528171e+01 4.471641620925971283e-01 8.944518463641134565e-01 -3.266126969551236552e-04 2.168170752110786470e+00 -1.594373863759505601e-03 1.162230161758295768e-03 9.999980535946224602e-01 -5.175668643767927790e-02
8.450513655235519783e-01 -5.346789834356588944e-01 2.564039584469516350e-03 1.729423693862310074e+01 5.346816689844517967e-01 8.450534344261938502e-01 -4.536700291546174528e-04 2.972742593455035554e+00 -1.924182626857059942e-03 1.754319442000580511e-03 9.999966099365105165e-01 -5.931543339375289214e-02
8.442395191981956204e-01 -5.359576865100890153e-01 2.998748864612543318e-03 2.379998830830532697e+01 5.359614061574825561e-01 8.442423048871655622e-01 -5.493163934584401964e-04 7.128756483810805733e+00 -2.237260309838213709e-03 2.070968266091933498e-03 9.999953528675753489e-01 -8.898930862978238210e-02
8.454634217013010655e-01 -5.340231053746732348e-01 3.305373068060890162e-03 2.832528312610060084e+01 5.340286397398165130e-01 8.454657478438716289e-01 -1.039788653513454980e-03 9.994448225858221235e+00 -2.239308547208487907e-03 2.644267156214855780e-03 9.999939966561982585e-01 -1.144753813112151519e-01
8.501032699301890316e-01 -5.266003606934586134e-01 4.060858470803943229e-03 3.194726913263137646e+01 5.266068725761244851e-01 8.501086774984748518e-01 -6.619647931393684388e-04 1.228562985004964325e+01 -3.103580125290057289e-03 2.701214414510765948e-03 9.999915355797229788e-01 -1.370110672421168685e-01
8.546230402316309371e-01 -5.171669229279575175e-01 -4.645248039096218362e-02 3.282560564305041595e+01 5.163315130773857842e-01 8.558837890064400211e-01 -2.940592319919189956e-02 1.297317349120323193e+01 5.496569574254596413e-02 1.146099998848128807e-03 9.984875856746192602e-01 1.927592125343935425e-02
8.774625810608609466e-01 -4.776161218735454073e-01 -4.407106720386125276e-02 3.766740824110646457e+01 4.768685893457366709e-01 8.785649974016047636e-01 -2.683083741005777914e-02 1.580039795058067220e+01 5.153413755385773815e-02 2.526948197387124655e-03 9.986680365363593825e-01 3.093913122735549859e-01
9.606581975876073987e-01 -2.746676056690479650e-01 -4.115256740183374784e-02 4.529824701189066616e+01 2.738786707334203152e-01 9.614690202012067255e-01 -2.382848947427757685e-02 1.859210144963142497e+01 4.611183280921514471e-02 1.162022329231305121e-02 9.988686947169839181e-01 6.957636870223929959e-01
9.938375588870536070e-01 -1.035721055558748716e-01 -3.949336015263048283e-02 5.205406197819047520e+01 1.026976975204312026e-01 9.944334008949823334e-01 -2.356680098021100150e-02 1.988551918949168495e+01 4.171437964808741988e-02 1.936569480192961920e-02 9.989418803891511045e-01 9.990477443333093399e-01
9.345992933748149545e-01 -3.535365208263550052e-01 -3.919297469309262344e-02 5.509097581984863012e+01 3.521755725777440671e-01 9.351761114092623783e-01 -3.765643011477035063e-02 2.197515437420031859e+01 4.996525695756467295e-02 2.139086467271753347e-02 9.985218595532684427e-01 1.417880208182153989e+00
9.787877687291000051e-01 -1.891227698597989504e-01 -7.878503479004182741e-02 6.220841949204376675e+01 1.839248334381704819e-01 9.805320900314328236e-01 -6.876391541594313594e-02 2.368070007856702119e+01 9.025607697574693222e-02 5.281475493786860070e-02 9.945171905149755576e-01 2.009606743586003219e+00
9.922795141286253617e-01 3.347474155320285302e-03 -1.239764504147430196e-01 7.188907082919365621e+01 -4.813741342803448675e-03 9.999219483031619449e-01 -1.152931896916176147e-02 2.444122043207294936e+01 1.239281797451424472e-01 1.203709758984924418e-02 9.922181789035450228e-01 3.113554559040838665e+00
9.835788845709730888e-01 1.469241119923947181e-01 -1.048135637280170201e-01 7.903712829877936485e+01 -1.457329018986503189e-01 9.891419575971357458e-01 1.897653880726151571e-02 2.391648780352695169e+01 1.064636047216090120e-01 -3.390138072641016471e-03 9.943108205352733098e-01 3.886828746535026191e+00
9.647880168979086069e-01 2.401756613403893126e-01 -1.072368134080273344e-01 8.617662547797102945e+01 -2.392953795924868954e-01 9.707154490475043973e-01 2.119524206487656548e-02 2.238580851692385565e+01 1.091870127619980341e-01 5.212358411319206394e-03 9.940075591080294037e-01 4.702835810601251332e+00
9.522646194305830480e-01 2.829851881478053777e-01 -1.145053617507862387e-01 9.556717163395347825e+01 -2.820833433605186014e-01 9.590809522884391480e-01 2.434572562179473584e-02 1.966529476190288150e+01 1.167093911357546671e-01 9.116482131367684497e-03 9.931242660283099433e-01 5.816405398639071578e+00
9.505702826450879162e-01 2.893008888932953049e-01 -1.127880021881203926e-01 1.027557680511297917e+02 -2.893495997858260838e-01 9.570847155438898524e-01 1.629896855794541605e-02 1.749796702716875885e+01 1.126629790828382743e-01 1.714184814482595798e-02 9.934853849888075628e-01 6.673213286759092533e+00
9.510074943252906365e-01 2.846698508446562359e-01 -1.206143513733498318e-01 1.095457094441149479e+02 -2.878800312413778428e-01 9.576172409777627959e-01 -9.711199441873232668e-03 1.533897106701204294e+01 1.127378966878289090e-01 4.395788668962751639e-02 9.926519384195982010e-01 7.464775038113316441e+00
9.585868778276330771e-01 2.688208631201818855e-01 -9.405605354250928807e-02 1.188614213072116854e+02 -2.732573611109647693e-01 9.612000938358673530e-01 -3.774644630413000190e-02 1.250031749457032504e+01 8.025965521569544681e-02 6.188475709930208596e-02 9.948510765855448357e-01 8.491037289244879105e+00
9.668340233440858578e-01 2.500004070820972535e-01 -5.226631575952023212e-02 1.273651632101330620e+02 -2.505602502173527313e-01 9.680912685202659462e-01 -4.342444684611534989e-03 1.030153852379115342e+01 4.951295098563030656e-02 1.729428442021666359e-02 9.986237406606588429e-01 8.982141988002645405e+00
9.695436857155866894e-01 2.397843740745006225e-01 -4.988482172701771272e-02 1.347416974352806278e+02 -2.401821551369727192e-01 9.707256726168141947e-01 -2.049603959737907738e-03 8.400789005892804084e+00 4.793301412174272996e-02 1.396862456840034655e-02 9.987528741810316468e-01 9.336201462225139025e+00
9.409838918597523971e-01 3.378686047525262803e-01 1.985248556367128631e-02 1.438806324851249769e+02 -3.378000356974804608e-01 9.411932419849247111e-01 -6.813011425721320069e-03 5.724250904714239141e+00 -2.098692791370219621e-02 -2.952363254316734613e-04 9.997797065815334783e-01 9.621726370759736469e+00
8.929456348115606401e-01 4.499841443801453345e-01 1.274217710786766482e-02 1.503738361541684299e+02 -4.499650999842725874e-01 8.930348731068313839e-01 -4.486001695080995243e-03 2.771398994032980401e+00 -1.339783815107829443e-02 -1.727779364979155872e-03 9.999087521925904554e-01 9.527808273200793820e+00
8.606317476971475644e-01 5.090659934217715010e-01 1.283780344369662985e-02 1.578729720222366382e+02 -5.090573185358445718e-01 8.607224757574050145e-01 -4.179254854396974479e-03 -1.452507043662312425e+00 -1.317730248756187987e-02 -2.938378387526994172e-03 9.999088581623840621e-01 9.393578498291041967e+00
8.515032160025657326e-01 5.241821342791270766e-01 1.324247861497000398e-02 1.655638721388399404e+02 -5.241788263364015599e-01 8.515988356056463093e-01 -3.997651272802274329e-03 -6.161447046680853745e+00 -1.337277674532231196e-02 -3.537413982932000218e-03 9.999043231951909583e-01 9.255472814371868751e+00
8.620299194406926269e-01 5.066581180160389941e-01 1.421159517856415873e-02 1.633659365897971725e+02 -5.067004383920858945e-01 8.621218932778083044e-01 -7.119440666328168306e-04 -4.790164303515496158e+00 -1.261283958277439540e-02 -6.587304420823560450e-03 9.998987567239626673e-01 9.314585021551900823e+00
8.700567105963193937e-01 4.927499276698445452e-01 1.410067827007645790e-02 1.708832407432653042e+02 -4.927720592508204600e-01 8.701558972495615496e-01 -2.100500777248773092e-03 -9.139404808616298226e+00 -1.330480995798558053e-02 -5.120865471120806915e-03 9.998983742205046488e-01 9.184014936411445618e+00
8.938970934497393328e-01 4.481655275660061943e-01 9.779888731056569917e-03 1.758604543200921739e+02 -4.481544911651269003e-01 8.939496016100597631e-01 -3.414942128425655764e-03 -1.207637325841327502e+01 -1.027318697551201677e-02 -1.330294215019468254e-03 9.999463445338792056e-01 9.089495679243384529e+00
9.512604105183600778e-01 3.082093101859298967e-01 1.051914897483860294e-02 1.839257794642657018e+02 -3.082205141017339001e-01 9.513147633910908896e-01 -5.793453327616420161e-04 -1.559145492388038434e+01 -1.018558134344414549e-02 -2.691109225862756138e-03 9.999445043920338616e-01 8.984743035246331999e+00
9.738193524024354453e-01 2.270932608427060351e-01 1.022349090714792103e-02 1.847635381662492762e+02 -2.270903212095723711e-01 9.738726025941413234e-01 -1.462849768703830631e-03 -1.567403709157197866e+01 -1.028858102143965537e-02 -8.971044195661556035e-04 9.999466687300005985e-01 8.972644481275908745e+00
9.718968862651711227e-01 2.351980515250326753e-01 9.915595135617079336e-03 1.842151060256341850e+02 -2.351915297850824260e-01 9.719473112804285497e-01 -1.835323431198953095e-03 -1.555547096606205493e+01 -1.006910052674456733e-02 -5.483188606035387406e-04 9.999491549878969376e-01 8.975961386454436308e+00
9.484723080727733846e-01 3.166682717252089496e-01 1.102209152909129283e-02 1.808620450376917290e+02 -3.166843410053132302e-01 9.485309363376327463e-01 -3.016164498626265275e-04 -1.465050215466474448e+01 -1.055030715838996443e-02 -3.204448942036610976e-03 9.999392094151728916e-01 9.025577217256165241e+00
9.487408534411609917e-01 3.159283327869497615e-01 -8.948829766863357696e-03 1.768147615600289271e+02 -3.160532512265540328e-01 9.482596302457864113e-01 -3.023269811392960763e-02 -1.337071368420963147e+01 -1.065551904926622653e-03 3.151130255292867305e-02 9.995028276150874635e-01 9.048077383568950083e+00
9.479066968023091011e-01 3.178384539608512527e-01 -2.125114917155411509e-02 1.732278203920303952e+02 -3.185471235874847706e-01 9.456266151231098593e-01 -6.571175560695695361e-02 -1.223196570242087411e+01 -7.900705505955094281e-04 6.905810563999828511e-02 9.976123264244179945e-01 9.061842223701718879e+00
9.480597881049838138e-01 3.173182510524793498e-01 -2.217579147019422756e-02 1.729698724718936944e+02 -3.180911450785793848e-01 9.455717527802346423e-01 -6.864461935732464604e-02 -1.215901235989078444e+01 -8.133885488689029768e-04 7.213312618423033118e-02 9.973946814105025815e-01 9.066158835144385364e+00
9.778849602187597023e-01 2.087801840261045982e-01 -1.232231049686966992e-02 1.752271521926539606e+02 -2.090713286665041859e-01 9.773970522407351424e-01 -3.137167194689007010e-02 -1.255071282243649655e+01 5.494006514157180436e-03 3.325412800160230942e-02 9.994318280219391948e-01 9.081288329505056822e+00
9.991244364370773789e-01 -4.041605868651294842e-02 1.081215586926736853e-02 1.801318881007206016e+02 4.044160425186971164e-02 9.991795809063344080e-01 -2.154471020002055384e-03 -1.220298517890287648e+01 -1.071621014296575587e-02 2.589845572453994705e-03 9.999392259232968705e-01 9.048496353421755956e+00
9.393039148838600028e-01 3.429579453578259218e-01 9.381002067663504404e-03 1.876978024164962733e+02 -3.429383324607117589e-01 9.393507291975417006e-01 -3.675280276651683286e-03 -1.343006468868507497e+01 -1.007251770515797326e-02 2.350999462593304746e-04 9.999492432694242483e-01 8.952146779359571482e+00
8.573573764333419778e-01 5.144821841170467147e-01 1.569749347796719346e-02 1.864544679827644416e+02 -5.146229719679904502e-01 8.573913701751531002e-01 6.575338166638506829e-03 -1.315180506451688913e+01 -1.007600110010946869e-02 -1.371570542579085734e-02 9.998551663248549382e-01 8.974591579489556992e+00
8.859956978742312694e-01 4.634125467591202474e-01 1.613799413126517507e-02 1.933917321908743645e+02 -4.635454417373155445e-01 8.860556039287322827e-01 5.575857875294248575e-03 -1.676619829640889137e+01 -1.171523763781950368e-02 -1.242087970780040088e-02 9.998542268522815357e-01 8.875962706657421819e+00
8.981254507064854176e-01 4.394411912459042502e-01 1.618994223750198566e-02 1.992179535825063965e+02 -4.395870402734680660e-01 8.981745771559268565e-01 6.757438448369137117e-03 -1.968612114898091292e+01 -1.157189772182502102e-02 -1.318591624244479579e-02 9.998460995553080100e-01 8.787062676370897663e+00
8.982016567656678774e-01 4.392685821327091400e-01 1.664020836797100791e-02 2.005219755327443067e+02 -4.394230419186366254e-01 8.982531326132919824e-01 6.978537194781401012e-03 -2.032590278828701713e+01 -1.188166715495587826e-02 -1.358022464936728922e-02 9.998371884882515381e-01 8.767265589873998621e+00
8.981631616186812606e-01 4.393362758327525874e-01 1.692843313903814872e-02 2.012644937698373440e+02 -4.394908642403416721e-01 8.982223203244948939e-01 6.666597344752813771e-03 -2.068923649413753907e+01 -1.227661844368470659e-02 -1.342758385891263707e-02 9.998344786169858223e-01 8.756403509209317093e+00
8.980634472609253516e-01 4.395393292923807094e-01 1.694764582554159418e-02 2.020626065417031612e+02 -4.396799018352109956e-01 8.981375340594818235e-01 5.527552417763224868e-03 -2.107792964408604064e+01 -1.279174014753328009e-02 -1.241563203212398166e-02 9.998410991078736654e-01 8.742339399152877277e+00
8.981005142626333759e-01 4.394613623163955429e-01 1.700521426539160566e-02 2.035060395865012026e+02 -4.396047191740431459e-01 8.981733240664191431e-01 5.689535603937870972e-03 -2.178498274819143177e+01 -1.277329875575430353e-02 -1.258534729344409735e-02 9.998392130099716946e-01 8.717835605061331705e+00
8.980581700036704973e-01 4.395599839868767900e-01 1.668963052663551688e-02 2.046624183298531534e+02 -4.396990066822786813e-01 8.981273671893819088e-01 5.658253094848643069e-03 -2.234955777257859921e+01 -1.250227228448533463e-02 -1.241985438423327294e-02 9.998447081446193430e-01 8.699746328090608216e+00
8.952627089331229859e-01 4.452316196721645136e-01 1.653743746254623948e-02 2.056647740734483989e+02 -4.453532453511366285e-01 8.953441842556212338e-01 4.390737391965309627e-03 -2.285081528207978252e+01 -1.285180333400196863e-02 -1.129586489548127688e-02 9.998536065781465920e-01 8.683471577105564165e+00
7.708256894568062956e-01 6.368182901069173729e-01 1.703589911749844518e-02 2.075973385140901541e+02 -6.369668500199101580e-01 7.708759888578735620e-01 4.841671003640230994e-03 -2.454936620946823567e+01 -1.004930092848617569e-02 -1.458338738763398541e-02 9.998431558815367159e-01 8.656463117807858154e+00
6.969845836806947137e-01 7.168962258396603948e-01 1.650125717330599984e-02 2.100427249617040104e+02 -7.170421124547544656e-01 6.970121776692358440e-01 4.963179143606713181e-03 -2.716504075229251569e+01 -7.943492800428338108e-03 -1.529135565084595999e-02 9.998515266600781493e-01 8.623612670500493849e+00
6.968266273998806604e-01 7.170225872722046923e-01 1.764258166997728638e-02 2.100319697626032109e+02 -7.171994491458943966e-01 6.968370702076507328e-01 6.561076835545452159e-03 -2.838309805802436614e+01 -7.589564633891638865e-03 -1.722518289864380728e-02 9.998228300968009519e-01 8.631199592289245714e+00
7.258746986695664427e-01 6.875951191189942913e-01 1.785704329116135844e-02 2.132767623047916459e+02 -6.877757711514306260e-01 7.258927546885121096e-01 6.648105578076260111e-03 -3.150635065980493010e+01 -8.391093398340132223e-03 -1.710733335327258020e-02 9.998184478679720266e-01 8.585499831628684575e+00
8.195377802721678373e-01 5.728604047439975755e-01 1.373984654613485436e-02 2.120145831713981863e+02 -5.687136545558518774e-01 8.160734827687931014e-01 -1.029021372146293190e-01 -3.234338669275865641e+01 -7.016128439740801359e-02 7.651815077585044644e-02 9.945965849396178893e-01 8.540696465989908504e+00
8.809465569398761131e-01 4.611874847631528551e-01 -1.060154126229502780e-01 2.185693597357212639e+02 -4.731136025487435726e-01 8.537140764948067950e-01 -2.175679081987226815e-01 -3.660821710651747907e+01 -9.832746265731598032e-03 2.418230334200114906e-01 9.702705486658956824e-01 8.250269854535954295e+00
8.925209457608652697e-01 4.449252565747687793e-01 -7.380973811094752868e-02 2.118753089451497544e+02 -4.509602375185040590e-01 8.827281753155159505e-01 -1.320069417924424893e-01 -3.247434752634136856e+01 6.420712996539751187e-03 1.511042175652818620e-01 9.884969852653069378e-01 8.490806413792986618e+00
9.015265280158260008e-01 4.325946846795712397e-01 1.057156898063686852e-02 2.199665233716726505e+02 -4.326937176521726269e-01 9.014829635364902671e-01 1.022805738192052345e-02 -3.620908682451488403e+01 -5.105486075878506828e-03 -1.379511654351760555e-02 9.998918085330432692e-01 8.579149820821081462e+00
9.010710898630766019e-01 4.332159412913388907e-01 1.987056174410553946e-02 2.266753513350676315e+02 -4.335113941558451645e-01 9.010371889861984451e-01 1.413701527564946957e-02 -3.941082026053483389e+01 -1.177973471779505260e-02 -2.135257068618743106e-02 9.997026085667027884e-01 8.483130271101945397e+00
3.823469312143364385e-01 9.224312848880702465e-01 -5.414193246202803067e-02 2.325353205029934998e+02 -9.232800785392408782e-01 3.790422759854325530e-01 -6.229646529583495601e-02 -4.555960717468678212e+01 -3.694212722016550210e-02 7.380702998717050822e-02 9.965880801820391488e-01 8.285804016942332595e+00
-3.012072276384518688e-01 9.534807539108351992e-01 1.219253624077009171e-02 2.316038389277412932e+02 -9.509242891222361438e-01 -2.994007254689456388e-01 -7.811659200219635280e-02 -5.212800489674626903e+01 -7.083221283940643875e-02 -3.512346096689708541e-02 9.968696705758381960e-01 7.856469420199035270e+00
-4.658293136461306716e-01 8.699473318228065910e-01 -1.618477383294365246e-01 2.315800778074832067e+02 -7.591711922554993386e-01 -4.868793069002740892e-01 -4.319810659758954730e-01 -5.240387001013449009e+01 -4.546010904049155865e-01 -7.835930300026097695e-02 8.872416064612701492e-01 8.167231384155941853e+00
-4.991675058988806479e-01 8.457739454260978507e-01 -1.884097510562081912e-01 2.273220752875629671e+02 -7.378176896672334895e-01 -5.288837200798197635e-01 -4.194127650043990019e-01 -5.871065714581674655e+01 -4.543752390577600608e-01 -7.034517661432915236e-02 8.880285458577907853e-01 4.291924597884380077e+00
-4.960905935668151190e-01 8.441212111980705979e-01 -2.033556091678488387e-01 2.219514380353121794e+02 -7.384788074111455769e-01 -5.333789668234526493e-01 -4.124996106118850592e-01 -6.657507330247345578e+01 -4.566652756441385574e-01 -5.446336893589017597e-02 8.879699136035050788e-01 -6.120062212169632421e-01
-4.705650004859767699e-01 8.556368339852847837e-01 -2.155323378179485050e-01 2.175079832102053672e+02 -7.543950887561824414e-01 -5.168274679892213008e-01 -4.046942282667256308e-01 -7.341827266139142694e+01 -4.576643206305077149e-01 -2.783840260300500177e-02 8.886891430429028071e-01 -4.829147960506238846e+00
-4.359545779673032473e-01 8.726768717687721777e-01 -2.199515479127618078e-01 2.134253716219610340e+02 -7.743620789375099678e-01 -4.882712842831021804e-01 -4.024357385323848457e-01 -8.036524298659732324e+01 -4.585923861698182336e-01 -5.121564643596249536e-03 8.886319783367431224e-01 -9.008709877819523371e+00
-5.932374566248381775e-01 7.758601192731430229e-01 -2.147333122241562031e-01 2.159076373912612894e+02 -6.681858885185019137e-01 -6.233279586852777943e-01 -4.061894561728346953e-01 -7.650835620609541365e+01 -4.489954770841609877e-01 -9.748503086478006729e-02 8.882002760162031052e-01 -6.694536923409613038e+00
-5.858842447248644447e-01 7.819899254480615625e-01 -2.126767694904868611e-01 2.110609242469849391e+02 -6.745766246260394006e-01 -6.160326191346636726e-01 -4.067556879383796287e-01 -8.205658004544220319e+01 -4.490946774248328888e-01 -9.484497171605746346e-02 8.884359301879147797e-01 -1.040582861917688362e+01
-5.866005957572859586e-01 7.888716636656828429e-01 -1.832518467097516424e-01 2.054546705479078810e+02 -6.847259837649692926e-01 -6.039243656469217569e-01 -4.079530459931102748e-01 -8.860467045866688807e+01 -4.324928533678821241e-01 -1.138281988054760524e-01 8.944233186486186815e-01 -1.472783868005052277e+01
-5.992415892005350520e-01 7.893889641060055640e-01 -1.333213453279853411e-01 2.000215747806080344e+02 -7.117340688382056690e-01 -6.015531868985889430e-01 -3.627235567028451735e-01 -9.511026331994332850e+01 -3.665298528461624628e-01 -1.224696969858129758e-01 9.223107070249013661e-01 -1.816490037598586937e+01
-6.064960534626440136e-01 7.838070437509174759e-01 -1.334505725003989618e-01 1.956035200722885463e+02 -7.055157671362005667e-01 -6.079303508228482977e-01 -3.642364491242265911e-01 -1.003449445095253907e+02 -3.666197477720697373e-01 -1.267564858887065826e-01 9.216955863129049353e-01 -2.089119697235431161e+01
-6.287985016834209961e-01 7.660244325319612857e-01 -1.334878760216472171e-01 1.899141229144537988e+02 -6.880219003754939333e-01 -6.281071233679204058e-01 -3.634656877590623503e-01 -1.067018686794575899e+02 -3.622682830229259632e-01 -1.367040977387306844e-01 9.219944038751320958e-01 -2.423882467735335666e+01
-6.447503803881569073e-01 7.526299552957823602e-01 -1.335855433076308107e-01 1.852139505823872412e+02 -6.745688523835745576e-01 -6.424246435364536767e-01 -3.636584122098178717e-01 -1.118016766458829778e+02 -3.595188595654393859e-01 -1.443562529595686095e-01 9.219042585042321880e-01 -2.694447471334497379e+01
-6.491764436604967603e-01 7.484101834722238777e-01 -1.358386626530950769e-01 1.837873823540514877e+02 -6.692987533823384627e-01 -6.468896508986061722e-01 -3.654763443523060262e-01 -1.131116431017729553e+02 -3.613988429936620395e-01 -1.463419858938287132e-01 9.208555258277446587e-01 -2.769539187299668015e+01
-6.507647796216999847e-01 7.470437017731195173e-01 -1.357604848438385414e-01 1.779983061409089942e+02 -6.679652261462333263e-01 -6.482888623737697031e-01 -3.654367354023579928e-01 -1.190597612472419939e+02 -3.610092218535858044e-01 -1.471300736193522640e-01 9.208827738498704951e-01 -3.093014185894966772e+01
-6.497774212278011330e-01 7.478910938767491245e-01 -1.358242046263763714e-01 1.769247794366833659e+02 -6.685617239990244709e-01 -6.473317913513378929e-01 -3.660420373527042415e-01 -1.197402752162504527e+02 -3.616829054102514984e-01 -1.470389866862043537e-01 9.206329411488013426e-01 -3.136302280192987624e+01
-6.426659665337326466e-01 7.536903798282832412e-01 -1.375909401579945013e-01 1.741838032009557651e+02 -6.734297500571079231e-01 -6.413455940646689557e-01 -3.676522823427815778e-01 -1.223912864309241968e+02 -3.653393315772123229e-01 -1.436197769394359502e-01 9.197285101999292944e-01 -3.282001196551742339e+01
-6.322624880049867446e-01 7.621737184989081371e-01 -1.390516777722963782e-01 1.689251608305745833e+02 -6.812710294850680137e-01 -6.324118650410721632e-01 -3.686801016323318914e-01 -1.279777728859901487e+02 -3.689362148747386549e-01 -1.383707186684314250e-01 9.190971730829561315e-01 -3.584878369628974326e+01
-6.252342189990469645e-01 7.677721719631001029e-01 -1.400287947234958863e-01 1.651770838647401263e+02 -6.864520136175442655e-01 -6.263781333481679425e-01 -3.693698242462178372e-01 -1.320635718479734351e+02 -3.713028472730451890e-01 -1.348196054820179624e-01 9.186717964456084795e-01 -3.806105107384399133e+01
-6.199499859220499731e-01 7.719361630867794810e-01 -1.406292113115563125e-01 1.625131971572252780e+02 -6.907622103912505196e-01 -6.219487405800459001e-01 -3.688188346414628116e-01 -1.350463914780282835e+02 -3.721687569512566185e-01 -1.315078864926130242e-01 9.188014432616010696e-01 -3.967538621997746873e+01
-6.259178816945915047e-01 7.669591181206740771e-01 -1.414231823518081188e-01 1.644550596893479906e+02 -6.865873468968679560e-01 -6.279084950815821964e-01 -3.665088496687370356e-01 -1.330504939219785285e+02 -3.698981217255301046e-01 -1.323050752463376389e-01 9.196035812283380739e-01 -3.858127712384734309e+01
-6.270952233269504461e-01 7.661038626179104138e-01 -1.408419417731787415e-01 1.585517407847384561e+02 -6.860817667489202965e-01 -6.288499133042675382e-01 -3.658409434055918119e-01 -1.395058464589229459e+02 -3.688406027204731430e-01 -1.327880198629809716e-01 9.199586684007414750e-01 -4.208851525312084618e+01
-6.269302654536190733e-01 7.663163566523021331e-01 -1.404196702225013749e-01 1.532123848423571246e+02 -6.863482365964286291e-01 -6.285478051268057476e-01 -3.658602940894869482e-01 -1.453450035926612429e+02 -3.686252031253792749e-01 -1.329920982517955041e-01 9.200155223817455541e-01 -4.524934990131644241e+01
-6.273960209899167584e-01 7.655418978269064034e-01 -1.425476605125380603e-01 1.479653244608506100e+02 -6.856848938833278728e-01 -6.298794718448057495e-01 -3.648123863696459690e-01 -1.510819701697508322e+02 -3.690670117285322904e-01 -1.311390621442959370e-01 9.201043893133454832e-01 -4.835150213626818783e+01
-6.452643589961624127e-01 7.482370677778078516e-01 -1.541920796037835051e-01 1.427871911560316107e+02 -6.717073277198001291e-01 -6.518165162875587670e-01 -3.520575165825515218e-01 -1.565028529124161309e+02 -3.639274280633381098e-01 -1.235982180212050058e-01 9.231902878633336806e-01 -5.136031203058237793e+01
-9.830177547293348361e-01 1.038393920320421909e-01 -1.513058972720926210e-01 1.361989712202035037e+02 -4.664549973510658670e-02 -9.388155732112939411e-01 -3.412470026980600757e-01 -1.590548228914645392e+02 -1.774832139706724043e-01 -3.283941232092374984e-01 9.277160172166237784e-01 -5.345488078609934490e+01
-7.629614685254845208e-01 -6.445993290281232246e-01 -4.880064099916482656e-02 1.291692866042129140e+02 6.350956982433997311e-01 -7.333458719500278722e-01 -2.426052063880327903e-01 -1.547139969047019576e+02 1.205954046312027184e-01 -2.160915017078325895e-01 9.688969043564380490e-01 -5.286426281825582407e+01
-6.953895858126032392e-01 -7.086086775892278533e-01 -1.196121481648993318e-01 1.295764340916922492e+02 7.043303037675270328e-01 -6.390005538798366747e-01 -3.091878318045577223e-01 -1.544064248592355852e+02 1.426609516935808120e-01 -2.992524589481389552e-01 9.434488956352499178e-01 -5.277407210526767045e+01
-7.021595367307403857e-01 -6.941171115422862803e-01 -1.586613388392561219e-01 1.224272793188819577e+02 6.959585961560701417e-01 -6.220023129586602639e-01 -3.588241283840137852e-01 -1.473208398998683890e+02 1.503782478104554454e-01 -3.623735063967429282e-01 9.198216264293774813e-01 -5.131676800911820635e+01
-7.226933417174906671e-01 -6.727667640119365799e-01 -1.584273179666732811e-01 1.165722083469990906e+02 6.767587237677510359e-01 -6.422243029864481700e-01 -3.599244010314027187e-01 -1.417092897186145990e+02 1.403993007156724704e-01 -3.673320376641249774e-01 9.194320042635399926e-01 -5.015037193466510246e+01
-7.573968236843691137e-01 -6.356678072888399811e-01 -1.492531080059196491e-01 1.095956217976151947e+02 6.393413087691648400e-01 -6.755389590169222913e-01 -3.672734754262317325e-01 -1.356249973265391304e+02 1.326376355871854151e-01 -3.735954411217180526e-01 9.180597496889340015e-01 -4.896376741238739783e+01
-7.774606643326248401e-01 -6.111481074514895084e-01 -1.485022093234178719e-01 1.029426555517105726e+02 6.171026045051682951e-01 -6.956894442132052214e-01 -3.676963050171404568e-01 -1.302294617576132509e+02 1.214054814594895809e-01 -3.775105137195310379e-01 9.180122663139113071e-01 -4.790683333563791280e+01
-7.844908279447112553e-01 -6.020198293855635319e-01 -1.488162151689071400e-01 9.531822334592743573e+01 6.091263150858242659e-01 -7.030154789857826492e-01 -3.670618048453886950e-01 -1.242431901472515960e+02 1.163583823391575595e-01 -3.786044919608952397e-01 9.182153154497288972e-01 -4.676628860518904673e+01
-7.866378479919070577e-01 -5.991677810284475880e-01 -1.489928397075099276e-01 8.798406345524426797e+01 6.064930452629043733e-01 -7.046972309414357705e-01 -3.681955984951477134e-01 -1.185202287849001408e+02 1.156160981627956524e-01 -3.799997143168913905e-01 9.177326053729866207e-01 -4.569287194711365174e+01
-7.858211978024137734e-01 -6.004894029628352614e-01 -1.479781132928696119e-01 8.165678251707169011e+01 6.074645029144524200e-01 -7.045323727716118478e-01 -3.669073635343100270e-01 -1.136393257526024172e+02 1.160686123948941884e-01 -3.782150349287293767e-01 9.184124697381792490e-01 -4.476363738727338415e+01
-7.811896479982218811e-01 -6.062773926311171291e-01 -1.488974715864192222e-01 7.409828619197634225e+01 6.131728166299715843e-01 -7.003136741025092205e-01 -3.654857792187141685e-01 -1.076323946580851327e+02 1.173108298772151808e-01 -3.768135892579495549e-01 9.188306090591772390e-01 -4.363179542424607860e+01
-7.695529091107434772e-01 -6.197986753125318549e-01 -1.537462915325842616e-01 7.175194784515664992e+01 6.266981863732334901e-01 -6.867809575327707972e-01 -3.682136602122049740e-01 -1.058296815752086388e+02 1.226283135156428644e-01 -3.797124154556987818e-01 9.169409895261014798e-01 -4.331748408052520460e+01
-7.627645821399623438e-01 -6.283490718005083631e-01 -1.528647644170754716e-01 6.410243644356226866e+01 6.339600438686161521e-01 -6.799262865213838714e-01 -3.685036060547332015e-01 -9.951994456360526442e+01 1.276121272095637749e-01 -3.779916518452233754e-01 9.169718949479136461e-01 -4.207533996636999518e+01
-7.571412813617286464e-01 -6.348962837061051800e-01 -1.537653699442629307e-01 5.849596718078516489e+01 6.403872748342939181e-01 -6.748939216782321449e-01 -3.666365130644811399e-01 -9.468299634780034069e+01 1.290008460756164599e-01 -3.760650255181317569e-01 9.175695495676717828e-01 -4.115725693161508758e+01
-7.572644463749313992e-01 -6.346182016702117679e-01 -1.543058533087269812e-01 4.990938759503271882e+01 6.401143690849477874e-01 -6.742914614017185837e-01 -3.682181684432643820e-01 -8.737662044193875488e+01 1.296308325493830960e-01 -3.776119214082109266e-01 9.168451799856673912e-01 -3.970578015716174747e+01
-7.563211746584809214e-01 -6.346135482556606311e-01 -1.588833695941004598e-01 5.086861323885476338e+01 6.415629400917107761e-01 -6.719975982590684627e-01 -3.698867689373627754e-01 -8.787711753055333475e+01 1.279659121176182912e-01 -3.816868773018061711e-01 9.153905467239106253e-01 -3.978647500783766588e+01
-7.598303444139171692e-01 -6.427117430041768831e-01 -9.787473173582908470e-02 4.411503763872807582e+01 6.293131939239913208e-01 -6.893438159913126695e-01 -3.588453807808014706e-01 -8.203405092328009118e+01 1.631647990867242382e-01 -3.342554693031490332e-01 9.282513288866968137e-01 -3.855038861049489185e+01
-7.501203792604593801e-01 -6.502625488319451197e-01 -1.203247032189411064e-01 4.818531833430333222e+01 6.479611185549507546e-01 -6.863574834271360947e-01 -3.302420230445905491e-01 -8.564930986088286602e+01 1.321582591409242446e-01 -3.256870008614882184e-01 9.361955842721579879e-01 -3.924199917387539216e+01
-7.016492885651031131e-01 -7.021564073189654476e-01 -1.210977106183562663e-01 4.261943983546777304e+01 6.947887427656739279e-01 -6.365503588361245413e-01 -3.347719277234775803e-01 -8.035976553372476872e+01 1.579774628932139602e-01 -3.190298110310763602e-01 9.344854738792340854e-01 -3.813548290382675532e+01
1.426097850534470135e-01 -9.818214741052572192e-01 -1.252559068179567581e-01 4.123858500882063538e+01 9.217822764047980399e-01 1.778405168144869541e-01 -3.445144198508137134e-01 -7.252881912170249734e+01 3.605272307510172247e-01 -6.632754755706619931e-02 9.303874313005661145e-01 -3.549730565888771139e+01
6.123676704660971915e-01 -7.900881326244834080e-01 -2.768716045175522236e-02 4.630513026068651783e+01 7.428787124787179508e-01 5.870513932435961202e-01 -3.217170810459291652e-01 -6.540950678237319948e+01 2.704386339151408913e-01 1.764409373606569409e-01 9.464309488332484088e-01 -3.274952663897423832e+01
6.960000785638544851e-01 -7.179906534091723413e-01 8.562257656554290303e-03 5.229585179413098928e+01 6.735094324249428777e-01 6.486543384979305271e-01 -3.544468840072395599e-01 -5.907022103299691196e+01 2.489356042709431061e-01 2.524618204102946351e-01 9.350369480193700955e-01 -3.038498173436141769e+01
7.098766767618851503e-01 -7.041359269541740407e-01 -1.636154521697769093e-02 5.835247661616060100e+01 6.430902851998142600e-01 6.574574012685673319e-01 -3.926635335739766530e-01 -5.349670679495960002e+01 2.872455201933069024e-01 2.682207335191781339e-01 9.195366492094310118e-01 -2.814730327641807150e+01
6.947564231474445684e-01 -7.069787195364668486e-01 -1.322671637933833244e-01 6.501642337595390586e+01 6.376701617574157543e-01 6.905194467742949982e-01 -3.414083455787083055e-01 -4.700343336702955099e+01 3.327014837653120560e-01 1.528528172756291326e-01 9.305620554005308298e-01 -2.503259629581263823e+01
6.634927780157406918e-01 -7.360183665198199998e-01 -1.343662817318760083e-01 7.112447395104463510e+01 6.659647918386154553e-01 6.628270242259407530e-01 -3.422736215181231834e-01 -4.104915191123573237e+01 3.409812744892370406e-01 1.376128631388705836e-01 9.299432618963457964e-01 -2.198309945026599621e+01
6.377019619302973785e-01 -7.585972232249205138e-01 -1.336654804565806376e-01 7.627308727023022072e+01 6.887749137300342994e-01 6.392603275910158089e-01 -3.419581140789155760e-01 -3.560632175009434519e+01 3.448555146237813340e-01 1.260019304759443237e-01 9.301603020715836223e-01 -1.924794303970990939e+01
6.251949602979712806e-01 -7.688015355122975736e-01 -1.344450096208502365e-01 8.148639098989264085e+01 7.000091438035656033e-01 6.285373058276592095e-01 -3.390104036372693641e-01 -2.981561120130981735e+01 3.451354230000404644e-01 1.178348597692485816e-01 9.311264605915472448e-01 -1.641650585091113967e+01
6.210714091879583343e-01 -7.716741133768520999e-01 -1.370743135431720661e-01 8.694041889612638840e+01 7.011843283256598003e-01 6.252143791149296081e-01 -3.427061683985626606e-01 -2.364660109727724091e+01 3.501583104822394987e-01 1.167306424722313191e-01 9.293885703559309208e-01 -1.336190158918276261e+01
6.218345347197457018e-01 -7.717487793315626066e-01 -1.331376469302328058e-01 9.217287876154146886e+01 7.028492361026354995e-01 6.249372899178619045e-01 -3.397886622300065884e-01 -1.773427104354011874e+01 3.454341655653340726e-01 1.177166312394246905e-01 9.310306289214228537e-01 -1.045252872289152357e+01
6.241599927735081987e-01 -7.703524052432016989e-01 -1.303129892105427123e-01 9.384782917547472891e+01 7.027982253263278523e-01 6.264495231234741279e-01 -3.370988719300815895e-01 -1.567001283533975808e+01 3.413194367438482923e-01 1.188198919136993909e-01 9.324070331065057449e-01 -9.498828809079299162e+00
6.236967675580008530e-01 -7.711631765131855554e-01 -1.277094253678763836e-01 9.750919420000720095e+01 7.036638469321933043e-01 6.250590010776186922e-01 -3.378734018718164145e-01 -1.145644686833753845e+01 3.403814516954286051e-01 1.208660430474178538e-01 9.324869259028619739e-01 -7.474760777130440736e+00
-3.265936897121363147e-02 -9.910387380523482115e-01 -1.295205979680830455e-01 1.002169820184575570e+02 9.402754858165678353e-01 1.346805154085150072e-02 -3.401479418725151804e-01 -4.157779989072033722e+00 3.388441771534780322e-01 -1.328940603161055389e-01 9.314095728206142066e-01 -4.506917227469362963e+00
-7.057980887777828283e-01 -6.973373745667446055e-01 -1.247783791767912154e-01 9.492858705135583364e+01 6.903447308204955224e-01 -6.375158731235789356e-01 -3.420492130437602918e-01 2.762398832240968272e+00 1.589755028487202515e-01 -3.275577774192514058e-01 9.313606669524722159e-01 -2.709426914507569784e+00
-7.943912130209445088e-01 -5.943653601071069437e-01 -1.251895338271519498e-01 8.888843041257030109e+01 5.970616637085696121e-01 -7.262203499363805159e-01 -3.407658625329615942e-01 7.316253280045916796e+00 1.116242375322862301e-01 -3.454472782394285013e-01 9.317758354627488915e-01 -1.867403774156605856e+00
-8.088423019812058801e-01 -5.743743373336746005e-01 -1.259692467955734752e-01 8.153791394554974659e+01 5.789660744993471164e-01 -7.404330983577380731e-01 -3.414046154274630318e-01 1.272651548595733395e+01 1.028222500461702799e-01 -3.490744153742312839e-01 9.314368671179912296e-01 -8.968042387388893699e-01
-8.073718205647935076e-01 -5.881512095986694000e-01 -4.721120635517574160e-02 7.502776579035234761e+01 5.811273739451479070e-01 -7.787660243273679672e-01 -2.362508298503070425e-01 1.770843846919456155e+01 1.021847278682285476e-01 -2.181779869761525104e-01 9.705445107719310460e-01 1.666028615703074589e-01
-7.874269465021579428e-01 -6.150694867908829133e-01 -4.059963474079209683e-02 6.752330836103033107e+01 6.052720096855416232e-01 -7.590592212999314192e-01 -2.397392184244464541e-01 2.308867944160570218e+01 1.166387509085646396e-01 -2.133509432328350164e-01 9.699880292086837663e-01 1.111040712939912023e+00
-7.656685188543930209e-01 -6.422093959545708275e-01 -3.631543725447279602e-02 6.142603836274445683e+01 6.302917506317873286e-01 -7.377956317354817939e-01 -2.416400523041562221e-01 2.801341296890730703e+01 1.283901410577693858e-01 -2.079055014657028855e-01 9.696861730165372562e-01 2.079315475081495723e+00
-7.525709974153378390e-01 -6.574813786313276065e-01 -3.681209858634360704e-02 5.870882978450364931e+01 6.446757036504968674e-01 -7.242083476136965681e-01 -2.447764416143290989e-01 3.050362675724662864e+01 1.342763231996517148e-01 -2.079435163684764110e-01 9.688804689064038911e-01 2.624871489237195821e+00
-7.500202055782707600e-01 -6.581388747763834424e-01 -6.574886107304502014e-02 5.489464208858145611e+01 6.495179705505861323e-01 -7.141121099838021458e-01 -2.610944279495965303e-01 3.394042092921949205e+01 1.248843351112272487e-01 -2.385311633362750816e-01 9.630715378211875954e-01 3.330334570858035192e+00
-7.595318933502412939e-01 -6.375210671229678550e-01 -1.291440744215093528e-01 5.057598347095328961e+01 6.379503434213702473e-01 -6.913184043739145634e-01 -3.392612903094861521e-01 3.732578491612088811e+01 1.270065443681949735e-01 -3.400672767972479082e-01 9.317851602914434261e-01 3.874663733126082921e+00
-7.608698261056485723e-01 -6.359880218879458980e-01 -1.288267974336715638e-01 4.404501961907585184e+01 6.362073238166476852e-01 -6.920515726529286038e-01 -3.410349863440177431e-01 4.288010951796493231e+01 1.277393785957021133e-01 -3.414437827866617647e-01 9.311813971253485311e-01 5.000475293880288774e+00
-7.705504786079651058e-01 -6.241184578505798441e-01 -1.293371968431679953e-01 3.853458853341432899e+01 6.252480477321910035e-01 -7.007574715533816390e-01 -3.435168771242427810e-01 4.750206945052691054e+01 1.237612165588094087e-01 -3.455649239033448672e-01 9.301978524182671348e-01 5.901316757434164728e+00
-7.742981469469412126e-01 -6.193863445787861632e-01 -1.297032604981877557e-01 3.044913083525246833e+01 6.211096011214068957e-01 -7.045854782014462359e-01 -3.431940665315223460e-01 5.401741666305755274e+01 1.211826845276862963e-01 -3.462944701507194578e-01 9.302660355584810858e-01 7.157316868891547834e+00
-7.793459240948478195e-01 -6.128916995966174897e-01 -1.303215069062509945e-01 2.582431010340177480e+01 6.154153063293248405e-01 -7.095925709280999083e-01 -3.431361013056331566e-01 5.772263663086359031e+01 1.178300951893361398e-01 -3.476235720563528031e-01 9.302010109747523847e-01 7.865921428415054706e+00
