1.000000000000000000e+00 0.000000000000000000e+00 0.000000000000000000e+00 0.000000000000000000e+00 0.000000000000000000e+00 1.000000000000000000e+00 0.000000000000000000e+00 0.000000000000000000e+00 0.000000000000000000e+00 0.000000000000000000e+00 1.000000000000000000e+00 0.000000000000000000e+00
9.979276060915833746e-01 6.434665744713209679e-02 2.599429224147958032e-05 1.765327182321439814e+00 -6.434665867974620479e-02 9.979276051106229506e-01 4.974865813350743445e-05 -1.489043184942698828e-01 -2.273926193971407357e-05 -5.131820516792370552e-05 9.999999984246839002e-01 -3.721743922380893466e-03
9.777198396739732456e-01 2.088188004549194066e-01 -2.141550103240223019e-02 5.660898290570756330e+00 -2.092658255240768539e-01 9.776263326811802656e-01 -2.132059839857135611e-02 -9.820436832571415309e-01 1.648421595426666567e-02 2.532710455056172774e-02 9.995432999122439988e-01 1.273800326499330282e-02
9.335557551796499487e-01 3.579902770452998428e-01 -1.779363683970638238e-02 1.173915661002923017e+01 -3.584301094824401401e-01 9.322291204025072719e-01 -4.976669257619592557e-02 -3.099621404738729602e+00 -1.228245643139521445e-03 5.283775747131078809e-02 9.986023546928192163e-01 2.650718011057262569e-02
9.047936897372953480e-01 4.258482280372135054e-01 -1.290615797539231870e-03 1.948566639857009974e+01 -4.257178305196399060e-01 9.044327734871351332e-01 -2.767105021533560610e-02 -6.590383051639165046e+00 -1.061639247685470903e-02 2.558602978060225269e-02 9.996162500133956019e-01 -8.505387253074925269e-03
8.992270329973049980e-01 4.374814113285470096e-01 -8.705566305686864362e-04 2.723408937029669730e+01 -4.374779813186801536e-01 8.992252408496360649e-01 2.642362625876045965e-03 -1.030126412684163917e+01 1.938811026606422280e-03 -1.995234546804702889e-03 9.999961300179647239e-01 -3.544527662487262365e-02
8.981477287126171660e-01 4.396923945384694221e-01 -1.120532638884391176e-03 1.684087023316087084e+01 -4.396921917613988429e-01 8.981484218626256677e-01 4.345224187084847792e-04 -7.167848603496866922e+00 1.197460824022150228e-03 1.024241284935237305e-04 9.999992777981755454e-01 -2.223580950563708303e-02
9.054928028714241961e-01 4.243573946630102567e-01 -1.893552976575176364e-03 2.446744106091516002e+01 -4.243576949057481507e-01 9.054946046563817630e-01 2.602161852438861114e-04 -1.080067003945198856e+01 1.825026666339086331e-03 5.679198933923638396e-04 9.999981733706625464e-01 -2.686068913964312355e-02
9.214660134002587988e-01 3.884556543984073462e-01 -1.609569551175781378e-03 2.258719542171783345e+01 -3.884533838812860851e-01 9.214670660991144402e-01 1.553913082672701883e-03 -1.040849580590245615e+01 2.086791655412275834e-03 -8.066353547144049750e-04 9.999974973168639369e-01 -2.352738361333495121e-02
9.293576497412070481e-01 3.691723014975057948e-01 -2.484084244864758362e-03 3.029174868135671161e+01 -3.691716417046592702e-01 9.293609403476478237e-01 7.358785379594139173e-04 -1.352575691551284542e+01 2.580276843191373765e-03 2.331591102764456441e-04 9.999966438984890793e-01 -2.344431202566610306e-02
9.326538375607820175e-01 3.607356489089986185e-01 -5.158574352570595087e-03 3.835296936790278011e+01 -3.607304199858936133e-01 9.326681023948883986e-01 1.942902961776151382e-03 -1.668212695965408798e+01 5.512112113158477815e-03 4.879878942251341821e-05 9.999848070039514258e-01 -1.505425546531746761e-02
9.335625810488443754e-01 3.583669206764513726e-01 -5.835874424521212897e-03 4.616939736265103988e+01 -3.583666100630333862e-01 9.335802510298133461e-01 1.134759463739634091e-03 -1.968301151847559538e+01 5.854917364951800832e-03 1.032013560430847590e-03 9.999823272891679160e-01 1.589699363495511442e-02
9.125751917558642123e-01 4.086594368319771409e-01 -1.428229953193686091e-02 3.565135616441136790e+01 -4.088462902124592180e-01 9.124900216518070373e-01 -1.437606919134458427e-02 -1.045541610986191827e+01 7.157539469542229839e-03 1.895850927832237395e-02 9.997946511932764846e-01 3.877835130375073547e-02
9.113454957442497228e-01 4.113743910177482532e-01 -1.484916837555355813e-02 4.323140643767709435e+01 -4.115376418449489537e-01 9.113341925989161263e-01 -1.033241234080361885e-02 -1.386735974383391579e+01 9.282065037858087259e-03 1.552738918359757199e-02 9.998363583375901031e-01 6.742855309975659406e-02
9.089723952490036396e-01 4.165631931192951276e-01 -1.562980529459770049e-02 5.099061980856575360e+01 -4.167457168888471508e-01 9.089558807520627948e-01 -1.105505771322010111e-02 -1.740940739347840704e+01 9.601673296397231216e-03 1.656239670153185350e-02 9.998167306488775496e-01 1.350884364022152395e-01
9.017899747048039316e-01 4.318522256803062898e-01 -1.668822030283502456e-02 5.857568420691938371e+01 -4.320570162094146682e-01 9.017728439732002332e-01 -1.150967491737142460e-02 -2.105105390357924122e+01 1.007850515341517962e-02 1.758957212248515520e-02 9.997944942268987001e-01 1.980430905666071828e-01
9.002924396762883585e-01 4.349081506726155122e-01 -1.812245955281427054e-02 6.637544244048585540e+01 -4.350441085608952596e-01 9.003994066958871390e-01 -4.187126478880182252e-03 -2.484222342394447836e+01 1.449643639566204276e-02 1.165370757398918010e-02 9.998270072525577978e-01 2.524226068321905325e-01
9.174363147892014014e-01 3.975066908736079041e-01 -1.729274462670520041e-02 6.596666515233405903e+01 -3.976686901914328054e-01 9.175016686778564301e-01 -7.092306731885336668e-03 -2.532443782664313403e+01 1.304688267136968824e-02 1.338352285697231268e-02 9.998253148267931545e-01 2.457099322455823520e-01
9.164358754948336294e-01 3.997748712609740518e-01 -1.803713985892580959e-02 7.356404887070954146e+01 -3.999266789941450240e-01 9.165298410937841034e-01 -5.630436334496836427e-03 -2.863427500946488635e+01 1.428066996792103256e-02 1.237346729395563845e-02 9.998214639486353583e-01 3.356301978367193239e-01
9.165211621093650729e-01 3.995450181940983780e-01 -1.878131630045323797e-02 8.006825434169178379e+01 -3.996994051645455515e-01 9.166316093585442637e-01 -5.184422424305077347e-03 -3.147414346195468227e+01 1.514413803451143160e-02 1.225851381868827035e-02 9.998101739441084268e-01 4.256598249831194947e-01
9.164143049068088631e-01 3.997938390719061319e-01 -1.870048133921459188e-02 8.480520987642005082e+01 -3.999352677192151151e-01 9.165328431413994892e-01 -4.396484675580986969e-03 -3.353963757738728191e+01 1.538191784307169074e-02 1.150798345888294841e-02 9.998154644334017460e-01 4.889095025330286726e-01
9.161094518768879702e-01 4.005287274652386542e-01 -1.789443089080290997e-02 8.507773702984013653e+01 -4.006704425943267145e-01 9.162083742445714662e-01 -5.040971670791187347e-03 -3.366059972164534031e+01 1.437597346600404460e-02 1.178785133924701613e-02 9.998271740394478746e-01 4.960602286158589669e-01
9.159384000196647557e-01 4.009528705281355521e-01 -1.713601425846067103e-02 8.504642571536183482e+01 -4.010775447324831378e-01 9.160333319685920461e-01 -4.442728202629636983e-03 -3.365071762160307856e+01 1.391583561201835406e-02 1.094213588692304583e-02 9.998432973128595913e-01 4.948263774915878654e-01
9.149858868556235425e-01 4.031571115502756153e-01 -1.628404929579934865e-02 8.514112863501541995e+01 -4.032775578081470025e-01 9.150650814755790785e-01 -4.807081483450727742e-03 -3.369334732514895592e+01 1.296295580975814939e-02 1.096540334555983452e-02 9.998558504635272071e-01 4.974599085792384967e-01
9.140863644001783195e-01 4.052341570581267649e-01 -1.521171821508411973e-02 8.510077091438242292e+01 -4.053515882116486280e-01 9.141442307326844707e-01 -5.515011554178542684e-03 -3.368397288194691441e+01 1.167083338752705063e-02 1.120729099909644269e-02 9.998690855689568169e-01 5.000898703886161867e-01
9.148758167985013845e-01 4.034395162148270431e-01 -1.545304480102449064e-02 8.510707195516914680e+01 -4.035338210451722141e-01 9.149583007779100718e-01 -3.429739098315713001e-03 -3.368395288313380576e+01 1.275519933042269967e-02 9.373611574316978098e-03 9.998747122995434999e-01 4.943982251636105385e-01
9.147381914556272919e-01 4.037168236928844189e-01 -1.633301441308179086e-02 8.512166242207651123e+01 -4.038276187557822694e-01 9.148262240718805227e-01 -4.029153809448226924e-03 -3.368898047167243703e+01 1.331523272511067786e-02 1.028134318628989852e-02 9.998584892672370827e-01 4.952321361351070816e-01
9.145056732813933165e-01 4.042523479727586078e-01 -1.610629363505052675e-02 8.512387501918341570e+01 -4.043567823054006749e-01 9.145937704078692665e-01 -3.718566221140709883e-03 -3.369076684569632363e+01 1.322747669698878976e-02 9.913338974840705392e-03 9.998633704514834353e-01 4.972322275811627001e-01
9.146597937535215772e-01 4.039341995546004149e-01 -1.531744498769203357e-02 8.613459624399125403e+01 -4.040323202436464922e-01 9.147366857953711516e-01 -3.831430364295426542e-03 -3.413570796808981100e+01 1.246378310554344809e-02 9.693198145369045018e-03 9.998753402401784340e-01 5.101482585577782336e-01
9.144969633071949877e-01 4.043110189199208837e-01 -1.509649236927184356e-02 8.923258669291324452e+01 -4.043971201478239186e-01 9.145784659833976482e-01 -3.032948334902828714e-03 -3.550589982772973485e+01 1.258067240120265377e-02 8.878600080603368111e-03 9.998814415432172309e-01 5.446661718102033811e-01
9.149304019957600342e-01 4.032986314859007271e-01 -1.589255629147748317e-02 9.329384910297416411e+01 -4.033963437045410272e-01 9.150191300446101073e-01 -3.373653540787363569e-03 -3.729389047804375679e+01 1.318140317590559690e-02 9.497657290367602853e-03 9.998680138479821844e-01 5.937880654074559894e-01
9.155467039143838637e-01 4.018775002866774582e-01 -1.639230657474571168e-02 9.821799555381987545e+01 -4.019797876566230110e-01 9.156423458793716552e-01 -3.368196558684042989e-03 -3.946022794365354258e+01 1.365588763299586256e-02 9.673117173557475856e-03 9.998599639635048497e-01 6.566259520516450898e-01
9.164880334306660936e-01 3.997048332101935664e-01 -1.690357615426623175e-02 1.053223005760393249e+02 -3.998116980505401208e-01 9.165911552513391625e-01 -3.355624675032794178e-03 -4.257987268282283821e+01 1.415240899406786622e-02 9.833637344716006715e-03 9.998514934210164240e-01 7.490263767293522390e-01
9.182550304776392336e-01 3.956229424027738473e-01 -1.703485976117839751e-02 1.131877972984410832e+02 -3.957253464084674044e-01 9.183640458530863970e-01 -2.988225936763928316e-03 -4.598930975556338296e+01 1.446199199314888821e-02 9.485079278649199627e-03 9.998504308438675992e-01 8.482525660628912334e-01
9.195862104352242605e-01 3.925464632117781072e-01 -1.638523107280531743e-02 1.208164750049603668e+02 -3.926205849562293126e-01 9.196993958254617851e-01 -1.448304839893813220e-03 -4.924781674167171275e+01 1.450096017556680265e-02 7.765020167720738421e-03 9.998647041554078463e-01 9.489328212143837149e-01
9.216043760881168501e-01 3.877806935248195863e-01 -1.647749084795235852e-02 1.287354131376562520e+02 -3.878774399816820040e-01 9.217060138697129590e-01 -3.019196857003250949e-03 -5.261312229833971088e+01 1.401661615694415643e-02 9.173752003111020417e-03 9.998596785277892307e-01 1.053979501623584447e+00
9.218647276063041129e-01 3.871464096824205336e-01 -1.682502497376081943e-02 1.360653503753963776e+02 -3.872428736820767159e-01 9.219735464355468535e-01 -2.781448455049609705e-03 -5.569788981237390146e+01 1.443540016083571902e-02 9.079490242977111478e-03 9.998545804661416181e-01 1.151702741177994094e+00
9.230822871113802952e-01 3.842585556174171191e-01 -1.626203111671463419e-02 1.421730572383905553e+02 -3.843323962414452177e-01 9.231934582923611021e-01 -1.564533636465003643e-03 -5.826505278848561886e+01 1.441181531013484805e-02 7.694218674250661444e-03 9.998665403834949839e-01 1.225114566509948988e+00
9.229133486332903313e-01 3.845559611960647217e-01 -1.864574007806442391e-02 1.464588465216837676e+02 -3.847050243630264488e-01 9.230256921548934956e-01 -5.061210509690508563e-03 -6.004699423394653479e+01 1.526417846892597768e-02 1.184416863063487979e-02 9.998133428421114299e-01 1.295223807556905582e+00
9.242437466703542492e-01 3.814252663067306814e-01 -1.697830861972400227e-02 1.465979591143549214e+02 -3.815347728525735338e-01 9.243473440614978776e-01 -3.633817660567629799e-03 -6.009359749255281713e+01 1.430782461040619111e-02 9.836348371967196594e-03 9.998492548407598157e-01 1.295175104965767598e+00
9.243347167588116253e-01 3.811522425249981305e-01 -1.811903453757020277e-02 1.466022532227631530e+02 -3.812811826345677280e-01 9.244497683211774230e-01 -4.157597828946873672e-03 -6.009171093000626485e+01 1.516545954444000095e-02 1.075145892829798208e-02 9.998271925526523995e-01 1.295542191175170554e+00
9.245287484862599880e-01 3.806855946821634529e-01 -1.802973166518700640e-02 1.465949015659662962e+02 -3.808123654813580505e-01 9.246433288302291498e-01 -4.081267725301979468e-03 -6.009166416046867454e+01 1.511739127375058035e-02 1.063919410672478812e-02 9.998291214151723283e-01 1.296194032023314513e+00
9.242110996647473486e-01 3.813973986416064332e-01 -1.923194129294725566e-02 1.468183527874160177e+02 -3.815563734351184455e-01 9.243305418382949945e-01 -5.270988139328220724e-03 -6.018855314356429176e+01 1.576632955130164923e-02 1.220957551842240772e-02 9.998011547893608242e-01 1.299838664943220090e+00
9.251094968303706922e-01 3.792136079570430085e-01 -1.922130106058494645e-02 1.487721743110605246e+02 -3.793536653777046519e-01 9.252425971734854482e-01 -4.114965390396558773e-03 -6.098625074656197143e+01 1.622391564203842784e-02 1.109846457244539029e-02 9.998067856567957046e-01 1.330908434837034360e+00
9.249483177735506878e-01 3.795179457936229128e-01 -2.089828386419894518e-02 1.528702941041564713e+02 -3.797099326272282971e-01 9.250861818149355154e-01 -5.993603197595450544e-03 -6.266445116970204765e+01 1.705803365296294435e-02 1.347905915311773707e-02 9.997636412934012284e-01 1.397586838936663689e+00
9.182914575147919090e-01 3.953866347029140749e-01 -2.025359606748609528e-02 1.569069244831620153e+02 -3.955797772325758133e-01 9.184088650798000186e-01 -6.465012564563993661e-03 -6.436775103040078250e+01 1.604490261690957181e-02 1.394867883129961329e-02 9.997739721851507388e-01 1.464477157899529036e+00
7.140594977320952053e-01 6.997698145641958467e-01 -2.100572120590776456e-02 1.621666911405329756e+02 -7.000232045787807555e-01 7.140736956641244859e-01 -8.140651806484645175e-03 -6.800347759449533669e+01 9.303050566537369309e-03 2.051740201319826942e-02 9.997462125283520518e-01 1.539603670295496718e+00
5.033884814345155334e-01 8.635331262554793996e-01 -3.017576210291963990e-02 1.578731135690032659e+02 -8.639900495509904577e-01 5.034855850115721454e-01 -4.843548537216871286e-03 -7.206622208166183441e+01 1.101049662504547527e-02 2.850974473744436952e-02 9.995328726055361379e-01 1.415481554249066409e+00
2.281934349556740405e-01 9.735983525030178498e-01 -5.831316021380867146e-03 1.585726566869535361e+02 -9.733751698757919790e-01 2.279997846728311628e-01 -2.359823846002293696e-02 -7.532139668495062779e+01 -2.164566728941758403e-02 1.106102131600674408e-02 9.997045157920624314e-01 1.364983166495738587e+00
2.151898617998335150e-01 9.765187311262016889e-01 -1.022209069822608250e-02 1.591398956403469356e+02 -9.765704042685706687e-01 2.151574215453432859e-01 -4.186819876739231172e-03 -7.791345462420794377e+01 -1.889149356054383366e-03 1.088355243629293874e-02 9.999389878392961339e-01 1.384871940619324837e+00
2.027378780219611931e-01 9.791856318351982447e-01 -9.635933927594788478e-03 1.601581907154689759e+02 -9.792322579210100963e-01 2.027154377493023685e-01 -3.261340986342958423e-03 -8.281394832887696111e+01 -1.240105670086518851e-03 1.009701468817352128e-02 9.999482548773775958e-01 1.374047931975676207e+00
1.923194289224409159e-01 9.812832841003885642e-01 -9.815987169066123924e-03 1.616012741779229600e+02 -9.813307681212509737e-01 1.922913701435821077e-01 -3.735305457304896604e-03 -9.006827328382955500e+01 -1.777863184210697880e-03 1.035110204088774723e-02 9.999448454235045913e-01 1.349369333553612993e+00
1.858902590259983167e-01 9.825270179518517111e-01 -9.245030767384677939e-03 1.632168718790174751e+02 -9.825688112967166932e-01 1.858642010114668897e-01 -3.609688258841046039e-03 -9.851377763415487721e+01 -1.828295983788514592e-03 9.754884776949794556e-03 9.999507485655396710e-01 1.321013189248258390e+00
1.851625645815289378e-01 9.826562011586238432e-01 -1.008042668216088851e-02 1.647282525278109517e+02 -9.827058554328492734e-01 1.851314913752996061e-01 -3.941141858540841286e-03 -1.064910973202233038e+02 -2.006583061573164253e-03 1.063584625972806286e-02 9.999414244838321641e-01 1.293116224025915528e+00
1.859842712132025178e-01 9.824928694102221804e-01 -1.084492597316135364e-02 1.660005138778005858e+02 -9.825526756333006206e-01 1.859695544732909434e-01 -2.358901194950923513e-03 -1.131811823395905208e+02 -3.007775521578899504e-04 1.109442955158165822e-02 9.999384096862105054e-01 1.264770283159273312e+00
1.877894744658963611e-01 9.821323971515963924e-01 -1.229096192665931134e-02 1.671343590255991387e+02 -9.822092926465622043e-01 1.877730260371689441e-01 -2.489203001873164980e-03 -1.191112655383656147e+02 -1.368157973501837735e-04 1.253974314349055527e-02 9.999213649699317807e-01 1.247891505961845393e+00
1.881122130560860806e-01 9.820603457843937178e-01 -1.308711339370733154e-02 1.674493569961616970e+02 -9.821471139644983861e-01 1.880829819649146584e-01 -3.440701438969633649e-03 -1.207098837997327649e+02 -9.175131324939231770e-04 1.350070861190561487e-02 9.999084403267265442e-01 1.242645140290952632e+00
1.913393725697671854e-01 9.814627378655697010e-01 -1.096077944440692654e-02 1.676286076427454930e+02 -9.815223994146213826e-01 1.913073569183428302e-01 -3.908277917711419809e-03 -1.216572770699184360e+02 -1.738951400182198442e-03 1.150605798433192162e-02 9.999322910465926473e-01 1.236644334236832732e+00
1.909957155272684615e-01 9.815321367884858317e-01 -1.073783505446989674e-02 1.682223612563533095e+02 -9.815891897451751724e-01 1.909637179299469856e-01 -3.939671278443848332e-03 -1.248259029257446286e+02 -1.816377063655120984e-03 1.129260314550305233e-02 9.999345868048368224e-01 1.227388881833832546e+00
1.945364765894567471e-01 9.808292201720980596e-01 -1.138420540726748156e-02 1.692306226338977808e+02 -9.808927925897240607e-01 1.944967191079336188e-01 -4.511729356063404368e-03 -1.298487979815838003e+02 -2.211045384570899022e-03 1.204438096560342571e-02 9.999250192716760965e-01 1.204890886283901175e+00
2.033842089186144730e-01 9.790325095098753039e-01 -1.141091080267676514e-02 1.707650109324538334e+02 -9.790986472537503982e-01 2.033603445212022465e-01 -3.226332607504210723e-03 -1.373914656555081706e+02 -8.381577571053229524e-04 1.182859243591959791e-02 9.999296884744237612e-01 1.175536241034245366e+00
2.102637571017667573e-01 9.775875183736748575e-01 -1.057338022822149753e-02 1.725416282489987907e+02 -9.776443758081132529e-01 2.102426318380771486e-01 -3.083862604540656832e-03 -1.457704093987792930e+02 -7.917703039722929917e-04 1.098543025101780812e-02 9.999393448714700705e-01 1.152281893296573045e+00
2.162994416599245406e-01 9.762785252189272178e-01 -9.736156015743017283e-03 1.744686730200315310e+02 -9.763270541713484629e-01 2.162867762146780115e-01 -2.348132823936668195e-03 -1.538558290443683916e+02 -1.866298530028360136e-04 1.001357234056387754e-02 9.999498455114023132e-01 1.132854989541008273e+00
2.171529628048789740e-01 9.761002090792822994e-01 -8.542398986574989764e-03 1.762989819850044455e+02 -9.761374809874802105e-01 2.171487217524299407e-01 -1.432079852044158483e-03 -1.622638271725467121e+02 4.571175776354886974e-04 8.649536211189879156e-03 9.999624875798345247e-01 1.116859241460549379e+00
2.164923611434932671e-01 9.762424671931407838e-01 -9.038960956131082691e-03 1.781005307438957459e+02 -9.762841424625448017e-01 2.164884984219991593e-01 -1.415354076449366980e-03 -1.703433823281569914e+02 5.751023291431039096e-04 9.131007591673451565e-03 9.999581461029610763e-01 1.108067355671657594e+00
2.160803778635597971e-01 9.763350158081131047e-01 -8.899843218545262780e-03 1.796495955419260326e+02 -9.763754251070297929e-01 2.160764765913829044e-01 -1.409081587599937636e-03 -1.773579318214928833e+02 5.473110707746740768e-04 8.994063087782229460e-03 9.999594028158163006e-01 1.101074624012142955e+00
2.162306226400448339e-01 9.762982895871583633e-01 -9.271870463383548311e-03 1.808863239569306245e+02 -9.763417433749368435e-01 2.162310297445097229e-01 -9.705252279340099595e-04 -1.830232943226830855e+02 1.057343977921974387e-03 9.262371446890521262e-03 9.999565443052469416e-01 1.089646496602044268e+00
2.168993367340323053e-01 9.761433391575092822e-01 -9.942793509212384181e-03 1.811342676729659331e+02 -9.761935327859169176e-01 2.168976873293644303e-01 -1.256892248499273364e-03 -1.841925210547428264e+02 9.296619213303176227e-04 9.978709816564559562e-03 9.999497792784936001e-01 1.086850233277806499e+00
2.169587845285554928e-01 9.761274109353700323e-01 -1.020604901543393887e-02 1.811323164863006809e+02 -9.761804860543491502e-01 2.169547672873491095e-01 -1.512480739331917377e-03 -1.841945119626319354e+02 7.378770808930765895e-04 1.029109187140911721e-02 9.999467730662002785e-01 1.083536739707402052e+00
2.159374542566877830e-01 9.763555720423223727e-01 -1.004055730787766290e-02 1.811484319271853565e+02 -9.764070252130251371e-01 2.159321122703520834e-01 -1.626039702704947529e-03 -1.841984922022406295e+02 5.804858237635335651e-04 1.015479356638813654e-02 9.999482702639330700e-01 1.082980661035380932e+00
2.165496091422546288e-01 9.762156415711251700e-01 -1.045408686666362934e-02 1.811507766952192355e+02 -9.762715021878443089e-01 2.165423223289276722e-01 -1.837568035286993957e-03 -1.842255474047541952e+02 4.698895894374073849e-04 1.060395172913361668e-02 9.999436661189965436e-01 1.080987840696327140e+00
2.154151405710834077e-01 9.764693794498239265e-01 -1.019157542377500773e-02 1.811575821672299185e+02 -9.765223135570589852e-01 2.154108218683971343e-01 -1.532627531463295846e-03 -1.842412192234184261e+02 6.988117835934588113e-04 1.028245198674931568e-02 9.999468900112797876e-01 1.081034606793047192e+00
2.150065623569810402e-01 9.765566899119516586e-01 -1.045033643708432290e-02 1.811502311220554304e+02 -9.766123679268300384e-01 2.150016396427453236e-01 -1.605541429084284422e-03 -1.842316439168654938e+02 6.789372452884079746e-04 1.055112975684208143e-02 9.999441047903979696e-01 1.080832139794573266e+00
2.143526959230970252e-01 9.766953499713234566e-01 -1.091398620562419701e-02 1.811649585360628976e+02 -9.767562718594855475e-01 2.143430466537319945e-01 -2.060032609946921799e-03 -1.842354401995571322e+02 3.273127835258541826e-04 1.110187802096296306e-02 9.999383186830819170e-01 1.080332492601591809e+00
2.137216512721314132e-01 9.768384044798424926e-01 -1.047794401548007501e-02 1.811623778641628633e+02 -9.768942234203356056e-01 2.137186693154910500e-01 -1.416557091715788322e-03 -1.842517309551713254e+02 8.555848828243644471e-04 1.053859190280691423e-02 9.999441014652837856e-01 1.081386119819546909e+00
2.122878233725894459e-01 9.771576930057006560e-01 -9.834787618824501407e-03 1.811650423190355639e+02 -9.772069330516011121e-01 2.122842271262934677e-01 -1.420179310712241239e-03 -1.842639474847952670e+02 7.000311497034059690e-04 9.912109420875244922e-03 9.999506288028511269e-01 1.081353088110194260e+00
2.123053154708689216e-01 9.771565471404913827e-01 -9.567413615488906675e-03 1.811577521425703594e+02 -9.772030226836143640e-01 2.123034766951352181e-01 -1.219114910312862725e-03 -1.842600322209555088e+02 8.399290572198680593e-04 9.608130079949346938e-03 9.999534880960938565e-01 1.077604866769741321e+00
2.136247232550226582e-01 9.768672390161690089e-01 -9.740377361496157377e-03 1.811435240084516920e+02 -9.769155737960527608e-01 2.136208199496735793e-01 -1.451536688097358405e-03 -1.842817267798583032e+02 6.627887617497132044e-04 9.825610462385420130e-03 9.999515078693056447e-01 1.075037346164578356e+00
2.120972783938738504e-01 9.771934611940589210e-01 -1.037708521162042027e-02 1.811536455862212449e+02 -9.772470608866979935e-01 2.121035837093485088e-01 -5.017628527864110384e-04 -1.842554995853736841e+02 1.710697583029021718e-03 1.024739855910202641e-02 9.999460307119327762e-01 1.073810406043779642e+00
2.116816228632296404e-01 9.772891379250356891e-01 -9.840296526647186043e-03 1.811549339634641740e+02 -9.773377053539247239e-01 2.116848836391726774e-01 -7.209245408889451354e-04 -1.842531763393741642e+02 1.378490302143911030e-03 9.769899304132868487e-03 9.999513232313226307e-01 1.071561281165510637e+00
2.109764060733997915e-01 9.774382471309103204e-01 -1.017001111148963834e-02 1.811588089152122620e+02 -9.774902223793320299e-01 2.109791499943407256e-01 -8.145062725789798926e-04 -1.842309615757745291e+02 1.349530716388360353e-03 1.011292802908324989e-02 9.999479523722838437e-01 1.071456293906758006e+00
2.119575757060788157e-01 9.772311482389614001e-01 -9.657588330697932516e-03 1.811536348543432950e+02 -9.772774568089875880e-01 2.119637144578946919e-01 -3.951786534255141529e-04 -1.842669010451979545e+02 1.660877406033415930e-03 9.521904472083507140e-03 9.999532863196488597e-01 1.074192357223731964e+00
2.104010726942697751e-01 9.775600324653599404e-01 -1.038130701921084580e-02 1.811615206682847088e+02 -9.776131645765013811e-01 2.104102024580653263e-01 -2.171365303599200329e-04 -1.842433254939293477e+02 1.972068918023435046e-03 1.019458816639981155e-02 9.999460892049626404e-01 1.071808226954776178e+00
2.094848487195417330e-01 9.777631751694721984e-01 -9.760708963223700338e-03 1.811732431105692172e+02 -9.778089749881332393e-01 2.094981733945293079e-01 3.518195709828304753e-04 -1.842158807456899865e+02 2.388846919641914295e-03 9.470407956883350464e-03 9.999523012541766676e-01 1.073080607305504586e+00
2.093686480868201527e-01 9.777778675697664790e-01 -1.073363354225556447e-02 1.811632985215742622e+02 -9.778328829980168502e-01 2.093861917370025694e-01 5.250120572325444896e-04 -1.842124000165944437e+02 2.760819820682703946e-03 1.038577876701592823e-02 9.999422550694210265e-01 1.073839317416577455e+00
2.100668004543424783e-01 9.776209732070073599e-01 -1.136539012357923491e-02 1.811710793289618664e+02 -9.776809147406478884e-01 2.100924252204843246e-01 1.096274082247775377e-03 -1.842377206600432089e+02 3.459522909828394513e-03 1.088143422352647223e-02 9.999348109204290180e-01 1.075050429048714395e+00
2.088751743291041296e-01 9.778855107854420581e-01 -1.053989302048174287e-02 1.811797303158466832e+02 -9.779340398660473221e-01 2.089056001145474795e-01 1.861158792528618596e-03 -1.842288698285752275e+02 4.021842893071538028e-03 9.918570294032117915e-03 9.999427217311321892e-01 1.074553708938827956e+00
2.098958288306917719e-01 9.776678669404083033e-01 -1.045385056669037062e-02 1.811817573762441498e+02 -9.777135314879491501e-01 2.099305313704327436e-01 2.328592684190638161e-03 -1.842483415356857961e+02 4.471172646858113768e-03 9.732109263748874375e-03 9.999426456874609404e-01 1.074470055247153111e+00
2.096320856062593163e-01 9.777287824215343814e-01 -1.004075240585023017e-02 1.811853852818105963e+02 -9.777696701269434909e-01 2.096667132276787693e-01 2.518242273640304389e-03 -1.842473749620042156e+02 4.567369507316301758e-03 9.289638787809440315e-03 9.999464194380488502e-01 1.074390188212000830e+00
2.100975064732211461e-01 9.776215058915924683e-01 -1.073447679170948417e-02 1.811909149007140343e+02 -9.776699876322914040e-01 2.101333607283413507e-01 2.316461112634389790e-03 -1.842529260220648837e+02 4.520293885175247217e-03 1.000809308858307406e-02 9.999397006899568563e-01 1.076695533880472899e+00
2.109882584748199730e-01 9.774192622575299527e-01 -1.164218852752395283e-02 1.811913714393662076e+02 -9.774754737752546774e-01 2.110321743579155196e-01 2.668249165677398591e-03 -1.842776561642386639e+02 5.064874490283833956e-03 1.081698450207915600e-02 9.999286674021693466e-01 1.079424765828165267e+00
2.108659368878523510e-01 9.774412191077818113e-01 -1.200915690227361693e-02 1.811875276997865001e+02 -9.774991117985128986e-01 2.109166223574125698e-01 3.108833616828999852e-03 -1.842915472468141047e+02 5.571632931624353156e-03 1.108339309218035404e-02 9.999230546917288187e-01 1.070151064811010855e+00
2.115453006576103467e-01 9.772871531969099523e-01 -1.258594318923269249e-02 1.811820610953141966e+02 -9.773531367944671144e-01 2.115959801483658365e-01 2.826160481332942991e-03 -1.843015971695394342e+02 5.425105316496823052e-03 1.170305008678330927e-02 9.999167999643618909e-01 1.070397393314998391e+00
2.113463449435948049e-01 9.773268841895317305e-01 -1.284071335115017157e-02 1.812029317095158660e+02 -9.773956630608623408e-01 2.113988969998684131e-01 2.867782602340206502e-03 -1.842977669875531888e+02 5.517273674402732933e-03 1.194436216892446820e-02 9.999134422056630278e-01 1.067923513099838129e+00
2.107058679673967094e-01 9.774663165942237830e-01 -1.275292624570954422e-02 1.811852511191830502e+02 -9.775269004670852357e-01 2.107717852334931863e-01 4.051347022569574095e-03 -1.842930162547819180e+02 6.648012283155328196e-03 1.161268587402615633e-02 9.999104707219904631e-01 1.070045421290507281e+00
2.097832613528941847e-01 9.776742213542822801e-01 -1.200417241807886885e-02 1.811777939618333448e+02 -9.777281986377430734e-01 2.098411865381899222e-01 3.774390127775678790e-03 -1.842832414398254741e+02 6.209093712879061068e-03 1.094501400384219857e-02 9.999208237774221963e-01 1.067477947347344802e+00
2.097885482203037388e-01 9.776723834870022500e-01 -1.206132672898409079e-02 1.811645038728208306e+02 -9.777282603709011033e-01 2.098445364578314654e-01 3.566425505647855855e-03 -1.842787455369766860e+02 6.017799241145697919e-03 1.104450477132895396e-02 9.999208993748693874e-01 1.070760063961204045e+00
2.095291163691919700e-01 9.777334654144193005e-01 -1.161120158544955323e-02 1.811614704997743672e+02 -9.777855944093378771e-01 2.095803781647714858e-01 3.375863428420949105e-03 -1.842629861023731621e+02 5.734174667861731932e-03 1.064592396289533970e-02 9.999268890993245895e-01 1.067953621760547644e+00
2.106533064337146877e-01 9.774920445978304562e-01 -1.159686321805533660e-02 1.811581902631785681e+02 -9.775426770634385587e-01 2.107068744753202438e-01 3.595492801489399634e-03 -1.842862442232468254e+02 5.958104412258902888e-03 1.057902626882399090e-02 9.999262898809163636e-01 1.063495718999877493e+00
2.106318738917872524e-01 9.774918737541361535e-01 -1.199376694219549122e-02 1.811642259672840964e+02 -9.775441038319298004e-01 2.106925044083363119e-01 4.024133393719557007e-03 -1.843143005322176577e+02 6.460554485604607169e-03 1.087682539956786459e-02 9.999199747504616820e-01 1.062923998301111395e+00
2.104416465256112034e-01 9.775355384095006928e-01 -1.177219410472209182e-02 1.812194636723215240e+02 -9.775848933764083037e-01 2.105016675720818853e-01 4.101730318692351634e-03 -1.846423475842914286e+02 6.487653645519736098e-03 1.064514423680150597e-02 9.999222926079563978e-01 1.064913670695225356e+00
2.083170741798560655e-01 9.779965430979918883e-01 -1.125869857150122236e-02 1.817047241557785924e+02 -9.780373802708050013e-01 2.083787513570609928e-01 4.602040405174136380e-03 -1.868885399303794941e+02 6.846853157692540416e-03 1.005274446366637153e-02 9.999260287294172711e-01 1.072012489728862761e+00
2.056652911229933378e-01 9.785616651534123633e-01 -1.090208784945100907e-02 1.826635048685583627e+02 -9.785960753585621896e-01 2.057286982185818902e-01 5.042223924488636010e-03 -1.914058248309750638e+02 7.176999380756149578e-03 9.631729931349765003e-03 9.999278576269473584e-01 1.095206943402465161e+00
8.319537229004185519e-02 9.964396689972093712e-01 -1.365708893780533811e-02 1.837880315831607447e+02 -9.965160835226474223e-01 8.326657982747329156e-02 4.729901110676029870e-03 -1.985304313446314382e+02 5.850240183362226051e-03 1.321600289682448894e-02 9.998955505237667740e-01 1.131002102448314117e+00
-7.030708599551518945e-02 9.974307809044641315e-01 -1.373866671594617221e-02 1.966899441218266702e+02 -9.975121209448293280e-01 -7.022843035717125926e-02 6.126674278405282691e-03 -2.015369063994145620e+02 5.146088511195858264e-03 1.413523519013596720e-02 9.998868500481207233e-01 1.315644412278835329e+00
-5.483159335165553872e-01 8.352700964984600684e-01 -4.090847036157207323e-02 1.927601505940009474e+02 -8.362252998508242774e-01 -5.471164834036893465e-01 3.729345086442217849e-02 -2.090260588123963998e+02 8.768405856639106821e-03 5.465729121932359769e-02 9.984666722406402295e-01 1.336074483364494636e+00
-6.219106474814659613e-01 7.820771529777094111e-01 -3.978031346616599240e-02 1.876073596136212132e+02 -7.830008357561069054e-01 -6.217972255606608600e-01 1.667037762919947042e-02 -2.157278479175305392e+02 -1.169776706988781036e-02 4.151550403578389142e-02 9.990693795579125291e-01 1.296860132479157990e+00
-6.347415824404694096e-01 7.726461827522487225e-01 -1.099999087952983033e-02 1.869104926954964014e+02 -7.727232913833573802e-01 -6.347012673947775019e-01 7.281217008971804620e-03 -2.164352095643858149e+02 -1.355903624795791159e-03 1.312164036398445061e-02 9.999129882542366898e-01 1.261476054072230291e+00
-6.158202837491557613e-01 7.877701496042099905e-01 -1.354878281145677210e-02 1.857848845366186481e+02 -7.878772385689302160e-01 -6.158059314814094964e-01 5.701902955009659039e-03 -2.172511818703041513e+02 -3.851631875751825983e-03 1.418612508312496780e-02 9.998919535564921857e-01 1.247076481904712431e+00
-5.837534258978273050e-01 8.117868850602696362e-01 -1.529676425576685476e-02 1.856432535732466818e+02 -8.119084535905247701e-01 -5.837739944693005611e-01 3.547727384908560405e-03 -2.162387603930145872e+02 -6.049854609206320281e-03 1.449057022693041319e-02 9.998767037158653448e-01 1.234978934724502375e+00
-5.610008517826351460e-01 8.276836433836350926e-01 -1.475909124409828868e-02 1.807189998974815524e+02 -8.277995536352881212e-01 -5.610107635122631997e-01 3.849964233998517168e-03 -2.233763188391394010e+02 -5.093456623506183861e-03 1.437740235853292130e-02 9.998836667338074635e-01 1.168568406750607913e+00
-5.448405708897985367e-01 8.384186879057069497e-01 -1.424275545508308510e-02 1.760786161436567170e+02 -8.385281392591018568e-01 -5.448435062704604093e-01 4.014143193349176478e-03 -2.303838052569255410e+02 -4.394540151866776698e-03 1.413001929877102762e-02 9.998905092916265946e-01 1.110598340375448911e+00
-5.402205471788187330e-01 8.414149618055383195e-01 -1.351378761133458471e-02 1.715073910022238124e+02 -8.415171962206119405e-01 -5.402088934399346121e-01 4.812474768677145118e-03 -2.375261248772671081e+02 -3.250979978024780281e-03 1.397188241383016775e-02 9.998971035216548398e-01 1.058259094923440502e+00
-5.392121119254873474e-01 8.420690051026432643e-01 -1.304181729293995597e-02 1.668941185303491466e+02 -8.421648535793020418e-01 -5.391982672069742799e-01 4.856751666181965792e-03 -2.447035130268954788e+02 -2.942405242010746446e-03 1.360217947393641512e-02 9.999031567931712106e-01 1.014407660842511216e+00
-5.403017823815409182e-01 8.413743361109324859e-01 -1.277538606930676487e-02 1.622884123185980627e+02 -8.414686360636597362e-01 -5.402761377925121566e-01 5.677099009910055102e-03 -2.518853791823914321e+02 -2.125670833834242615e-03 1.381743340473714880e-02 9.999022752537420899e-01 9.731543794330994590e-01
-5.448082028300008650e-01 8.384706581972302120e-01 -1.228728901956646462e-02 1.576133432619836867e+02 -8.385590050298646903e-01 -5.447779507739443083e-01 5.981591248409666613e-03 -2.591144103910538661e+02 -1.678455381525787013e-03 1.356243683287178953e-02 9.999066171871675568e-01 9.381336597982516956e-01
-5.455507865014510571e-01 8.379833544669657019e-01 -1.257922827291783723e-02 1.573753210125961175e+02 -8.380760798876736306e-01 -5.455183281990421129e-01 6.183681672725086474e-03 -2.599180222351878342e+02 -1.680377266410222701e-03 1.391586271900897669e-02 9.999017577227407028e-01 9.353949257688187746e-01
-5.493322384519855328e-01 8.355340559931978550e-01 -1.081355967703995398e-02 1.568642549836999081e+02 -8.356020670871101563e-01 -5.493129857083719481e-01 4.942591617803490309e-03 -2.604679526556319047e+02 -1.810325130789169857e-03 1.175095773586644875e-02 9.999293163595158740e-01 9.312510484641832731e-01
-5.490574034060204944e-01 8.357463607355177793e-01 -7.999267615139476692e-03 1.561433624857772600e+02 -8.357822177945453124e-01 -5.490537144631690847e-01 2.846586135330009693e-03 -2.610292595030784355e+02 -2.013003593955054165e-03 8.248584820149262517e-03 9.999639536828284214e-01 9.216828449688758695e-01
-5.423031079876390326e-01 8.401353679359464532e-01 -8.938825990089561621e-03 1.556899015631780685e+02 -8.401703710484181853e-01 -5.423224640174972855e-01 3.043589189796656012e-04 -2.614311822589510257e+02 -4.592023443987471552e-03 7.675191536537254340e-03 9.999600015778459250e-01 9.145070163445100375e-01
-5.442966680280580949e-01 8.388332848736602676e-01 -9.992865536011778446e-03 1.546853485056516035e+02 -8.388723783302490800e-01 -5.443279236865840032e-01 -4.943375383154376568e-04 -2.624751703707473212e+02 -5.854062529998036064e-03 8.113672603542326084e-03 9.999499478817805986e-01 9.008141220663534732e-01
-5.396900542960920699e-01 8.417681722942198519e-01 -1.268816008458021304e-02 1.543073165634142754e+02 -8.418244343694449849e-01 -5.397492619577918260e-01 -1.534898883091018315e-03 -2.625378461367951672e+02 -8.140454068730471060e-03 9.852833524836332457e-03 9.999183240040585563e-01 8.930393862807546324e-01
-5.398856818520852974e-01 8.416462966199388385e-01 -1.244837005607977824e-02 1.498543150551536769e+02 -8.417029689645386670e-01 -5.399395435936413801e-01 -1.183765251026521652e-03 -2.694487879142350266e+02 -7.717678886158332863e-03 9.838732125268378342e-03 9.999218153349670457e-01 8.127913460733388051e-01
-5.383026077823248601e-01 8.426250745877422732e-01 -1.460431890752032780e-02 1.491462264855215665e+02 -8.427226141052391872e-01 -5.383470357849451382e-01 1.031861033966902661e-03 -2.702865415243087455e+02 -6.992719812811071592e-03 1.286284329242547500e-02 9.998928188221237745e-01 7.921086496947761235e-01
-5.450434997773950796e-01 8.382418064959225035e-01 -1.668104291893590663e-02 1.487731830043291268e+02 -8.383841474266504612e-01 -5.450696017188213505e-01 3.339255272090340450e-03 -2.707432805626393701e+02 -6.293226048450941898e-03 1.580516132592970149e-02 9.998552856195553895e-01 7.824564453369687866e-01
-5.409440359695212308e-01 8.408369767838000941e-01 -1.930617574992130395e-02 1.481267056522488588e+02 -8.410226881569310420e-01 -5.409905067765951037e-01 3.179557027406752605e-03 -2.713731917385939028e+02 -7.770968684431577879e-03 1.795689423822965231e-02 9.998085626733854703e-01 7.691481487439597586e-01
-5.309008147119060883e-01 8.471774871135310248e-01 -2.084778804188999399e-02 1.474707185061575387e+02 -8.473956938826199270e-01 -5.309499686360309445e-01 3.559325018744264289e-03 -2.717984190532864659e+02 -8.053752381772045360e-03 1.955597436595097466e-02 9.997763254544337341e-01 7.548800573484785170e-01
-5.283846993124003966e-01 8.487361631231318260e-01 -2.136667825308764812e-02 1.429027616907584957e+02 -8.489661323257330361e-01 -5.284341458237554745e-01 3.722860647681998023e-03 -2.791397053622162048e+02 -8.131155909805686671e-03 2.010668880107960993e-02 9.997647750191167582e-01 6.707906464917363643e-01
-4.545887178603938983e-01 8.903544514009480437e-01 -2.486058053550633043e-02 1.432836615669139633e+02 -8.906178582515208442e-01 -4.547513747048959054e-01 -1.008844626134322185e-03 -2.781242925038097837e+02 -1.220361247813391177e-02 2.168266760630736464e-02 9.996904189637690896e-01 6.761277371683479531e-01
-4.519707773015576580e-01 8.916971217968470143e-01 -2.446751815462488988e-02 1.398426572474820375e+02 -8.919579164356010725e-01 -4.521180944149532088e-01 -5.513714275165134456e-04 -2.849022011016630245e+02 -1.155386399808978372e-02 2.157479274087296950e-02 9.997004734143623006e-01 5.676832180692453766e-01
-4.530232565019801649e-01 8.911522873456756422e-01 -2.485014742236956592e-02 1.367663456000346400e+02 -8.914220868451026014e-01 -4.531737357253584619e-01 -4.778424882973998796e-04 -2.909639177915684058e+02 -1.168726456715829358e-02 2.193549651351364357e-02 9.996910732019372858e-01 4.712886725439413560e-01
