1.000000000000000000e+00 0.000000000000000000e+00 0.000000000000000000e+00 0.000000000000000000e+00 0.000000000000000000e+00 1.000000000000000000e+00 0.000000000000000000e+00 0.000000000000000000e+00 0.000000000000000000e+00 0.000000000000000000e+00 1.000000000000000000e+00 0.000000000000000000e+00
9.987829095178174521e-01 -4.929579606331734726e-02 -1.619921481755994550e-03 1.329495709945437421e+00 4.929422399376939129e-02 9.987838036781439000e-01 -9.964893733099202278e-04 1.010542511795217840e-01 1.667074076134135614e-03 9.154237832040699107e-04 9.999981914300254404e-01 -6.742991800933073598e-03
9.845639931075765849e-01 -1.750231278450830319e-01 -8.051058239618170400e-04 4.966383033427770322e+00 1.750177696353052148e-01 9.845547713046496341e-01 -4.547814104865680225e-03 6.846964689058860909e-01 1.588643429878345637e-03 4.336706189367320503e-03 9.999893345388639609e-01 -1.531043610020155210e-02
9.680360532086539349e-01 -2.507964015703048610e-01 -2.713788421867386908e-03 1.091323996439616550e+01 2.507836460816334490e-01 9.680335346228744475e-01 -4.317256483716414364e-03 2.158239913116156927e+00 3.709790589011062716e-03 3.498686172056283267e-03 9.999869982399047785e-01 -2.832126259592848694e-02
9.868113855189448724e-01 -1.618740437637416207e-01 -2.887312849077778958e-04 1.833684546921248781e+01 1.617853122598296722e-01 9.862081897360945870e-01 3.491302385134745917e-02 3.955405196932417766e+00 -5.366763193028497789e-03 -3.449928192049214054e-02 9.993903128406841363e-01 -4.635979702040937678e-02
9.601269857223636572e-01 -2.795314158945348404e-01 -4.284718857145750071e-03 1.421807038427840197e+01 2.795141615358803788e-01 9.595520835014057504e-01 3.363974656570631327e-02 5.176827876864530609e+00 -5.291955081253235139e-03 -3.349606806936791109e-02 9.994248389125168774e-01 -4.549426895603825294e-02
9.584719957393479373e-01 2.848734159010985478e-01 -1.336301972875235215e-02 2.236893731168049371e+01 -2.850942913480769558e-01 9.583016136097990412e-01 -1.947466029467590648e-02 3.817551305141368978e+00 7.257990367105133372e-03 2.247563715882288510e-02 9.997210447470513683e-01 -1.368042843585459689e-02
9.900686021218317867e-01 1.386217243126861842e-01 -2.341325780619991914e-02 2.162478002325871884e+01 -1.390960506710609279e-01 9.900767156581117279e-01 -2.000964265948371179e-02 3.879697977680656162e+00 2.040715022328074349e-02 2.306761063101821566e-02 9.995256042541081909e-01 -4.071311980611136416e-02
9.838974368774827672e-01 1.763175506220174549e-01 -2.929086971348007079e-02 2.236537473622979633e+01 -1.769197293124574466e-01 9.840339557747452837e-01 -1.940575333021993601e-02 3.665484965140184404e+00 2.540163549707903645e-02 2.427540370331543115e-02 9.993825402162649363e-01 -3.987830980586282159e-02
9.847487541427268898e-01 1.724485854163386456e-01 -2.305160736805294402e-02 2.238429187839595258e+01 -1.729035501652303186e-01 9.847466714378783070e-01 -1.945136067936685531e-02 3.643655546212012819e+00 1.934563399340320441e-02 2.314040794633867928e-02 9.995450304841048128e-01 -4.338610043444224296e-02
9.849048402560743876e-01 1.715212943559072112e-01 -2.330024082773961974e-02 2.239059328503658719e+01 -1.719656354897719230e-01 9.849269697123459455e-01 -1.861946679833868454e-02 3.639842796436921102e+00 1.975540054656557340e-02 2.234524369367802549e-02 9.995551081523792458e-01 -4.250583835116961140e-02
9.847882854202376635e-01 1.722723707591757025e-01 -2.267737136622856309e-02 2.239491718120298458e+01 -1.727177124577553569e-01 9.847802935502892874e-01 -1.940013500897109361e-02 3.640985366817492075e+00 1.899012117993995399e-02 2.302180939933577350e-02 9.995545865982266021e-01 -4.440174102241567500e-02
9.850109932411756919e-01 1.709416604281613628e-01 -2.307145257880301170e-02 2.238710118828520379e+01 -1.713718017040561092e-01 9.850391179052994106e-01 -1.815603968533127319e-02 3.644418817190365090e+00 1.962265972640794484e-02 2.183769508013352553e-02 9.995689402431673365e-01 -4.558487134867894586e-02
9.857118758699735528e-01 1.669060506851652304e-01 -2.268188734604950282e-02 2.238557192347118985e+01 -1.673556206327390383e-01 9.857014688558947135e-01 -1.961403930765566808e-02 3.617727432380196007e+00 1.908386783460053193e-02 2.312973281325665653e-02 9.995503096135074372e-01 -4.532837605182327145e-02
9.859096925445355319e-01 1.655209142268661004e-01 -2.418481135427657039e-02 2.242969706694244536e+01 -1.659616626345447321e-01 9.859767667110870271e-01 -1.750834205537950966e-02 3.619788924229697447e+00 2.094766531900410164e-02 2.127539563564233294e-02 9.995541770500634415e-01 -5.245317185457409881e-02
9.857897444721047675e-01 1.663619062660682546e-01 -2.328724623356226778e-02 2.241523480558403847e+01 -1.667631505769464340e-01 9.858590825402999691e-01 -1.649002675706741361e-02 3.630840469767640410e+00 2.021463092102555523e-02 2.013915381335763463e-02 9.995928086878217433e-01 -5.354001113919582000e-02
9.858600678407475337e-01 1.659242516286578706e-01 -2.343222905543617882e-02 2.241533964786453836e+01 -1.663293751883110905e-01 9.859315470307541407e-01 -1.653854646000632936e-02 3.629141978585131323e+00 2.035842789860284677e-02 2.020216055310928779e-02 9.995886189440550407e-01 -5.373513485397030109e-02
9.862299916079442230e-01 1.636995797740883329e-01 -2.351278874955415807e-02 2.241520176875166115e+01 -1.641106158810158311e-01 9.862996229159132211e-01 -1.675588228298203336e-02 3.619656123142310999e+00 2.044772378891854606e-02 2.038385188609862994e-02 9.995831076874684973e-01 -5.404108833204934736e-02
9.864765880698782574e-01 1.622082487265589512e-01 -2.350372811012168064e-02 2.241165667785855220e+01 -1.626176244915437663e-01 9.865480148813215999e-01 -1.668899453085241624e-02 3.617137507863884327e+00 2.048046373349417595e-02 2.028542281507526163e-02 9.995844397680839766e-01 -5.424354936199426991e-02
9.867986537164004091e-01 1.603706731606441838e-01 -2.257574391912178791e-02 2.240420834616685397e+01 -1.607581203007921455e-01 9.868553568960112266e-01 -1.653273489179057226e-02 3.599113947210555331e+00 1.962762799871497002e-02 1.994371469029914898e-02 9.996084255664794416e-01 -5.694910001567321522e-02
9.866260363909069575e-01 1.612875418401897298e-01 -2.356678091547563178e-02 2.241259871893129585e+01 -1.616715627626378327e-01 9.867243910706244847e-01 -1.540395599161724707e-02 3.604839698116522051e+00 2.076945135181510610e-02 1.900802234463893486e-02 9.996035839156891534e-01 -5.809024452435262997e-02
9.868169173416370121e-01 1.601397547777278774e-01 -2.340150824366135987e-02 2.241325252891982345e+01 -1.605250897911542074e-01 9.869080721398848510e-01 -1.562538616091157379e-02 3.599062936895702780e+00 2.059289187780178124e-02 1.917592461564560785e-02 9.996040299634870729e-01 -5.899451309998482440e-02
9.869569671534553779e-01 1.594377093749933805e-01 -2.226121776787217538e-02 2.242029106587845178e+01 -1.597940353053078077e-01 9.870324654901448946e-01 -1.525707538462060635e-02 3.586032351744601776e+00 1.953999150715039768e-02 1.861528666717530284e-02 9.996357635830157573e-01 -6.088874975472080564e-02
9.882023452817587650e-01 1.512979414658641442e-01 -2.377094208952857876e-02 2.242148455836300514e+01 -1.516280137965909103e-01 9.883554267679934835e-01 -1.274738445164302555e-02 3.544553751314515999e+00 2.156548658696573473e-02 1.620133594643086844e-02 9.996361570600664770e-01 -5.271421399679199205e-02
9.879465418241987207e-01 1.532422445692842305e-01 -2.187338512838577290e-02 2.241522564684646213e+01 -1.535792996499814878e-01 9.880276391643861844e-01 -1.465547564122425712e-02 3.578541474559076008e+00 1.936567108644072360e-02 1.783812564752809346e-02 9.996533259369241309e-01 -6.381071959466377841e-02
9.884126845674308104e-01 1.500180481588846426e-01 -2.312899074329530236e-02 2.241087983974113484e+01 -1.503885628718125977e-01 9.885100780637247064e-01 -1.520216181336663842e-02 3.566770667330719569e+00 2.058264180215321759e-02 1.850434524773783562e-02 9.996168986483754404e-01 -6.543218933302807905e-02
9.886931413095585430e-01 1.481710794643548990e-01 -2.304785321468253920e-02 2.242497492372372747e+01 -1.485311725035455555e-01 9.887973098712052877e-01 -1.477737413038787175e-02 3.548791994380366077e+00 2.060007578043630827e-02 1.803361311094619709e-02 9.996251425789592915e-01 -6.576949325030323479e-02
9.885569467293386925e-01 1.491974053219899121e-01 -2.225527619136450502e-02 2.242649002801533697e+01 -1.495581942775218443e-01 9.886309598662671450e-01 -1.552970438708266981e-02 3.544814678923396301e+00 1.968526346318731982e-02 1.868045607283165196e-02 9.996316976583403680e-01 -6.585058775963725797e-02
9.892158377771944622e-01 1.448702535894035581e-01 -2.155541499729833957e-02 2.242297711164939855e+01 -1.451974363969446846e-01 9.892968785714468805e-01 -1.447033215053788839e-02 3.517031507208209007e+00 1.922838408496808579e-02 1.744407273928857624e-02 9.996629299777735067e-01 -7.106798902174071841e-02
9.900188815214483462e-01 1.406378695060147288e-01 -9.143516382115699295e-03 2.237056677591526821e+01 -1.407816395291135170e-01 9.898832882637049746e-01 -1.765235360310894730e-02 3.502276335550319253e+00 6.568424660113694399e-03 1.876340259770658062e-02 9.998023757325446015e-01 -6.872440371323618180e-02
9.900070167072926308e-01 1.404577270006778789e-01 -1.255921160463211762e-02 2.028260389548447762e+01 -1.406350460479427744e-01 9.899543403159843935e-01 -1.456667129569712803e-02 3.808386855130971860e+00 1.038704449879282107e-02 1.618737209515215547e-02 9.998150220371929686e-01 -6.900516641750320534e-02
9.898225190265200757e-01 1.422876833372546945e-01 2.365586293472656584e-03 1.724797835817401293e+01 -1.423012073964258772e-01 9.897974614994683451e-01 7.166001864870113862e-03 4.280108027790375580e+00 -1.321817504094337107e-03 -7.429695802996068993e-03 9.999715258039901800e-01 -8.646031799091991044e-02
9.882419027086570829e-01 1.527278333711804825e-01 7.221540314820426056e-03 1.312348569177748026e+01 -1.527579604818839754e-01 9.882562512977769442e-01 3.819329820792237776e-03 4.859565883317360502e+00 -6.553414391660643615e-03 -4.877569539201304268e-03 9.999666304808380035e-01 -7.733391102854869636e-02
9.882976235483459382e-01 1.514888978809461051e-01 1.785836239717111459e-02 1.012768183906520036e+01 -1.517698274511930234e-01 9.882929642134822279e-01 1.558641593066112559e-02 5.327868422022532968e+00 -1.528812493824893010e-02 -1.811437840348800038e-02 9.997190317938970949e-01 -1.159669491222514726e-02
9.878819427555793897e-01 1.530117686323561876e-01 2.601280141509068264e-02 1.022296362365226585e+01 -1.531287543802565265e-01 9.882029441535660208e-01 2.554554398452629944e-03 5.257220765794029305e+00 -2.531505005749982995e-02 -6.506906040652000664e-03 9.996583458434005198e-01 -1.618667029466791529e-02
9.797624392766169921e-01 1.998236331451153092e-01 1.166525693761024003e-02 1.195973495780524054e+01 -1.995946367252580955e-01 9.797077276032241100e-01 -1.829615984403787365e-02 4.829905084884043909e+00 -1.508454749889326200e-02 1.559756747742031997e-02 9.997645584414064368e-01 -5.199670748249396457e-02
9.788940556246092939e-01 2.043592648790007460e-01 1.928398537535713211e-03 1.569715548376744607e+01 -2.043683159704712538e-01 9.788438374879592230e-01 9.916311776008121179e-03 4.080166480016671926e+00 1.388891601683924697e-04 -1.010112221289074727e-02 9.999489727180287391e-01 -9.017397309128716287e-02
9.710216784681280355e-01 2.389878098535743456e-01 -1.314034372389979262e-03 2.218729295624413567e+01 -2.389289756750143101e-01 9.708789666194636014e-01 1.752075223302010029e-02 2.630460309648928074e+00 5.463014536725051100e-03 -1.669906935473447138e-02 9.998456363633623223e-01 -1.091965165290180728e-01
9.377932275406679619e-01 3.464451592790467327e-01 -2.279504312286575671e-02 2.989364040448225168e+01 -3.466243512025459772e-01 9.379940845483103473e-01 -4.319317746046978136e-03 3.430504559764012418e-02 1.988520888176566886e-02 1.195194396293647668e-02 9.997308285249759674e-01 -7.885187100205692801e-02
9.167153496754144593e-01 3.994732124958660369e-01 -7.356641062033855184e-03 2.908017592469309065e+01 -3.995286993810218124e-01 9.163876803106502100e-01 -2.470703838533963928e-02 3.635250926944318950e-01 -3.128264757335006297e-03 2.558851056818791520e-02 9.996676658202511279e-01 -1.027152599290427348e-01
9.081959175513082405e-01 4.184783366810601035e-01 7.487127071905258328e-03 3.590172562265731671e+01 -4.185453045431545283e-01 9.080480995834150360e-01 1.638526435020514274e-02 -2.648899176256132471e+00 5.820666237022075634e-05 -1.801473207131917484e-02 9.998377198527680365e-01 -1.191547249749407289e-01
9.063346459379904019e-01 4.225073569868864620e-01 6.711398096788434402e-03 4.254629606389351437e+01 -4.225600207508433681e-01 9.061913760563978792e-01 1.613129951549588381e-02 -5.745827277517631337e+00 7.337816464650170163e-04 -1.745632415394272191e-02 9.998473575058980378e-01 -9.261029875232318354e-02
9.069622225856176501e-01 4.211993476011378079e-01 3.261346797395790927e-03 4.724364798753256878e+01 -4.211986015097801683e-01 9.068445470429040700e-01 1.499018294603162230e-02 -7.937336489144940721e+00 3.356320718056018167e-03 -1.496920435179936379e-02 9.998823220921105870e-01 -5.819714583060875412e-02
9.101923422208422210e-01 4.141812366453336836e-01 1.950223956355437828e-03 5.317385536818832037e+01 -4.141658319884383155e-01 9.100920433466783699e-01 1.411156442044383258e-02 -1.066461668064306956e+01 4.069861897236562095e-03 -1.365195399969179949e-02 9.998985250394799573e-01 -2.791840979303972237e-02
9.132862376774525393e-01 4.072372721053647560e-01 -8.127255203668484751e-03 5.737967854720475458e+01 -4.070282215950198346e-01 9.132069792825192600e-01 1.952024115865354584e-02 -1.254241256167694729e+01 1.537123593468917027e-02 -1.451954537434519028e-02 9.997764289619766043e-01 -5.801372011348893132e-03
9.196138632107376809e-01 3.927398445598347387e-01 -8.109074283814878686e-03 6.362089685222188251e+01 -3.925512547327478785e-01 9.195490678527890038e-01 1.824895117019918050e-02 -1.523514021678265529e+01 1.462378194479503971e-02 -1.359876120033838218e-02 9.998005894654428127e-01 4.434934928242351138e-02
9.298179178452242732e-01 3.680198683399784065e-01 1.271259120172542659e-04 7.111756181960019774e+01 -3.679598295878334646e-01 9.296598759386082156e-01 1.838692142541550195e-02 -1.830500208760598824e+01 6.648568542564407997e-03 -1.714326622428563943e-02 9.998309381888008662e-01 1.081478968297704402e-01
9.337202736714886875e-01 3.579849165917338150e-01 3.640058742752522950e-03 7.952764022744352701e+01 -3.579927347177349062e-01 9.335655682081064333e-01 1.722009714238643963e-02 -2.158280042252118491e+01 2.766301530730132241e-03 -1.738186840028984811e-02 9.998450971159261735e-01 1.660908262593440154e-01
9.341064690291805972e-01 3.569885095520886065e-01 2.075708461213635753e-03 8.623974464814429552e+01 -3.569676584708837419e-01 9.339489740690863906e-01 1.770323815339371748e-02 -2.415344762527069022e+01 4.381246814808707583e-03 -1.727767007091689233e-02 9.998411307769189404e-01 2.162105534611812319e-01
9.335538875085619415e-01 3.560451979901603781e-01 4.133952232186768189e-02 9.091285369098589797e+01 -3.564819449718965028e-01 9.342957553461525011e-01 3.473391889280876953e-03 -2.593880343709404457e+01 -3.738665573044201024e-02 -1.797939182258737403e-02 9.991391191635842217e-01 2.524718578243606570e-01
9.349344204012988158e-01 3.547236651171679633e-01 8.291619548209836973e-03 9.088530578867765541e+01 -3.548158940079300661e-01 9.347866560202413577e-01 1.672091761384338418e-02 -2.596846718441276280e+01 -1.819590130358387115e-03 -1.857495982064821458e-02 9.998258148094689712e-01 2.586556364715304479e-01
9.344487364810878383e-01 3.560167805952776376e-01 7.590179409875087713e-03 9.085968352847309859e+01 -3.560975604686732465e-01 9.342537089054558930e-01 1.909279509815630174e-02 -2.596612751771503724e+01 -2.937978215227075472e-04 -2.054408262674051189e-02 9.997889048953610969e-01 2.594042596179818583e-01
9.338130828421968843e-01 3.576589767833632805e-01 8.554685209390304815e-03 9.085485708711038910e+01 -3.577593461176761802e-01 9.336194796559945663e-01 1.905039297031905707e-02 -2.595685994587419287e+01 -1.173276696726503971e-03 -2.085002477572296328e-02 9.997819261662236334e-01 2.654906211279030037e-01
9.338716471876792324e-01 3.574690416322167108e-01 9.981525610710299812e-03 9.085264491070846304e+01 -3.575921220238509890e-01 9.337314566277918892e-01 1.653605667086581812e-02 -2.594983751512052450e+01 -3.408936117345692622e-03 -1.901186940537956047e-02 9.998134465870421872e-01 2.571772740514927102e-01
9.337135664701778914e-01 3.578805204178962529e-01 1.002541245825534603e-02 9.086122300995745604e+01 -3.580070905008429505e-01 9.335574598252401879e-01 1.736065539566400071e-02 -2.595282331804505915e+01 -3.146258200433169495e-03 -1.979904821099605014e-02 9.997990291800020746e-01 2.556574745176500851e-01
9.351131928355645995e-01 3.542300764006793834e-01 9.185290308234159151e-03 9.086208774430005519e+01 -3.543423367818198111e-01 9.349417002452675707e-01 1.804232541798709080e-02 -2.596693562399279642e+01 -2.196576626767318165e-03 -2.012635375963124987e-02 9.997950314616813605e-01 2.536419354248825586e-01
9.349850509711088442e-01 3.545652356613073763e-01 9.297748168020290166e-03 9.084523633728957748e+01 -3.546799654269370827e-01 9.348114123311132007e-01 1.815889589862279899e-02 -2.596424658318894885e+01 -2.253127892801708165e-03 -2.027602120613468742e-02 9.997918815327250242e-01 2.511035165069251951e-01
9.347623120650192519e-01 3.551372423442076265e-01 9.846778306250520210e-03 9.084353680178152501e+01 -3.552639250443514474e-01 9.345832998659944213e-01 1.848240172896628911e-02 -2.596687453123686495e+01 -2.638845380581577010e-03 -2.077485768280315850e-02 9.997806968447210396e-01 2.472016747685695792e-01
9.347766305276736798e-01 3.551222505216875547e-01 8.991006825834622213e-03 9.083873008547578820e+01 -3.552319939565994344e-01 9.345874511522690442e-01 1.888191246469258372e-02 -2.596674864604206689e+01 -1.697494904034280508e-03 -2.084426379408243352e-02 9.997812936727376032e-01 2.465588669455712756e-01
9.351453518404196918e-01 3.541591735890055603e-01 8.628481558866567952e-03 9.083721092650860385e+01 -3.542624941458389909e-01 9.349403153648213616e-01 1.961356538466155208e-02 -2.597575106255365540e+01 -1.120791162000576470e-03 -2.139828190021984128e-02 9.997704023218976221e-01 2.446559876206513273e-01
9.344280949836701877e-01 3.560280783546114769e-01 9.388435882133656582e-03 9.083649380116798966e+01 -3.561499190497162126e-01 9.341849776638118108e-01 2.134625653702693082e-02 -2.596276932658430425e+01 -1.170669069906881332e-03 -2.329023251035213307e-02 9.997280603261777809e-01 2.413491196776671455e-01
9.345904219156114801e-01 3.555988607787582967e-01 9.497024610366552183e-03 9.084902483072291091e+01 -3.557242006420904268e-01 9.343298690990234912e-01 2.209046823741019072e-02 -2.598034822944315181e+01 -1.018008421741561096e-03 -2.402386151831549174e-02 9.997108670693748422e-01 2.397778736801019495e-01
9.344001434535174067e-01 3.561018228099592231e-01 9.373564181878962440e-03 9.085157169065055882e+01 -3.562232749954201694e-01 9.341574612076029016e-01 2.132641605389205136e-02 -2.598094942201547397e+01 -1.162009287816020888e-03 -2.326648795135480285e-02 9.997286233137590017e-01 2.363462042060289203e-01
9.335763301672079795e-01 3.582803438683402897e-01 8.392314884067405764e-03 9.083973413934998575e+01 -3.583767828724176430e-01 9.333905278351664059e-01 1.866022630103676347e-02 -2.597829386004366370e+01 -1.147714923602085419e-03 -2.042835639921588425e-02 9.997906605911459632e-01 2.374183565063496815e-01
9.336720317855583540e-01 3.580403582990362987e-01 7.977398731798117024e-03 9.084073449641206821e+01 -3.581285283832024713e-01 9.334822940586740003e-01 1.883517552446306240e-02 -2.597829750614792843e+01 -7.030074753756547067e-04 -2.044281066910791714e-02 9.997907767490334940e-01 2.378416885235081768e-01
9.337708954075231160e-01 3.578004510626762169e-01 7.124051458205023571e-03 9.084297473104594189e+01 -3.578713639606999619e-01 9.335835293679434210e-01 1.870509422064029967e-02 -2.598936162546541340e+01 4.179404556508143205e-05 -2.001576659136340697e-02 9.997996636031726281e-01 2.332830006558136438e-01
9.340771293324325875e-01 3.570102696263822706e-01 6.601805766688177875e-03 9.084040771613413767e+01 -3.570713012811860820e-01 9.339149963921251629e-01 1.740302603738299453e-02 -2.598441515175534278e+01 4.753360914296719429e-05 -1.861308397861325889e-02 9.998267604167035971e-01 2.343786086485358799e-01
9.347952278946405347e-01 3.551140844790440787e-01 7.202007360374612817e-03 9.084567800802383886e+01 -3.551867801887872989e-01 9.346297386453263911e-01 1.759553406099477121e-02 -2.598147701467539150e+01 -4.827882879586321450e-04 -1.900627907770290406e-02 9.998192477998656402e-01 2.281157023771841486e-01
9.346199931955859741e-01 3.555557960988928179e-01 8.095935990791518558e-03 9.085138580328209912e+01 -3.556461052198777173e-01 9.344463738024786359e-01 1.805054928058317729e-02 -2.598539263807075628e+01 -1.147240609652047921e-03 -1.974969234902965165e-02 9.998042975958355560e-01 2.191096588007096502e-01
9.358643004417810385e-01 3.522640285769841895e-01 8.250171472824394808e-03 9.083448629896652449e+01 -3.523600127258185721e-01 9.356498123147426460e-01 2.004620031947486336e-02 -2.597643191829090981e+01 -6.577161079131314770e-04 -2.166755376365571417e-02 9.997650146526534387e-01 2.151378422927575640e-01
9.362725631328191467e-01 3.511676116472489118e-01 8.660026251092883820e-03 9.084543437435893054e+01 -3.512727232116129028e-01 9.360592273083924164e-01 2.001491689500032450e-02 -2.597269729666843574e+01 -1.077706917732949203e-03 -2.178144854647774686e-02 9.997621752432007680e-01 2.156648983293204536e-01
9.355556138458587245e-01 3.530842266739646074e-01 8.198919169527904560e-03 9.083854989093244114e+01 -3.531790224812335066e-01 9.353367163126642403e-01 2.024364583379623106e-02 -2.597201193621802062e+01 -5.210380990516053860e-04 -2.183474276221188115e-02 9.997614578127161922e-01 2.145686107701120227e-01
9.361301735093364718e-01 3.515689548674358900e-01 7.718045011538155614e-03 9.083626562748727906e+01 -3.516536537833847009e-01 9.358998075607897205e-01 2.076675199624051713e-02 -2.597400484084368344e+01 7.762845426545673553e-05 -2.215446187783798662e-02 9.997545567751749962e-01 2.111249962921265544e-01
9.366900047046099465e-01 3.500879464117497286e-01 7.089771765244282792e-03 9.084565958800946817e+01 -3.501595148149593828e-01 9.364750761584874628e-01 2.006853055179452089e-02 -2.598483172538060515e+01 3.863560945757802301e-04 -2.128054301844172977e-02 9.997734689507461470e-01 2.057521648606642772e-01
9.366952057963886524e-01 3.500661908664396416e-01 7.466823308760211879e-03 9.083502452506428426e+01 -3.501454673884868418e-01 9.364512428557041357e-01 2.138273652520054913e-02 -2.598314512597740134e+01 4.930571580052159862e-04 -2.264358112731575112e-02 9.997434796628432707e-01 2.021872440487002542e-01
9.373972477487489963e-01 3.481400061769002185e-01 9.216073579363154647e-03 9.083434493150446087e+01 -3.482604238014668230e-01 9.371436648199206187e-01 2.182724676893233254e-02 -2.598193079344045131e+01 -1.037847144453590527e-03 -2.367039473766442345e-02 9.997192782407811062e-01 1.982755013892198992e-01
9.381223728741326928e-01 3.462072572609565801e-01 8.182208311606164325e-03 9.083745479198800865e+01 -3.463034700147767930e-01 9.378978376603059885e-01 2.053175023830233412e-02 -2.600291375458292009e+01 -5.658345459719493764e-04 -2.209482138350815639e-02 9.997557195131708818e-01 1.942130436679893046e-01
9.373338746991447534e-01 3.483564638152912840e-01 7.278836417693974360e-03 9.084146652176460179e+01 -3.484308280921689094e-01 9.370601045878661495e-01 2.267858956778284057e-02 -2.601288087259556647e+01 1.079526051308910602e-03 -2.379358123284600404e-02 9.997163098177509477e-01 1.899175215291880603e-01
9.373901962232781271e-01 3.481803182081750214e-01 8.371740377007570039e-03 9.083403501783948286e+01 -3.482806470501798590e-01 9.370868373599312573e-01 2.385057938648398393e-02 -2.601156765311525376e+01 4.592546071468817386e-04 -2.527301444657537033e-02 9.996804808667567599e-01 1.864992949520869470e-01
9.383777360016374303e-01 3.455455516289897555e-01 6.745096430762715332e-03 9.084905117690378518e+01 -3.456070552099993476e-01 9.380896635241715575e-01 2.331408540304204940e-02 -2.601839354630419976e+01 1.728573260147267402e-03 -2.420857159199876762e-02 9.997054351637587599e-01 1.821218567335350924e-01
9.375895492224225469e-01 3.477326045276842859e-01 2.805875494244393451e-03 9.121012415509143523e+01 -3.477017783068275802e-01 9.373197751003317091e-01 2.313250025687968794e-02 -2.614466054742839773e+01 5.413921976337416654e-03 -2.266439838729169404e-02 9.997284703831221808e-01 1.813539605458116544e-01
9.376529560900722648e-01 3.475536800003942717e-01 3.656973302373997363e-03 9.378283699686120656e+01 -3.475429363510645353e-01 9.373819801274990704e-01 2.299849396656490630e-02 -2.710263027092259236e+01 4.565230337093766945e-03 -2.283556109303374812e-02 9.997288111390691956e-01 1.876065027572368926e-01
9.366405926626589773e-01 3.498559001612542851e-01 1.747138514552562180e-02 9.812605268790018442e+01 -3.501949738353556385e-01 9.363891588834223345e-01 2.321257043182991045e-02 -2.874064066272494955e+01 -8.238960917462671840e-03 -2.786022699039760256e-02 9.995778745425716316e-01 1.718073015008718674e-01
9.362372338603911492e-01 3.513610727314477322e-01 2.288777501549056712e-03 1.024591981484277028e+02 -3.512801641561839050e-01 9.358358513938440648e-01 2.852201809768591806e-02 -3.036504663562063300e+01 7.879606833455453027e-03 -2.750737746435456474e-02 9.995905441635514199e-01 1.631236516660282687e-01
9.338234184633646962e-01 3.577341273424501922e-01 3.424382184411785875e-04 1.085443274496539061e+02 -3.576060861375782163e-01 9.334627010241651757e-01 2.766356726877838498e-02 -3.271553145927769179e+01 9.576548791755595813e-03 -2.595534494486250246e-02 9.996172316352062159e-01 1.670851492574293440e-01
9.289753641357899605e-01 3.700595360637820019e-01 7.791828863431836220e-03 1.160270941710651584e+02 -3.701339663440430527e-01 9.286156355839880749e-01 2.595858831627637434e-02 -3.562684742494324297e+01 2.370609036814534144e-03 -2.699890955585987698e-02 9.996326520755463019e-01 1.844959150278517868e-01
9.297426018649542767e-01 3.680976159143184989e-01 9.101617195970699084e-03 1.146566982825104475e+02 -3.682098383696235100e-01 9.294270967698401442e-01 2.422368093010058426e-02 -3.614768921703995375e+01 4.573895526776748871e-04 -2.587309313132870117e-02 9.996651308546357084e-01 1.865976098136518102e-01
9.688458717343936266e-01 2.476597549094797512e-01 -1.524014895357098543e-03 1.132964145677608201e+02 -2.475660262757182206e-01 9.686159935546836408e-01 2.222880257964651718e-02 -3.723914329193996764e+01 6.981365000864925979e-03 -2.115898930126076244e-02 9.997517480427204895e-01 2.138942459359394199e-01
9.906781377695592639e-01 1.358547476689479228e-01 1.001573168803610546e-02 1.131722091395781575e+02 -1.360077442104674628e-01 9.905683063743468963e-01 1.662299375682747132e-02 -3.681547913565598407e+01 -7.662953752981486316e-03 -1.783025357267589706e-02 9.998116628632190972e-01 1.946089458129135474e-01
9.994971208179349587e-01 -2.925475378867576151e-02 1.223375892455961893e-02 1.134763714602759421e+02 2.906292161241572081e-02 9.994562365997441411e-01 1.557490639548630811e-02 -3.512428157238859683e+01 -1.268274670609048117e-02 -1.521152532264770721e-02 9.998038594811229363e-01 1.425463510321192118e-01
9.970047049246242299e-01 -7.549074780697297149e-02 1.681562825793055452e-02 1.135355334716986704e+02 7.522693705741774484e-02 9.970411750850347588e-01 1.580516137259107765e-02 -3.400533006041507633e+01 -1.795901720930694057e-02 -1.449283204202592851e-02 9.997336802970473446e-01 1.130498809335236388e-01
9.967491219855337814e-01 -7.945331963355865834e-02 1.335506721348995486e-02 1.217275139378970295e+02 7.928986856260743232e-02 9.967750552608147796e-01 1.235337820699540512e-02 -3.335314702495797690e+01 -1.429351476697295585e-02 -1.125429735737546420e-02 9.998345044189059783e-01 -1.491622270642967152e-02
9.997846306413761264e-01 -1.682491909477724229e-02 1.214966792727907412e-02 1.305305001250746670e+02 1.644093061067657124e-02 9.993828645275015798e-01 3.104167987498623188e-02 -3.281354847524276863e+01 -1.266444368868466230e-02 -3.083524260096574821e-02 9.994442454083154459e-01 -1.217453774860668414e-01
9.832355640151276832e-01 1.807908798608700851e-01 2.371673280592989652e-02 1.265680265382106739e+02 -1.817569475176873395e-01 9.821584673492446127e-01 4.826134108410332080e-02 -3.173477371007848902e+01 -1.456837962534303539e-02 -5.176294788085314402e-02 9.985531330589160204e-01 -1.008991459729929874e-01
9.949920524533371058e-01 9.993830780739650088e-02 1.774876697528558235e-03 1.227895611895818888e+02 -9.995060412380966930e-02 9.946528949373634187e-01 2.599029295734127040e-02 -3.017210418770097746e+01 8.320396522215532621e-04 -2.603753493165171518e-02 9.996606196528406985e-01 -8.070225103896710994e-02
9.600262556981860040e-01 2.798997085026644904e-01 2.396153218507678356e-03 1.303943830143922753e+02 -2.795951343608536477e-01 9.593172226768541533e-01 -3.920493740976894320e-02 -3.219562075581144001e+01 -1.327212160354650228e-02 3.696781648530438058e-02 9.992283179196088660e-01 -1.419099881310066369e-01
9.414108830149862106e-01 3.367593278554535940e-01 1.840392467081519712e-02 1.400112494796890985e+02 -3.367441452006034175e-01 9.415876444102603271e-01 -4.011055603248391693e-03 -3.539299928290659381e+01 -1.867966846763751895e-02 -2.421362484333652865e-03 9.998225877572779474e-01 -2.818225886085217180e-01
9.448526382683214431e-01 3.274485916630212601e-01 5.559835905715997811e-03 1.388957272300307295e+02 -3.274957672363087990e-01 9.447101854361991125e-01 1.640694899741949528e-02 -3.438103416466555018e+01 1.199987332082398759e-04 -1.732297177179600509e-02 9.998499388654772391e-01 -3.205679365001902204e-01
9.752650455658674611e-01 2.209767651702159441e-01 5.230693292066681405e-03 1.395213852043178520e+02 -2.210196639631330229e-01 9.752183978193736946e-01 9.969187340892537302e-03 -3.353821705273820442e+01 -2.898109561807503572e-03 -1.087868601997698907e-02 9.999366255675644632e-01 -3.601006101603916321e-01
9.916336577926311291e-01 1.282111397678444564e-01 1.498640624830008261e-02 1.385242203729367247e+02 -1.285267622309614333e-01 9.914521982521445898e-01 2.243679949137549270e-02 -3.372786604691305712e+01 -1.198165778324492871e-02 -2.417523982136434921e-02 9.996359325556207764e-01 -3.730697486339944469e-01
9.880889234249872199e-01 1.532948369740530226e-01 1.345259684782290285e-02 1.444715451825786374e+02 -1.535500236637713789e-01 9.879261672355272861e-01 2.059801748169548183e-02 -3.311050740232276723e+01 -1.013260271138919852e-02 -2.241831948249990367e-02 9.996973288520253353e-01 -4.634481463565213177e-01
9.827693617239329216e-01 1.841719789997496859e-01 1.565451398323044682e-02 1.447043425407967447e+02 -1.845830900935931662e-01 9.823277478445056055e-01 3.100449429101801227e-02 -3.374662640867949648e+01 -9.667704393283842179e-03 -3.335982562989509709e-02 9.993966467452789493e-01 -4.827676183691549383e-01
9.757834872232079571e-01 2.178242656531007848e-01 1.997937324353958946e-02 1.463231374551737645e+02 -2.182464308614485982e-01 9.756420525206689343e-01 2.216034226935533272e-02 -3.390513876079049993e+01 -1.466565643795979083e-02 -2.598412295890261542e-02 9.995547728240314900e-01 -4.887898939897058481e-01
9.738212385862724529e-01 2.255705604944149290e-01 2.810902909271717487e-02 1.414639351970226073e+02 -2.261766795213130399e-01 9.738679405188022109e-01 2.062387137226541142e-02 -3.280309973766518539e+01 -2.272234404750092182e-02 -2.644157082894219718e-02 9.993920844258703529e-01 -4.353003200204559331e-01
9.680827559240685609e-01 2.500262214652255177e-01 1.739730617894271608e-02 1.434398813806167254e+02 -2.503917821707870028e-01 9.678573735559697910e-01 2.358092183687665946e-02 -3.274083390481695943e+01 -1.094226227975942517e-02 -2.718442629818988363e-02 9.995705447155994738e-01 -4.756926484799172128e-01
9.500445360313479748e-01 3.112185465443508270e-01 2.363040083883799145e-02 1.417839184157457169e+02 -3.116861370413395171e-01 9.499826493164332808e-01 1.961422886523549874e-02 -3.206297018234955232e+01 -1.634415899426171909e-02 -2.599965931608114178e-02 9.995283318556903440e-01 -4.618570284439088569e-01
9.413375479433279125e-01 3.371478099237776860e-01 1.466202904255437672e-02 1.407482985867364391e+02 -3.374229494152277686e-01 9.410251401268249216e-01 2.484831698965522112e-02 -3.275699761682056277e+01 -5.419782280959236503e-03 -2.833795886951097354e-02 9.995837063733772343e-01 -4.404804766525314275e-01
9.349467857818809513e-01 3.543223117768349861e-01 1.817160238533010314e-02 1.485055129451789924e+02 -3.547211044120502366e-01 9.345380504858490367e-01 2.848807257088874917e-02 -3.569410531275006804e+01 -6.888094136006837724e-03 -3.308068275033430178e-02 9.994289482439191463e-01 -5.200299639764398574e-01
7.446403071549340114e-01 6.664257853785546803e-01 3.724896700290725865e-02 1.562551100417243504e+02 -6.674495757461852419e-01 7.430705416801089980e-01 4.855135346689228720e-02 -4.024139725591850691e+01 4.677263777490707312e-03 -6.101510198144848712e-02 9.981258841116938951e-01 -5.336406677580701752e-01
3.632676527311622383e-01 9.316132154701365353e-01 1.155115754313542145e-02 1.532634855525221553e+02 -9.311260548169628670e-01 3.625925550523970142e-01 3.912683301231099919e-02 -4.429012489120946583e+01 3.226271098638387042e-02 -2.496909653889520589e-02 9.991674843077319457e-01 -3.394612549921880440e-01
-1.007156213065621697e-01 9.945176099485102394e-01 -2.812627112039066749e-02 1.532707251337238006e+02 -9.945422638846936891e-01 -9.986359745698544788e-02 3.021501696273159662e-02 -5.420383187362439514e+01 2.724057583719675241e-02 3.101588956089785035e-02 9.991476195351743916e-01 -9.469698815646754309e-02
-1.562085246141330652e-01 9.873950007322300770e-01 -2.549528126687189422e-02 1.520900349208163220e+02 -9.875045684716152739e-01 -1.555775870918197912e-01 2.510660555266450503e-02 -6.234757921466425756e+01 2.082364246632973856e-02 2.909857253695551788e-02 9.993596194517503362e-01 1.008868628156226466e-01
-1.652383505253165463e-01 9.861844540449486995e-01 1.168375435126743286e-02 1.509443857690012010e+02 -9.858240985216930596e-01 -1.655043983475416591e-01 2.755251170964859511e-02 -6.959964994527017268e+01 2.910557145229379639e-02 -6.965395012955281039e-03 9.995520741726016123e-01 2.837148061101177898e-01
-1.426272188168020427e-01 9.897249853594581870e-01 1.009602930889422559e-02 1.504201040142017689e+02 -9.893375017253834836e-01 -1.428603065074655343e-01 2.832385045099804904e-02 -6.956390499367326186e+01 2.947514431451446135e-02 -5.948628397798744541e-03 9.995478126071932756e-01 2.893000345305596355e-01
-1.168851884156735244e-01 9.930919835343294810e-01 1.030363862356701611e-02 1.492416470987960508e+02 -9.927379619893871299e-01 -1.171281043520462362e-01 2.742892626507582518e-02 -7.860964202427362579e+01 2.844629245070790305e-02 -7.022777993702005242e-03 9.995706523478273819e-01 5.611823974516523261e-01
-9.136616448942512514e-02 9.957716776389026192e-01 9.538867789126126776e-03 1.484836491103814353e+02 -9.954817000680649119e-01 -9.157986701644525718e-02 2.508610744707150467e-02 -8.620941594866008018e+01 2.585360354161573768e-02 -7.203746904035208259e-03 9.996397837293475863e-01 7.941360056425224023e-01
-7.397795054412105442e-02 9.971817834360237054e-01 1.248012887130589554e-02 1.479682833076425936e+02 -9.971389598153634903e-01 -7.376831479405590586e-02 -1.649637992956947893e-02 -9.278816265026630106e+01 -1.552925148315747322e-02 -1.366479109968231700e-02 9.997860350257830042e-01 9.787776890292585463e-01
-7.265544141567560621e-02 9.972866553082053720e-01 1.185385915504657585e-02 1.479632593720165801e+02 -9.971069857090371080e-01 -7.289824975768822990e-02 2.152914843889837740e-02 -9.296526280779538354e+01 2.233485802353982891e-02 -1.025535598797615126e-02 9.996979452767867924e-01 9.829740600182722554e-01
-7.311300149414341754e-02 9.972488429496695339e-01 1.221614702205250404e-02 1.479790571974742477e+02 -9.969393562391768437e-01 -7.341935584816067228e-02 2.686109022838035001e-02 -9.289009268453627044e+01 2.768409279592444830e-02 -1.021486281788621872e-02 9.995645289743326778e-01 9.785340454810584898e-01
-7.488208548998123715e-02 9.970964304050237148e-01 1.383407916099747316e-02 1.479735703460303000e+02 -9.968222003493719674e-01 -7.522506541962321880e-02 2.620477863386770981e-02 -9.280529916058348761e+01 2.716936074528955580e-02 -1.182784875516553272e-02 9.995608674965813512e-01 9.677643937403285213e-01
-7.475130241011759824e-02 9.971158446661234631e-01 1.312383723444580236e-02 1.479833292931985227e+02 -9.968388843363122920e-01 -7.507282450508709348e-02 2.600595500966369766e-02 -9.272004920604196343e+01 2.691619332534484627e-02 -1.113837225960497695e-02 9.995756375583990661e-01 9.604304875652562856e-01
-7.548635194366103141e-02 9.970480666100488554e-01 1.403436993253041193e-02 1.479823551054897166e+02 -9.967281735995281444e-01 -7.585499186810128192e-02 2.791000110425448030e-02 -9.267381083109529527e+01 2.889218965718722693e-02 -1.188162774436739982e-02 9.995119150360131099e-01 9.626648714552855646e-01
-7.546307766246722337e-02 9.970865458150544036e-01 1.112403093817092639e-02 1.479677023650584431e+02 -9.966911614059209557e-01 -7.576163783269418417e-02 2.944321667590973912e-02 -9.271098072434388371e+01 3.020021001624439635e-02 -8.865347568633901235e-03 9.995045537302283956e-01 9.705571558714948255e-01
-7.116482396444179237e-02 9.973897231127298868e-01 1.221916769766048447e-02 1.478668846974937594e+02 -9.968903204839326682e-01 -7.153413842231402808e-02 3.305383435578487100e-02 -9.417890290474728943e+01 3.384164232942018374e-02 -9.828899698888381511e-03 9.993788750895016282e-01 1.004295783521264029e+00
-6.241761601404428178e-02 9.979589585623329651e-01 1.348918960903215496e-02 1.475632083386119575e+02 -9.975097943460121686e-01 -6.282279964770740022e-02 3.205473487959444728e-02 -9.852207129303431543e+01 3.283673849364988906e-02 -1.145481861965346251e-02 9.993950849066106645e-01 1.128804837296196295e+00
-5.802004358551696855e-02 9.981350905326831224e-01 1.897407677986867949e-02 1.472871202548921303e+02 -9.979617995397751518e-01 -5.849484381385216397e-02 2.550685998956608858e-02 -1.033574790188435770e+02 2.656917766264044536e-02 -1.745549467951925532e-02 9.994945645194001083e-01 1.250739346111540140e+00
-5.352086598165295417e-02 9.983631514206670055e-01 2.016270790269445584e-02 1.470241989099044702e+02 -9.980032913521411642e-01 -5.415796631260274413e-02 3.250146358515362821e-02 -1.079777176028526497e+02 3.354023486602297072e-02 -1.838294237271225623e-02 9.992682923393769734e-01 1.379882268469264872e+00
-5.752225294857333387e-02 9.981733506022432145e-01 1.847031573126485526e-02 1.464295214687268754e+02 -9.979959875317855333e-01 -5.798096320099821455e-02 2.534199630537119913e-02 -1.175265543623704474e+02 2.636663205980729549e-02 -1.697557226654811471e-02 9.995081943936462432e-01 1.660945042038081798e+00
-5.650578262352124598e-02 9.981038680434117794e-01 2.440830036860696869e-02 1.459804853108189491e+02 -9.979553477803001504e-01 -5.719502012515587097e-02 2.852811787664887022e-02 -1.246836882465741496e+02 2.987005803148493413e-02 -2.274639025568302511e-02 9.992949421284653688e-01 1.850364544244632814e+00
-6.869628182302338348e-02 9.972324115435817760e-01 2.843128964125508223e-02 1.453567147463506046e+02 -9.971572422475097897e-01 -6.951959816051515861e-02 2.905958886396542082e-02 -1.343188394735452675e+02 3.095569571232249795e-02 -2.635418066595388020e-02 9.991732592820894432e-01 2.127463730596546032e+00
