1.000000000000000000e+00 0.000000000000000000e+00 0.000000000000000000e+00 0.000000000000000000e+00 0.000000000000000000e+00 1.000000000000000000e+00 0.000000000000000000e+00 0.000000000000000000e+00 0.000000000000000000e+00 0.000000000000000000e+00 1.000000000000000000e+00 0.000000000000000000e+00
9.999993373962764442e-01 1.070499258745392446e-03 -4.233654980279923097e-04 9.026140182056076045e-01 -1.070345445050287529e-03 9.999993611606207145e-01 3.633716814823697498e-04 -7.988049972296414059e-03 4.237542166811162280e-04 -3.629182933785348418e-04 9.999998443613259402e-01 -4.795998208171559085e-03
9.997195188012423239e-01 2.358960061748962764e-02 -2.101064139826979999e-03 3.132446458638612263e+00 -2.358509565201644120e-02 9.997195345535037081e-01 2.143710617511200220e-03 -4.586270507515645412e-02 2.151044141241446449e-03 -2.093555548278570096e-03 9.999954950069869231e-01 -1.735604423016146036e-02
9.892970231521687197e-01 1.459148212086064100e-01 -5.147173186066895728e-04 6.624299037962833481e+00 -1.459056368872192477e-01 9.892639318072822263e-01 8.271538534773319531e-03 -4.617272925088548030e-01 1.716131344795701185e-03 -8.107908291151502689e-03 9.999656577684805647e-01 -2.867956688209327698e-02
9.104671347953816607e-01 4.135446803340976918e-01 5.513059482494431403e-03 1.073381323829474354e+01 -4.135800488227484584e-01 9.103487997050538905e-01 1.471754365854253954e-02 -2.009973743359064979e+00 1.067554804983727535e-03 -1.567993121595192413e-02 9.998764924148391131e-01 -4.900764081548858453e-02
7.652594947864572728e-01 6.436020615939205269e-01 1.242143112654809679e-02 1.431808187192655701e+01 -6.437118409667708097e-01 7.649970738431225437e-01 2.036032442352666075e-02 -4.697741091650198264e+00 3.601588308949632555e-03 -2.357675387994860247e-02 9.997155421609376091e-01 -6.791664094359439741e-02
7.894144742289341821e-01 6.133680714417911739e-01 2.458448318824597509e-02 1.384270331593218373e+01 -6.137930904551428535e-01 7.892882115743786731e-01 1.679765398036422996e-02 -4.840045611428734240e+00 -9.101098141448507595e-03 -2.835009709854478810e-02 9.995566227118518610e-01 -4.746722665440439304e-02
8.353805105314864310e-01 5.495074335823709744e-01 1.345299453167164531e-02 1.290330443537345317e+01 -5.496659004330736176e-01 8.350047623339196257e-01 2.518818732607062960e-02 -3.783864681188408241e+00 2.607781672543080242e-03 -2.843637314058810109e-02 9.995922029294537214e-01 -4.787396391307841004e-02
5.291276199265085856e-01 8.482883411353081549e-01 2.075697773798254250e-02 1.867572221502736340e+01 -8.485413127352695595e-01 5.289322038360402267e-01 1.443483032998017432e-02 -1.042415547185085245e+01 1.265864295261784431e-03 -2.525102055474984925e-02 9.996803406832257544e-01 -6.928479596939385310e-02
1.210719288058573068e-01 9.922460942004913687e-01 2.809406697327570049e-02 2.123450290463120993e+01 -9.926437263571378233e-01 1.210275175762981908e-01 3.282150687423747437e-03 -1.924188977602911521e+01 -1.434539842241594856e-04 -2.828477564323723936e-02 9.995998954020387517e-01 -6.880066861345601748e-02
-3.073798023253592193e-01 9.511575337815965092e-01 2.858326526018363511e-02 1.990445457960364095e+01 -9.515860717346613651e-01 -3.072808246650394759e-01 -7.902080344404233125e-03 -2.846331559106806353e+01 1.266966068641229431e-03 -2.962837700051002693e-02 9.995601803159714915e-01 -8.817260333489307378e-02
-6.982271324944626656e-01 7.153736042717139254e-01 2.682308259423557897e-02 1.498405164372439735e+01 -7.158732342603177923e-01 -6.978434377988312898e-01 -2.323894986399139412e-02 -3.564277651378218792e+01 2.093780846230147534e-03 -3.542799221528435821e-02 9.993700382988087716e-01 -9.513563515460354836e-02
-9.180111399057947486e-01 3.963498599280305124e-01 1.274109665192428575e-02 7.702976539126805022e+00 -3.965268911114689376e-01 -9.178528631046991570e-01 -1.767897949487282419e-02 -4.003692402648326265e+01 4.687390994599009535e-03 -2.128168756319766264e-02 9.997625308742706940e-01 -8.754787547183096041e-02
-9.804864784501099439e-01 1.965504080872690074e-01 3.768641297566230428e-03 -3.687010945933809070e-01 -1.965576110906727958e-01 -9.804908998724189972e-01 -1.643407953619558911e-03 -4.198928766328537421e+01 3.372105993209260303e-03 -2.352094407608621655e-03 9.999915482408183731e-01 -7.184696465742024252e-02
-9.359265517256523115e-01 3.507396720528176415e-01 -3.198706337273628242e-02 -8.826498327389792564e+00 -3.521930743231687089e-01 -9.317339798502655146e-01 8.849762251710598104e-02 -4.374006220891166663e+01 1.236193239101546952e-03 9.409289686616750803e-02 9.955626542742596063e-01 -7.109927174768115865e-02
-9.509859198047541096e-01 3.092168813810610706e-01 3.271177475547888507e-03 -1.006905298954093730e+01 -3.091750545657510063e-01 -9.509577369441357675e-01 9.495692726345178469e-03 -4.516215578439616962e+01 6.046980020682909789e-03 8.018903607049914645e-03 9.999495643369075148e-01 -5.664910420698920923e-02
-9.208673073029879363e-01 3.898516518414575360e-01 4.369427540466806238e-03 -1.811546342911805141e+01 -3.898365333585976367e-01 -9.208756754678201206e-01 3.932885790003439949e-03 -4.843757388543486542e+01 5.556941559471680926e-03 1.918303462233494861e-03 9.999827201068688387e-01 -3.562630162148872071e-02
-9.135079682713419524e-01 4.067649079390866507e-01 6.745485458540680969e-03 -2.583368375357273550e+01 -4.067696360865699079e-01 -9.135304857015861257e-01 7.175317579482313980e-04 -5.181939846134815753e+01 6.454073346698817500e-03 -2.088387686824383534e-03 9.999769915223579719e-01 -1.475383792374651559e-02
-9.165158882805728435e-01 3.999336852071067594e-01 7.188460609568608946e-03 -3.354838808430543651e+01 -3.999406897101270841e-01 -9.165408866883580918e-01 4.977375875952550540e-04 -5.522978759497521395e+01 6.787580088691391560e-03 -2.418773486919450003e-03 9.999740388086881815e-01 1.346376066464038956e-02
-9.276664441952574558e-01 3.733651871660308430e-01 5.779734129011349260e-03 -4.140161398726712605e+01 -3.733650514936652787e-01 -9.276837996105334883e-01 1.142918761756546225e-03 -5.849762318881007417e+01 5.788491794938704915e-03 -1.097703346975268833e-03 9.999826440544372641e-01 4.567477167411015948e-02
-9.380349570350573485e-01 3.464869926569390524e-01 6.097811065324831338e-03 -4.215401312872317874e+01 -3.464946420330695109e-01 -9.380519270846991997e-01 -2.124501284359298471e-04 -5.895588147199450901e+01 5.646452214734993397e-03 -2.312144509364502318e-03 9.999813856093301423e-01 4.489089589734607255e-02
-9.437854295643459679e-01 3.305339291106055843e-01 4.047795541787942500e-03 -4.232615423211867522e+01 -3.305348858753787700e-01 -9.437936676302847161e-01 4.496224258342364157e-04 -5.900899821802337186e+01 3.968899267228766584e-03 -9.135905431440108186e-04 9.999917065610730571e-01 4.379013848639057294e-02
-9.457665307903501128e-01 3.248003933484943651e-01 5.511235564653773136e-03 -5.035646756517574119e+01 -3.247975644980766186e-01 -9.457824852643061941e-01 1.425715045249051176e-03 -6.177413446824044740e+01 5.675502876715012891e-03 -4.416423165339201798e-04 9.999837966783070575e-01 5.198179778936384832e-02
-9.460787452248243801e-01 3.238956384682440404e-01 5.159768896990931525e-03 -5.832455321279714155e+01 -3.238925060245639309e-01 -9.460927694398739707e-01 1.454700903051663356e-03 -6.450506578959128490e+01 5.352791323198100200e-03 -2.949488735174512523e-04 9.999856302118613760e-01 7.729265575358057472e-02
-9.459355873335947296e-01 3.243047458808315797e-01 5.682993490786875448e-03 -6.628066490618428475e+01 -3.243029668930781928e-01 -9.459524325324822902e-01 1.257398197211177576e-03 -6.722219366128739182e+01 5.783621719493672181e-03 -6.535939477050714845e-04 9.999830611239164391e-01 9.875181132183930011e-02
-9.449197217038555197e-01 3.272629710706901340e-01 5.066290664080702957e-03 -6.687320203152327736e+01 -3.272664562149747436e-01 -9.449320846286691777e-01 1.485793035221512619e-04 -6.728172191300083682e+01 4.835925102854793725e-03 -1.517631477653594383e-03 9.999871552290553467e-01 1.008058732876364605e-01
-9.422516506279541293e-01 3.348881746841416152e-01 3.425980971901985885e-03 -6.684107482262938049e+01 -3.348865422809865766e-01 -9.422578667379589712e-01 1.056583889502017443e-03 -6.718381880940752637e+01 3.581994972225182976e-03 -1.517470076905246587e-04 9.999935731217804991e-01 1.021414331790938546e-01
-9.386550632914730796e-01 3.448398260382146696e-01 3.488056079610551887e-03 -6.632516345228413002e+01 -3.448403175408881194e-01 -9.386612415571171653e-01 4.785360495652204722e-04 -6.698676346232839762e+01 3.439121338393152753e-03 -7.536420802014291622e-04 9.999938022148117112e-01 1.027801220285796679e-01
-9.365537291473203796e-01 3.505032667713831596e-01 3.817381672840425202e-03 -7.429656938138549549e+01 -3.504998993316038036e-01 -9.365615031128966539e-01 1.539953066578755685e-03 -6.995867368243918349e+01 4.114971297981492165e-03 1.042568951753131883e-04 9.999915280349718216e-01 1.038472447072373850e-01
-9.351403774643378686e-01 3.542450669301868138e-01 4.786124892139166469e-03 -7.446406770743453762e+01 -3.542439333112251121e-01 -9.351523947943565229e-01 1.110955702248761804e-03 -7.014183393202769423e+01 4.869306731768384064e-03 -6.565561723630698688e-04 9.999879293201222596e-01 1.055618533167833606e-01
-9.348447689653299753e-01 3.550166614017611355e-01 5.331797568001980618e-03 -7.498378213492939892e+01 -3.550184676428284614e-01 -9.348590715171024579e-01 6.356372542928089096e-04 -7.045836942249924562e+01 5.210141139821068516e-03 -1.298664440238699817e-03 9.999855838460752766e-01 1.066093667308182225e-01
-9.350129138621406932e-01 3.545742205544927250e-01 5.288953507357509187e-03 -8.300635315706934136e+01 -3.545753752029197070e-01 -9.350271343466406426e-01 7.492230763079978225e-04 -7.350773119329987537e+01 5.210970229980429330e-03 -1.174799422590583863e-03 9.999857327160124321e-01 1.267079107471895671e-01
-9.350439306342565038e-01 3.544956149417194391e-01 5.070184526403414063e-03 -8.363958376233392755e+01 -3.545037746450160898e-01 -9.350542555375869203e-01 -7.829198459164992590e-04 -7.387961261701855165e+01 4.463355965546065424e-03 -2.529464002854089726e-03 9.999868400461000562e-01 1.270849412174153148e-01
-9.348684125434207903e-01 3.549675350938006901e-01 4.370384190822718465e-03 -8.398525532666830884e+01 -3.549772187869665863e-01 -9.348734771390727616e-01 -1.660085591149716147e-03 -7.409093765762244743e+01 3.496479774572890890e-03 -3.103348406373114109e-03 9.999890718692160396e-01 1.257288863973312631e-01
-9.358643084334969942e-01 3.523605691640410709e-01 -1.596830769572208243e-04 -9.161490648294089567e+01 -3.523574703955951737e-01 -9.358577975974075036e-01 -3.794170864300960150e-03 -7.696397447790488400e+01 -1.486356857965499302e-03 -3.494563566935907951e-03 9.999927893583876459e-01 1.275550145355363041e-01
-9.365449356793243973e-01 3.505474407634430745e-01 2.742765209246634866e-04 -9.784303561472745514e+01 -3.505474527288973130e-01 -9.365438172635376368e-01 -1.470282531737312657e-03 -7.929929264433657465e+01 -2.585317988071926965e-04 -1.473132594869837244e-03 9.999988815202085490e-01 1.358251107629437904e-01
-9.375302662756859196e-01 3.479035725082028629e-01 -3.225725818870769620e-04 -1.027889717719399556e+02 -3.479028163846308863e-01 -9.375295383205790589e-01 -1.412490015579869612e-03 -8.114200824057768102e+01 -7.938316463239013503e-04 -1.212028230691363558e-03 9.999989504088924175e-01 1.479745885211622980e-01
-9.380916352933480473e-01 3.463737992419163025e-01 3.045487050126972385e-03 -1.069348486684862252e+02 -3.463715788057333267e-01 -9.380965719629452693e-01 1.245418401498747532e-03 -8.267841862801408581e+01 3.288341265054543598e-03 1.134464271014970027e-04 9.999945869561664979e-01 1.563166768875757784e-01
-9.383345374929987770e-01 3.456459815341801911e-01 7.559841074577666395e-03 -1.108623010742037565e+02 -3.456100107489729623e-01 -9.383610637547364908e-01 5.677543410209996352e-03 -8.413714691142595825e+01 9.056280577282374566e-03 2.714678314870511491e-03 9.999553061531067932e-01 1.684254115835290833e-01
-9.386033941346128007e-01 3.448759885836229500e-01 9.177200959612266326e-03 -1.157304279373450555e+02 -3.448290528811108202e-01 -9.386441458184920927e-01 6.331809361462903754e-03 -8.593043578100459001e+01 1.079781496879743397e-02 2.778492242679684969e-03 9.999378416545491310e-01 1.891390607356614462e-01
-9.391084179993265391e-01 3.433720748818665514e-01 1.307659872150958476e-02 -1.218733687996704731e+02 -3.432858549753934341e-01 -9.391932381442300581e-01 8.419215994910723977e-03 -8.819379137601504226e+01 1.517237676221835745e-02 3.417545241491689190e-03 9.998790523697898003e-01 2.105333781979039642e-01
-7.344572824077105766e-01 6.764172051605243929e-01 -5.506600476796193189e-02 -1.290748031246644700e+02 -6.786333744669925672e-01 -7.313657857004213225e-01 6.753392159758260516e-02 -9.188877445335684513e+01 5.407714658063159617e-03 8.697040916099349483e-02 9.961962178971306425e-01 2.577235692428758718e-01
-5.028110992279763991e-01 8.641681701996520859e-01 -1.985880426760937290e-02 -1.276757554036497453e+02 -8.643171701490006686e-01 -5.023214621918644651e-01 2.507943394598765793e-02 -8.943812468820098616e+01 1.169734494565961153e-02 2.977452325752057150e-02 9.994881939702993101e-01 2.320892138225238988e-01
-2.661567827445236456e-01 9.639297472663629351e-01 -9.661309499930328286e-05 -1.301336758484141001e+02 -9.638964434343217924e-01 -2.661467511212224912e-01 8.339856250795482998e-03 -9.706183939838143715e+01 8.013322266717264400e-03 2.312834326922595923e-03 9.999652181269241824e-01 2.945350387516983970e-01
-2.573273529114413205e-01 9.663093135089149133e-01 5.379969286165212257e-03 -1.319719480065436414e+02 -9.662748251453466830e-01 -2.573665244579212974e-01 8.685296700778423473e-03 -1.040579187848302070e+02 9.777307089421155215e-03 -2.963564472014786327e-03 9.999478094139215845e-01 3.540127166916333668e-01
-2.739293170489283114e-01 9.617228337033684182e-01 7.205580800368690218e-03 -1.336682568030657308e+02 -9.617145267035888123e-01 -2.739757658203103019e-01 6.515279768900058763e-03 -1.101050412219971975e+02 8.240047839677936900e-03 -5.144985591573496275e-03 9.999528142541843634e-01 4.167634815894823985e-01
-2.824134768064183176e-01 9.592333465574894857e-01 1.067777927424555517e-02 -1.342028218521493841e+02 -9.589193746016143605e-01 -2.825965975316841461e-01 2.475471828085355416e-02 -1.119096277903875176e+02 2.676305535172715869e-02 -3.248063366734318946e-03 9.996365284205089852e-01 4.315265737649395250e-01
-2.827993244598570599e-01 9.591567623718556534e-01 6.545783481568219660e-03 -1.342129988272946264e+02 -9.591511097655486262e-01 -2.828366203096668863e-01 5.709189725534150918e-03 -1.119333442660761051e+02 7.327395210115602436e-03 -4.663840493036886317e-03 9.999622782241793795e-01 4.280646072210635422e-01
-2.832052066624205500e-01 9.590193492812235654e-01 8.757775032144692051e-03 -1.342071884556907264e+02 -9.590105058625704171e-01 -2.832711268209091027e-01 7.504555605073615770e-03 -1.119291755069837393e+02 9.677838834822113587e-03 -6.273469042763117100e-03 9.999334892989920620e-01 4.271865695849351718e-01
-2.832350419435180067e-01 9.590143117740010936e-01 8.334316282230386230e-03 -1.342022157762872894e+02 -9.589908044452912783e-01 -2.833036898396937286e-01 8.698063726401623549e-03 -1.119294224790206727e+02 1.070271015338836867e-02 -5.528936231622795516e-03 9.999274387971959221e-01 4.242580163789280157e-01
-2.834706872672200229e-01 9.589375832287488910e-01 9.114874198586156440e-03 -1.342197163638568895e+02 -9.589271426798506859e-01 -2.835426321544876616e-01 7.893717930286488216e-03 -1.119519066310298427e+02 1.015403821678251620e-02 -6.502862624344573315e-03 9.999273015002549947e-01 4.223355883985733250e-01
-2.833411689980957493e-01 9.589766157978685257e-01 9.035059693183404572e-03 -1.342167189994346472e+02 -9.589604032492030639e-01 -2.834155318820973379e-01 8.401267054089158956e-03 -1.119349062683440650e+02 1.061729489647462998e-02 -6.283839658584914299e-03 9.999238903077710683e-01 4.213773517322526585e-01
-2.837841827359832703e-01 9.588316382424696416e-01 1.041283506695328716e-02 -1.342233720920705764e+02 -9.588222401255365179e-01 -2.838752843962119576e-01 8.644926235539793224e-03 -1.119278374396556757e+02 1.124497530091014483e-02 -7.530764518388320672e-03 9.999084148642071179e-01 4.267781946411089988e-01
-2.816868101801746072e-01 9.594393894101717057e-01 1.134015073775105319e-02 -1.342168967865214313e+02 -9.594361593996691973e-01 -2.817895242309822468e-01 8.770408775502714499e-03 -1.119725510124761314e+02 1.161021132154443219e-02 -8.409642198893573645e-03 9.998972351752737353e-01 4.295559620000548584e-01
-2.819758556306486974e-01 9.593617406699564976e-01 1.070828558054027525e-02 -1.342429885596205565e+02 -9.593500564283848897e-01 -2.820735019453003978e-01 9.055867223496955748e-03 -1.120071828567911183e+02 1.170837615634340995e-02 -7.719458467119418889e-03 9.999016571087163685e-01 4.334018598997041449e-01
-2.831336940734319740e-01 9.590132707992665706e-01 1.135155104928177276e-02 -1.342070903540507913e+02 -9.590162962019433968e-01 -2.832318207788374620e-01 8.214579563861360012e-03 -1.119736931794242167e+02 1.109301128813149941e-02 -8.560498186253248654e-03 9.999018266666810373e-01 4.350431623130714964e-01
-2.831785116916288869e-01 9.589921025909965424e-01 1.200323640577824480e-02 -1.342109720470577940e+02 -9.590015320886675632e-01 -2.832834167627600874e-01 8.158874849187034914e-03 -1.119735730716277402e+02 1.122461436763869287e-02 -9.200704066292707956e-03 9.998946719914968417e-01 4.318281674813438942e-01
-2.829680628268435583e-01 9.590462213663585311e-01 1.262619114906454905e-02 -1.342157445164410206e+02 -9.590570396479631832e-01 -2.830838421278200623e-01 8.551785067263107526e-03 -1.119682478057894457e+02 1.177582785661340607e-02 -9.689355451256138549e-03 9.998837163736747913e-01 4.294400328627373531e-01
-2.839141562484357451e-01 9.587346450962966893e-01 1.485369226207490165e-02 -1.342297822420534885e+02 -9.586860966152415120e-01 -2.841178073211300115e-01 1.407265858553354704e-02 -1.120094358170561719e+02 1.771214381068642041e-02 -1.024460126656848852e-02 9.997906421379024744e-01 4.290112332017174124e-01
-2.887484078650388031e-01 9.573081205601509103e-01 1.362054569378710889e-02 -1.345227973763909119e+02 -9.572852003455023517e-01 -2.889081168402883315e-01 1.171090189822320687e-02 -1.129986310562305221e+02 1.514602769298149625e-02 -9.657242535516396761e-03 9.998386547397206670e-01 4.388969300346148295e-01
-3.029777547324962184e-01 9.529613702389831964e-01 8.313060176300231946e-03 -1.352688025609653835e+02 -9.529600358983635333e-01 -3.028767970836653833e-01 -1.152457239684631651e-02 -1.153660133236775494e+02 -8.464639262555450835e-03 -1.141370319308086974e-02 9.998990335336742641e-01 4.267099100317167659e-01
-3.267200847126299768e-01 9.449488116554078942e-01 1.804798039682968883e-02 -1.363517648443547614e+02 -9.448119538731516442e-01 -3.270420623648215286e-01 1.933549230203425104e-02 -1.185568022311723979e+02 2.417349920407859884e-02 -1.073465393931190975e-02 9.996501433706866946e-01 4.346793459378671676e-01
-3.634415381181503313e-01 9.314717839794841581e-01 1.644883036542212421e-02 -1.380231793319256610e+02 -9.314902541730983865e-01 -3.636266876480352406e-01 1.007662694829355825e-02 -1.229594194536780378e+02 1.536732738148560706e-02 -1.165966038080657081e-02 9.998139314737293226e-01 4.986987737337185145e-01
-3.979989951238502299e-01 9.171849941183334298e-01 1.919600074386105734e-02 -1.403207357363964434e+02 -9.172042069753614246e-01 -3.982494451180068618e-01 1.156815326221896818e-02 -1.282690343908641353e+02 1.825493322649578837e-02 -1.300253926556964312e-02 9.997488141456053468e-01 5.566160890496832936e-01
-4.225523098632426033e-01 9.060888983580004385e-01 2.127095911386009050e-02 -1.433654941288060911e+02 -9.060287081460943748e-01 -4.229051221589744669e-01 1.622460066757996922e-02 -1.351187851204553283e+02 2.369652810767156059e-02 -1.241635711826437859e-02 9.996420902660884122e-01 6.319810835613134392e-01
-4.293252762454853322e-01 9.030203878418608943e-01 1.529661134607882347e-02 -1.445671034328082385e+02 -9.030667291599382418e-01 -4.294540463683587661e-01 6.301169908390374767e-03 -1.373812739120500908e+02 1.225927653282982838e-02 -1.110860926394472217e-02 9.998631451049253549e-01 6.452849110491363227e-01
-4.263579497025185017e-01 9.040018374262235312e-01 3.161608222845449512e-02 -1.481860204628117685e+02 -9.028060523223674361e-01 -4.274459621424027134e-01 4.723538227069112860e-02 -1.449253420095232059e+02 5.621503905154989766e-02 -8.404009648223756401e-03 9.983833141665907629e-01 7.998277621486136191e-01
-4.160487493691647498e-01 9.091100528178852613e-01 2.055115602139979958e-02 -1.517959964562359119e+02 -9.087922223815837475e-01 -4.164768475717693930e-01 2.537187370737865530e-02 -1.527418184121209492e+02 3.162490611995188994e-02 -8.120794428091266184e-03 9.994668168632518945e-01 1.037365826166745775e+00
-3.912494149849453651e-01 9.198968565425813537e-01 2.671457648953961747e-02 -1.559495184940732315e+02 -9.189584997351556428e-01 -3.920788082490075932e-01 4.230229174110737567e-02 -1.622236351546634694e+02 4.938796451008751337e-02 -7.998840235656600253e-03 9.987476395548752217e-01 1.272000264457281649e+00
-3.621388188636532335e-01 9.317863383002843447e-01 2.509373684779005881e-02 -1.584922308805548425e+02 -9.312262613861047589e-01 -3.628402052671387268e-01 3.412675704719973779e-02 -1.689961016549690669e+02 4.090386261584535998e-02 -1.100932326025446870e-02 9.991024315977093950e-01 1.474771152300996313e+00
-3.511714677040089772e-01 9.357655380539002810e-01 3.196025752879336906e-02 -1.605996281449101843e+02 -9.354095849518808681e-01 -3.521264662166638804e-01 3.187256139557430312e-02 -1.757138704972352627e+02 4.107929710647407334e-02 -1.870319706519382730e-02 9.989808215220044030e-01 1.661362855671289163e+00
-3.250026130986155559e-01 9.454965257308747262e-01 2.023910348599998119e-02 -1.582208547940139169e+02 -9.451379804422872510e-01 -3.254768279829498012e-01 2.791115138491714193e-02 -1.722113284994025548e+02 3.297725586742956960e-02 -1.005754826003132582e-02 9.994054964419853970e-01 1.544331680738029400e+00
9.369884766982095048e-02 9.938856473229661370e-01 -5.841100915714823177e-02 -1.611917622510250396e+02 -9.954066575514001203e-01 9.467715697502636363e-02 1.420640874660543916e-02 -1.900145707785729030e+02 1.964973403629561091e-02 5.681158326023779542e-02 9.981915306992781289e-01 1.888346544027153850e+00
5.120222929914672871e-01 8.578378650779188153e-01 -4.412900087605342581e-02 -1.555763900952713357e+02 -8.589352096464057951e-01 5.118006706147170126e-01 -1.704051607230766194e-02 -2.062507934034598236e+02 7.967252314627217696e-03 4.662907673206034137e-02 9.988804994060453968e-01 2.037722813294726265e+00
9.497495526515904729e-02 9.954357561628236484e-01 9.349503993725645501e-03 -1.553240199221806961e+02 -9.952813707410814725e-01 9.476439898250176019e-02 2.084950218203469527e-02 -2.040638939716593825e+02 1.986833984344222800e-02 -1.128556768766401236e-02 9.997389084325130071e-01 2.001695056626574765e+00
1.241990545910092031e-01 9.922564103841577943e-01 1.345693221150920296e-03 -1.537072318204062356e+02 -9.921570142599464015e-01 1.241671015717478316e-01 1.438714502809485853e-02 -2.197508919376916197e+02 1.410864605437862213e-02 -3.122008779160021126e-03 9.998955941335549991e-01 2.221430754142122765e+00
2.932330002954636194e-01 9.560354705848180812e-01 -3.253693499097321841e-03 -1.506866312060304551e+02 -9.559732224315283799e-01 2.931699853993847693e-01 -1.290572178545540231e-02 -2.340186753088754017e+02 -1.138444252477016118e-02 6.894827379264245083e-03 9.999114239890501965e-01 2.156179759729337952e+00
4.385550836929719143e-01 8.986521617048351951e-01 9.681468394682965495e-03 -1.507238386000883850e+02 -8.983621270508137524e-01 4.386599126686819838e-01 -2.286853074076439923e-02 -2.365050540755932502e+02 -2.479772666571763637e-02 1.331645872928664690e-03 9.996916021811331765e-01 2.083392742487494953e+00
4.949353829608185151e-01 8.687285792214597402e-01 1.869819074915867255e-02 -1.439200541404222236e+02 -8.686202348643959903e-01 4.952188357032440424e-01 -1.603721761542175467e-02 -2.490506078216193089e+02 -2.319168552626622859e-02 -8.304240397958684294e-03 9.996965466149532187e-01 1.681977897116670340e+00
4.991199777618552380e-01 8.662480524510286495e-01 2.221619732998677751e-02 -1.367334962549141721e+02 -8.662647380436249156e-01 4.994392783509351008e-01 -1.207521687203481041e-02 -2.615834859923615454e+02 -2.155577466051452132e-02 -1.321812638374683137e-02 9.996802637412065540e-01 1.285498347454672396e+00
4.806060358285682010e-01 8.766124485005318823e-01 2.384226203721154236e-02 -1.363281316015052198e+02 -8.766749387261535409e-01 4.809491586666601037e-01 -1.135599345396800727e-02 -2.614914001052827075e+02 -2.142172109434584484e-02 -1.544415461375853865e-02 9.996512331576559163e-01 1.278983532778705356e+00
4.624870497403644753e-01 8.863000104827397641e-01 2.404205150873223173e-02 -1.362424186776028421e+02 -8.863294587448373729e-01 4.628636483857536121e-01 -1.331666490202033405e-02 -2.615175269443520847e+02 -2.293075191826576473e-02 -1.515039343793364232e-02 9.996222517506994087e-01 1.273127159028538014e+00
4.575074380433536425e-01 8.889922913924283021e-01 1.948460879377238164e-02 -1.365013688633667641e+02 -8.888893320133907094e-01 4.578193587802050768e-01 -1.664902876655350791e-02 -2.610977337168022814e+02 -2.372128933668487399e-02 -9.702606398342521199e-03 9.996715259830520894e-01 1.291536597151882404e+00
4.537263181108664445e-01 8.908446062961632439e-01 2.298511880739937882e-02 -1.351350895003858454e+02 -8.905587570696691380e-01 4.542112694917628257e-01 -2.443814381672114455e-02 -2.640520686087754143e+02 -3.221068859994383193e-02 -9.381369820791483904e-03 9.994370722762904169e-01 1.200492582803248665e+00
4.560525683508479533e-01 8.896591594454150709e-01 2.286120984270874346e-02 -1.340295666368201637e+02 -8.893753940715337647e-01 4.565314895627001213e-01 -2.429830154076303636e-02 -2.667460082483875112e+02 -3.205406870740375863e-02 -9.250894688582702099e-03 9.994433238692236321e-01 1.112245178773657361e+00
4.622792413139409362e-01 8.864916876278040592e-01 2.074586264812436354e-02 -1.288796237340946504e+02 -8.863368519197654116e-01 4.626460024706237628e-01 -1.912227305817241346e-02 -2.767001908007013640e+02 -2.654972653657831569e-02 -9.547992708368376047e-03 9.996018946841157549e-01 8.002001105122188429e-01
4.674014802511984867e-01 8.838918933678442391e-01 1.646138200746411623e-02 -1.246991095315104161e+02 -8.838147876135957759e-01 4.676237337573876385e-01 -1.412320156105976998e-02 -2.846424299119922807e+02 -2.018111628535785781e-02 -7.947607527227727384e-03 9.997647513690759435e-01 6.111080102880224185e-01
4.702338907737689810e-01 8.823996176778839962e-01 1.584306440329312504e-02 -1.210145126961584907e+02 -8.824971518803487180e-01 4.703149508451501259e-01 -1.619856350648391646e-03 -2.915860546160788545e+02 -8.880590680576576704e-03 -1.321974785870306222e-02 9.998731786460304249e-01 4.960482545492908013e-01
4.711874365814789911e-01 8.819078395549770910e-01 1.486479529785641324e-02 -1.172975299395179718e+02 -8.820134331672251360e-01 4.712225684798568293e-01 1.262801572463420228e-03 -2.985655293172589495e+02 -5.890952413625342825e-03 -1.370596536983039598e-02 9.998887154043402115e-01 4.133727718351088987e-01
4.722819149957357410e-01 8.813272434002401567e-01 1.456306315628599392e-02 -1.134333552345080705e+02 -8.814334160856011069e-01 4.723034569875648736e-01 2.139515193452914965e-03 -3.057186659102741260e+02 -4.992572045383311501e-03 -1.384682483924186934e-02 9.998916639647733584e-01 3.448524044417574652e-01
4.723643682214107020e-01 8.812719223326390683e-01 1.522177857287655180e-02 -1.098062414583373538e+02 -8.813798493316182814e-01 4.724074871294849931e-01 8.528166151431556532e-04 -3.124940415557995834e+02 -6.439318827429616442e-03 -1.381900908674194711e-02 9.998837783267109369e-01 2.862270756056637389e-01
8.555619648826315871e-01 5.174304228824599949e-01 -1.671770683583278724e-02 -1.049403229906399417e+02 -5.174642018669719512e-01 8.537501942922058884e-01 -5.780489194002751130e-02 -3.180287807107675917e+02 -1.563726422199091318e-02 5.810648175288844058e-02 9.981879145461304281e-01 1.892960917361908857e-01
9.987524836751980883e-01 -4.678253438700114702e-02 1.746055064858734532e-02 -9.184194575534969829e+01 4.522899699455919242e-02 9.957106663761341458e-01 8.071311352971646813e-02 -3.125965686718805046e+02 -2.116162053078495323e-02 -7.982269941015424086e-02 9.965844281722382458e-01 3.758385629734717348e-02
9.713116183209210552e-01 -2.342593674371950541e-01 4.094250703997356911e-02 -8.342699819058941557e+01 2.332617069401626553e-01 9.720189469278923688e-01 2.771539082446336510e-02 -3.108927479504909570e+02 -4.628948250039626594e-02 -1.736996203555244908e-02 9.987770362942517410e-01 -1.565703333321085688e-01
9.768621950200315762e-01 -2.136476022678648057e-01 9.744433582188512938e-03 -7.523231865604249435e+01 2.136204549638501538e-01 9.769095012709265724e-01 3.758663010553063392e-03 -3.089064538460340259e+02 -1.032245909088093903e-02 -1.590085463637324042e-03 9.999454577458388727e-01 -3.133720598355960174e-01
9.919135058497743351e-01 -1.257855225629175844e-01 1.689968125092863177e-02 -6.712032787624551133e+01 1.256894436295777351e-01 9.920474409341542010e-01 6.636165766676200249e-03 -3.076224339100199927e+02 -1.760001911636208116e-02 -4.458390917077600935e-03 9.998351674538829004e-01 -4.551716988904175309e-01
9.972371242273897485e-01 -7.272250488862434803e-02 1.515108396812145548e-02 -5.971001869973417087e+01 7.270075572858714086e-02 9.973518293269933999e-01 1.982083396753848460e-03 -3.069331031182597940e+02 -1.525510338140282675e-02 -8.751118919679296698e-04 9.998832511848565474e-01 -5.750572661121575724e-01
9.964186224053669383e-01 -4.958242766688909092e-02 6.849461139716266078e-02 -5.420971733571795426e+01 4.949502185371834617e-02 9.987699436764277960e-01 2.973620736561455227e-03 -3.066938915852887817e+02 -6.855779850236221051e-02 4.271712100839403768e-04 9.976470547188853732e-01 -6.660715830984490493e-01
9.985603250098930017e-01 -5.010961932904706845e-02 1.913905344666688366e-02 -5.422704752707927867e+01 5.009288249832490048e-02 9.987436467780677063e-01 1.353197493031498217e-03 -3.067028209930496701e+02 -1.918281624645717248e-02 -3.925189730110345489e-04 9.998159158013592007e-01 -6.682520388722513749e-01
9.986664124911019957e-01 -4.939028202329365236e-02 1.503318342238649588e-02 -5.421989096698852961e+01 4.934057917528038989e-02 9.987753074777079298e-01 3.659565473867366827e-03 -3.067329408384971430e+02 -1.519551936589978378e-02 -2.912939146154623366e-03 9.998802983241201758e-01 -6.661414591427754495e-01
9.986056903423545794e-01 -5.102577112412601257e-02 1.352944555616268467e-02 -5.415252021925450521e+01 5.097886499387298959e-02 9.986925420636627582e-01 3.789690007803414671e-03 -3.067172857022333119e+02 -1.370512823016551210e-02 -3.094690227976453455e-03 9.999012913045907114e-01 -6.685836558761725223e-01
9.986284505391848088e-01 -5.041669219205861113e-02 1.412001848857103066e-02 -5.416670061001439507e+01 5.037038499662847835e-02 9.987240588922283724e-01 3.616421590979036413e-03 -3.067252312253080504e+02 -1.428433019072798509e-02 -2.900230722466987446e-03 9.998937676437227307e-01 -6.673922387680961688e-01
9.986601511912640561e-01 -5.006989188185680117e-02 1.307319201955757342e-02 -5.419549975788362417e+01 5.002750713171556785e-02 9.987415330703883765e-01 3.549457760830584084e-03 -3.067299040359094988e+02 -1.323446080606041284e-02 -2.890682817085346752e-03 9.999082422902734191e-01 -6.697331830700021804e-01
9.986466895584192871e-01 -5.073103405087768525e-02 1.145214469601612065e-02 -5.418144228130859119e+01 5.068381381054035822e-02 9.987051594614272387e-01 4.376697698415720796e-03 -3.067403906312668482e+02 -1.165935039477875197e-02 -3.790336298216538322e-03 9.999248436253189709e-01 -6.761225449346490723e-01
9.986886179263471108e-01 -4.985210081837981866e-02 1.165386066317491802e-02 -5.420001694872892983e+01 4.979955003803208935e-02 9.987479040165665456e-01 4.756998898903241901e-03 -3.067335669109443188e+02 -1.187641529974801761e-02 -4.170403638590774488e-03 9.999207761083472867e-01 -6.761826569890478922e-01
9.985238001234330030e-01 -5.311741724927303288e-02 1.134727155862272352e-02 -5.415489052424094041e+01 5.306590215730670052e-02 9.985795052574694131e-01 4.793924068879864241e-03 -3.067327606061574556e+02 -1.158579368405956468e-02 -4.184694076478823362e-03 9.999241259816653571e-01 -6.771115792828052982e-01
9.985103920159302815e-01 -5.326742772186242314e-02 1.181432097453861789e-02 -5.412102974327871152e+01 5.321174843979901981e-02 9.985708414702515467e-01 4.978392649519021787e-03 -3.067676747162109905e+02 -1.206262260757388211e-02 -4.342316120396248237e-03 9.999178153361097943e-01 -6.787728739086815732e-01
9.984462462350924827e-01 -5.440305744891828915e-02 1.205822206060542211e-02 -5.412515468984628342e+01 5.434168763509908406e-02 9.985080115173868842e-01 5.360216466043511187e-03 -3.067539924470398205e+02 -1.233184349651091777e-02 -4.696623872876570099e-03 9.999129298894853246e-01 -6.790849620976516787e-01
9.983817714415761380e-01 -5.574713602582684335e-02 1.122921538214539591e-02 -5.407884628219259326e+01 5.569221505193903965e-02 9.984347235815267396e-01 5.145865261387438071e-03 -3.067810693949666074e+02 -1.149850580680681841e-02 -4.512158197336650980e-03 9.999237094861854747e-01 -6.814466406153180111e-01
9.983874386078283036e-01 -5.572918366483060187e-02 1.080650351184210545e-02 -5.408970555898531529e+01 5.567886745182056007e-02 9.984366921635570158e-01 4.902597350045840262e-03 -3.067783409448682050e+02 -1.106282736837281740e-02 -4.292997734184277395e-03 9.999295895317191762e-01 -6.833359502797821117e-01
9.982527891476896675e-01 -5.810088503011021088e-02 1.075435342435400281e-02 -5.404726455797739959e+01 5.805666631984016113e-02 9.983036830967167985e-01 4.379476150895495086e-03 -3.067364562059791524e+02 -1.099056207319158533e-02 -3.747462374393840164e-03 9.999325797627900414e-01 -6.816235831031666192e-01
9.982080577709540048e-01 -5.897806085727805292e-02 1.011245463053933591e-02 -5.404531701064936300e+01 5.894115396451436034e-02 9.982538019321355316e-01 3.909897360245223261e-03 -3.067132245074325283e+02 -1.032539444626028036e-02 -3.306851304716353687e-03 9.999412237546656534e-01 -6.840362347311008673e-01
9.982475629692908470e-01 -5.815746403201903919e-02 1.093217285061475440e-02 -5.400275054689400633e+01 5.811601876440638387e-02 9.983015328402754518e-01 4.071595722943273724e-03 -3.067242660788600119e+02 -1.115039859585345745e-02 -3.429126145302224902e-03 9.999319525372883932e-01 -6.853005339248238181e-01
9.982313562495945813e-01 -5.842028929720786273e-02 1.101041318595546124e-02 -5.401223217165937029e+01 5.838276120244329653e-02 9.982874157285639427e-01 3.699836802220990341e-03 -3.067242086865988426e+02 -1.120770246184930007e-02 -3.050474785207325443e-03 9.999325387290445288e-01 -6.864687066222669998e-01
9.982226319274590809e-01 -5.847731218812098064e-02 1.148830131349769072e-02 -5.404161246907760585e+01 5.844696868144390323e-02 9.982861271586432883e-01 2.959759204181866901e-03 -3.067095658239046543e+02 -1.164169058886768519e-02 -2.283042235596927701e-03 9.999296269030056861e-01 -6.857459951778485108e-01
9.982614711154489395e-01 -5.775068069858156627e-02 1.178533687554521141e-02 -5.408040348182369428e+01 5.772165081998280323e-02 9.983288199390427664e-01 2.788961407697289514e-03 -3.067444842777888994e+02 -1.192670587528363996e-02 -2.103843617805994503e-03 9.999266610751995632e-01 -6.882306760960449354e-01
9.981683150107226732e-01 -5.959254635175334491e-02 1.042800690298860064e-02 -5.400868854895284699e+01 5.956175847408560348e-02 9.982193683342975854e-01 3.238766701981535094e-03 -3.067698474325437132e+02 -1.060244481849723606e-02 -2.611723873107812868e-03 9.999403817539733730e-01 -6.852140338727441549e-01
9.980783476233813234e-01 -6.103877457857766198e-02 1.067145741340896729e-02 -5.396549199643834527e+01 6.100956382983721560e-02 9.981325459178959081e-01 3.042022477251468508e-03 -3.067813629099091486e+02 -1.083721028095212431e-02 -2.385115805307540856e-03 9.999384311525996161e-01 -6.852136686569375579e-01
9.980778640741382324e-01 -6.106323132874319493e-02 1.057634269953841751e-02 -5.396380356621758523e+01 6.103992624204191558e-02 9.981321622870593657e-01 2.512769891037666160e-03 -3.067885437758799299e+02 -1.071002565691147636e-02 -1.862360827466269519e-03 9.999409117355770871e-01 -6.867728487965168993e-01
9.981382462886524420e-01 -6.006453183835953891e-02 1.059685381855149204e-02 -5.397743614047236349e+01 6.003266018204327786e-02 9.981909558332843213e-01 3.300818701660475016e-03 -3.068023395745175321e+02 -1.077594577196394968e-02 -2.658516065904258270e-03 9.999384037454744911e-01 -6.898258149693151653e-01
9.981841662573411877e-01 -5.918347418250185371e-02 1.121100427371038606e-02 -5.401741579770983748e+01 5.914902522039293398e-02 9.982434410652040180e-01 3.380116237248726157e-03 -3.067926719192491305e+02 -1.139135850604633925e-02 -2.710858533599366967e-03 9.999314417485821727e-01 -6.882604074799447691e-01
9.982175886203860093e-01 -5.869770199918007691e-02 1.078079537495264112e-02 -5.407638431657491651e+01 5.866836930336916806e-02 9.982729672582143499e-01 3.017496439598334017e-03 -3.067768548526108816e+02 -1.093929669515264491e-02 -2.379626335164648342e-03 9.999373326195601930e-01 -6.886667391614966771e-01
9.982372711493334716e-01 -5.843546852521484813e-02 1.037528344528456867e-02 -5.407280565175818055e+01 5.840631434462818794e-02 9.982881077664267355e-01 3.091332528709685428e-03 -3.067825159046531667e+02 -1.053816554281576147e-02 -2.479901281354392542e-03 9.999413968611498005e-01 -6.880727999835302144e-01
9.981999695389708327e-01 -5.917167056097467903e-02 9.774160599275083169e-03 -5.409934178965725948e+01 5.913732236752138743e-02 9.982427500232256001e-01 3.766846063667353417e-03 -3.068237731925850085e+02 -9.979875530122153671e-03 -3.182047939779463798e-03 9.999451368226721648e-01 -6.892670008353598554e-01
9.982966238317435570e-01 -5.763244638522592445e-02 9.074798609089999163e-03 -5.408532051137913044e+01 5.758540908258149432e-02 9.983261829860003989e-01 5.362184759419534076e-03 -3.068305123380173995e+02 -9.368644882434312010e-03 -4.830474951444039405e-03 9.999444459592795598e-01 -6.936344855220580863e-01
9.982493192865542486e-01 -5.830671830492031166e-02 9.930918610107902084e-03 -5.410354968130196340e+01 5.826072958391361606e-02 9.982895754488663176e-01 4.859108814576999606e-03 -3.068117690435332179e+02 -1.019725121196626665e-02 -4.272019502827410949e-03 9.999388810907834380e-01 -6.913912481313635450e-01
9.982210758158014396e-01 -5.877344400926870494e-02 1.001828710072522576e-02 -5.412183565904027915e+01 5.871966677797614553e-02 9.982589145630083038e-01 5.580343086896406499e-03 -3.068237403972449329e+02 -1.032882038892067589e-02 -4.982145599382296723e-03 9.999342446854194710e-01 -6.966801612639385022e-01
9.982411254541729839e-01 -5.833349256037685671e-02 1.057634614097304263e-02 -5.413519724350566520e+01 5.827570739271676487e-02 9.982842989476946594e-01 5.692135134360413497e-03 -3.068076158506482329e+02 -1.089024241528221103e-02 -5.065779329765723697e-03 9.999278676484212314e-01 -6.955602664554630943e-01
9.983274593564515076e-01 -5.691437508167242199e-02 1.015075386137812702e-02 -5.415513907014764072e+01 5.686045942637552725e-02 9.983668559584308877e-01 5.523502285566168381e-03 -3.068045872304476802e+02 -1.044854289903707906e-02 -4.937087475416788995e-03 9.999332243297784917e-01 -6.983959174647904611e-01
9.982702569382279068e-01 -5.794049669818006343e-02 9.969601539245805805e-03 -5.417787634096657712e+01 5.789135604533993118e-02 9.983096094602333936e-01 5.149228542938990259e-03 -3.067812118132634396e+02 -1.025109787850886182e-02 -4.563167948254694302e-03 9.999370442635681089e-01 -6.997014229546466568e-01
