1.000000000000000000e+00 0.000000000000000000e+00 0.000000000000000000e+00 0.000000000000000000e+00 0.000000000000000000e+00 1.000000000000000000e+00 0.000000000000000000e+00 0.000000000000000000e+00 0.000000000000000000e+00 0.000000000000000000e+00 1.000000000000000000e+00 0.000000000000000000e+00
9.999806655329669391e-01 -5.396312764911268336e-03 -3.090043492886310108e-03 9.550950742764774404e-02 5.402844711993004014e-03 9.999831796295464148e-01 2.109437602921023468e-03 5.332367452450962469e-02 3.078608332146614938e-03 -2.126091843214600666e-03 9.999930009276123410e-01 7.002078707379011391e-03
9.999380194977364189e-01 -9.934692663282319869e-03 -5.025837704365205931e-03 2.730613101887540584e+00 9.944274065053982509e-03 9.999487776981235143e-01 1.885044654124581106e-03 7.793792671371749248e-02 5.006852930093838756e-03 -1.934906125648818949e-03 9.999855936772397147e-01 -1.834722577322445147e-02
9.999707908493725705e-01 -2.998466013120168559e-03 -7.030408924731462554e-03 7.967325075513033816e+00 3.021362061421290022e-03 9.999901597142653031e-01 3.248360499140500249e-03 9.777413380742783211e-02 7.020599644943775232e-03 -3.269507028090849581e-03 9.999700103025185305e-01 -5.768345211415348839e-02
9.999877184265197894e-01 -4.935966286157609725e-03 -4.463551790968074847e-04 1.352114081033253612e+01 4.936513922173020250e-03 9.999870536539245958e-01 1.234242617745612671e-03 1.661353668882369905e-01 4.402572204780558392e-04 -1.236430897860055353e-03 9.999991387057365344e-01 -9.391201447024755122e-02
9.999821839142630786e-01 3.728132786461161707e-03 4.661853707271743433e-03 1.652612020642014556e+01 -3.746099253170742313e-03 9.999855675597694171e-01 3.851157300307081737e-03 1.055702938334324575e-01 -4.647428799549653371e-03 -3.868552454449633669e-03 9.999817176866088175e-01 -1.231987243028462853e-01
9.991368392879951266e-01 3.964441033864608138e-02 -1.240552725588621452e-02 2.242172505414023220e+01 -3.950844340943120148e-02 9.991584688082367771e-01 1.101985064072764572e-02 -1.570116668883222988e-01 1.283196309842171527e-02 -1.052021566704906819e-02 9.998623234152589356e-01 -1.134786693481031339e-01
9.325390384790321896e-01 3.610681726551587256e-01 -8.464089241867018762e-04 2.702315515047050098e+01 -3.609655905095905948e-01 9.323251183579013279e-01 2.176502118051317630e-02 -2.242788420884219924e+00 8.647784725870267045e-03 -1.999120742701988168e-02 9.997627555800152610e-01 -1.790669331472634074e-01
9.429873444412391059e-01 3.326970523811815239e-01 9.356257827450250447e-03 2.710081475036000143e+01 -3.328264929434414654e-01 9.425090280760827222e-01 3.005424412703897735e-02 -2.053317455858171492e+00 1.180600961230926851e-03 -3.145478233833007287e-02 9.995044786540073778e-01 -2.036093063059448705e-01
8.000010262074003231e-01 5.999747262439604212e-01 5.355925278773729890e-03 2.604174936676164975e+01 -5.999959662224267909e-01 7.999389902164396604e-01 1.012187968314014024e-02 -4.251354742877387238e+00 1.788458532789348812e-03 -1.131104769631290606e-02 9.999344286582440011e-01 -2.104924767290331511e-01
7.407037045136435349e-01 6.717800828373682309e-01 8.339209961655718803e-03 2.590257243040012725e+01 -6.717863746409361569e-01 7.407409237455538920e-01 -2.439412915428374774e-03 -4.533104808172632616e+00 -7.815943100705999638e-03 -3.795285444214047729e-03 9.999622527084930379e-01 -2.204940830918596939e-01
7.356730491214328316e-01 6.773332726374822199e-01 2.191477714447682707e-03 3.123194834162768529e+01 -6.773368046607586290e-01 7.356685461239664825e-01 2.577459175891060224e-03 -9.520858237847448891e+00 1.335976346449980687e-04 -3.380535763503044258e-03 9.999942770484360199e-01 -2.310030382832937157e-01
7.360491050718146466e-01 6.769241928967871802e-01 2.313437704979745373e-03 3.635626434581617872e+01 -6.769258481286315465e-01 7.360334031948883027e-01 5.121085498623419510e-03 -1.426750299640782416e+01 1.763819240835483087e-03 -5.335396178794180044e-03 9.999842111200063499e-01 -2.452571703313806140e-01
7.379067874866028776e-01 6.746756924224356355e-01 1.750094384623980884e-02 3.998778914124625317e+01 -6.745840565962424318e-01 7.381071108796363189e-01 -1.158634778841901788e-02 -1.755327558022367995e+01 -2.073459831681356488e-02 -3.256213018804708214e-03 9.997797124914152844e-01 -3.063839840102825507e-01
7.363675691338592566e-01 6.765285851725375554e-01 8.478005209742340079e-03 4.008810631964948357e+01 -6.765222047829796415e-01 7.364111825098237363e-01 -4.034440489053930413e-03 -1.766159444372535958e+01 -8.972712157853257250e-03 -2.764727640916610826e-03 9.999559223873842884e-01 -2.625884604459337579e-01
7.332975344993341027e-01 6.799041210211118624e-01 -2.260998829703736012e-03 4.004304471373554009e+01 -6.798742190536382068e-01 7.332902657274646963e-01 7.512153855604303265e-03 -1.772293061510981360e+01 6.765512796812933778e-03 -3.971449087468281042e-03 9.999692272408897686e-01 -2.288311282014803272e-01
7.393397854505281419e-01 6.733226933136726711e-01 -3.637625432853579602e-03 4.141502882296423849e+01 -6.733283324115060253e-01 7.393434506514482418e-01 -4.677079756755389908e-04 -1.885827925671361172e+01 2.374536145837289735e-03 2.795111381030438834e-03 9.999932744426135445e-01 -2.526390094511695716e-01
7.432026791019584744e-01 6.689915060877004160e-01 -1.000712537058376546e-02 4.481617208705483790e+01 -6.690513070616708191e-01 7.432031279114599265e-01 -4.411256248792069096e-03 -2.191911589388507053e+01 4.486233915201792016e-03 9.973737771426592624e-03 9.999401973418836631e-01 -3.004209181084017688e-01
7.534193744563948414e-01 6.574338679882222314e-01 -1.183027538903705551e-02 4.990218472439056541e+01 -6.574794367179198629e-01 7.534724864556388013e-01 4.947165275642165672e-05 -2.627374017689339780e+01 8.946311352860119789e-03 7.740889897328883870e-03 9.999300186196908857e-01 -3.329162815188462243e-01
7.661171742456814870e-01 6.426925213924687963e-01 -3.286072428277895044e-03 5.582867138383534922e+01 -6.426988324114367712e-01 7.661177077166876348e-01 -1.367018618815221296e-03 -3.129252943305695212e+01 1.638945633226465562e-03 3.159251354261570239e-03 9.999936664739892400e-01 -3.937892567455367754e-01
7.801285861742648375e-01 6.256037516937417164e-01 -4.397146854315563819e-03 6.127852402917962138e+01 -6.256150129895949874e-01 7.801298183841008926e-01 -1.822632716487994180e-03 -3.571255287446332005e+01 2.290099511470775756e-03 4.172808970608525916e-03 9.999886714905936724e-01 -4.087243660777195586e-01
7.831345902598185749e-01 6.217985340133309613e-01 -8.172920986962400880e-03 6.535028497269588854e+01 -6.218073476071503958e-01 7.831683423944969524e-01 1.723349302056358112e-03 -3.891106831151469692e+01 7.472349051492076753e-03 3.732367871565453812e-03 9.999651161064190275e-01 -4.241894308733180630e-01
7.830983093853869370e-01 6.215166516423162868e-01 -2.177359798180703715e-02 6.699026447862448208e+01 -6.214572658116573889e-01 7.833814332795564495e-01 1.021747340429307593e-02 -4.018712688515979892e+01 2.340736225312149005e-02 5.530074519563961573e-03 9.997107149911715895e-01 -3.787951101154629630e-01
7.827137169029005914e-01 6.223123269747491415e-01 -9.306184358783759977e-03 6.696446036323709450e+01 -6.223409002723413463e-01 7.827462891570331482e-01 -2.250757794341209602e-04 -4.017810856661321850e+01 7.144313841003903896e-03 5.967789051851564094e-03 9.999566711980945044e-01 -4.254412801616795914e-01
7.789256317574051458e-01 6.270454082995483569e-01 -9.429534547396497754e-03 6.696572180362709048e+01 -6.270659951279760058e-01 7.789655498338187156e-01 9.539005493592558243e-04 -4.018691688515497162e+01 7.943421522839834784e-03 5.169922876513418676e-03 9.999550859673457248e-01 -4.209186836151249667e-01
7.734417888017958154e-01 6.337736215493405822e-01 -1.089935609621792319e-02 6.696086181487206090e+01 -6.337995659754458444e-01 7.734961934760127278e-01 1.322439962940379684e-03 -4.020296949956944133e+01 9.268738016358432294e-03 5.885176832675159501e-03 9.999397257781253989e-01 -4.228383001881715897e-01
7.694810371646606528e-01 6.384812599619875684e-01 -1.551174140294117945e-02 6.694429647791585580e+01 -6.385490138403704385e-01 7.695807960494419619e-01 7.451680335395521491e-04 -4.019968341528513633e+01 1.241331412192627978e-02 9.331614504484966183e-03 9.998794080304137522e-01 -4.249667432136684520e-01
7.690937632175161021e-01 6.389546749785410817e-01 -1.522191522072362420e-02 6.691603101128808362e+01 -6.390114502553826403e-01 7.691959127713051680e-01 1.419231634381332369e-03 -4.017292989876072085e+01 1.261545965999730755e-02 8.635455922295398254e-03 9.998831327103090416e-01 -4.255764943681428214e-01
7.732159910060624197e-01 6.339262209110690938e-01 -1.657038605234776793e-02 6.693786688252465922e+01 -6.340137728078285573e-01 7.733217534421095163e-01 -3.928364838807643460e-05 -4.016658092798100199e+01 1.278933706244798560e-02 1.053622772304994674e-02 9.998627009559221124e-01 -4.285136748802690354e-01
7.687363583801961608e-01 6.393172615353130972e-01 -1.782835963692385589e-02 6.692689272514030563e+01 -6.394056815889266332e-01 7.688689652574666189e-01 9.426641573992032216e-04 -4.017188624151850718e+01 1.431033389393556593e-02 1.067489423372520486e-02 9.998406177871268508e-01 -4.307506506351026498e-01
7.655500148095388813e-01 6.427813118122011060e-01 -2.766514070272286380e-02 6.773112835483465233e+01 -6.428321883505812018e-01 7.659632215623841667e-01 8.192730569092927795e-03 -4.086150464412300920e+01 2.645661440015969687e-02 1.151209793045841930e-02 9.995836729137392851e-01 -4.144135173646577019e-01
7.660193883933396064e-01 6.422232575198816296e-01 -2.763302564046089815e-02 6.993238817386701101e+01 -6.422282117856069616e-01 7.664499464403803364e-01 9.869325620348253642e-03 -4.268196189510442196e+01 2.751764147154137086e-02 1.018661386774513851e-02 9.995694134504886641e-01 -3.800582154002101198e-01
7.635396733540859016e-01 6.452758011393537885e-01 -2.502613990014394482e-02 7.324259143154149854e+01 -6.452510381459340971e-01 7.639033990314538780e-01 1.013384032765063045e-02 -4.548879444874881983e+01 2.565667527039967866e-02 8.410553617756435715e-03 9.996354323461693614e-01 -3.095494916654042417e-01
7.153033274130288222e-01 6.984116099234789488e-01 -2.371440313278938561e-02 7.764025095772640839e+01 -6.982041010346458076e-01 7.156849075861018150e-01 1.749703837441643484e-02 -4.978143450561560002e+01 2.919217515451898518e-02 4.041803751808870429e-03 9.995656460344066740e-01 -1.881218151022452378e-01
4.420896110377575683e-01 8.969568650230970164e-01 -5.015785125249691730e-03 8.188943315158584824e+01 -8.968686285705492756e-01 4.421167347886753030e-01 1.262758511287326302e-02 -5.743302557306780187e+01 1.354396169763211373e-02 -1.084023864409074849e-03 9.999076887362130517e-01 -6.298062629008249758e-02
-5.914895986322957905e-02 9.982446099854394017e-01 3.016485059925782825e-03 8.197478469313881533e+01 -9.981597364056266075e-01 -5.918383837177926959e-02 1.320658526015184610e-02 -6.535114449553597638e+01 1.336192971649725024e-02 -2.229778150804003368e-03 9.999082392518078288e-01 -4.510100604807687485e-02
-6.293441433472655167e-01 7.771038350009308315e-01 5.964801869561948099e-03 7.531755072154776087e+01 -7.771266755164132345e-01 -6.293283472079871377e-01 -4.467840783991874724e-03 -7.456170237119962962e+01 2.818426945808768938e-04 -7.447216077820122300e-03 9.999722293830897168e-01 -1.562181326389936453e-01
-7.504451718723018638e-01 6.605967898768367874e-01 -2.106953293193978075e-02 7.461592008752839433e+01 -6.608693331788285663e-01 -7.504332878773899429e-01 1.007992605633430301e-02 -7.406837770046368519e+01 -9.152512077146192013e-03 2.148864002092628483e-02 9.997271977258244124e-01 -2.742104584649401877e-01
-7.749102700462889848e-01 6.318675481654136838e-01 -1.604602605683253316e-02 7.393008860411154615e+01 -6.320041287592371715e-01 -7.742082796380602705e-01 3.423917305007400519e-02 -7.259653753393321551e+01 9.211656097873759802e-03 3.667344155249091520e-02 9.992848463159197392e-01 -3.629048867972263226e-01
-7.543019424329715505e-01 6.563951019838091261e-01 -1.319279096746899839e-02 7.330799136772780855e+01 -6.564261569862018808e-01 -7.536796707218187397e-01 3.273613240713275918e-02 -7.142420035070885831e+01 1.154469861767155880e-02 3.335302133714112410e-02 9.993769538575082434e-01 -2.840985238002234903e-01
-7.666886017356238092e-01 6.417596403145209294e-01 -1.825245276808412295e-02 7.304538734103400088e+01 -6.419750448106082974e-01 -7.659928201832333361e-01 3.351180789146645383e-02 -7.118972448275708587e+01 7.525278007630811609e-03 3.741074031763555463e-02 9.992716380943647003e-01 -2.810278994006434328e-01
-7.363736747876007405e-01 6.765481510818521782e-01 -6.034098734076822658e-03 7.316078419239306641e+01 -6.762066524652035060e-01 -7.356491573943719775e-01 3.955856906858892796e-02 -7.131394043895090817e+01 2.232429711343952156e-02 3.321018657999052354e-02 9.991990338594777254e-01 -2.315843509971782233e-01
-7.144826292229630171e-01 6.996032435300241215e-01 -8.359077754874317048e-03 7.356755566261122681e+01 -6.994584558283595266e-01 -7.139509395632226418e-01 3.212358116708807776e-02 -7.158429432003558190e+01 1.650579016132026552e-02 2.879856835089189548e-02 9.994489488473585759e-01 -1.635465859922340393e-01
-7.273792768738912562e-01 6.850213114787732094e-01 -4.080674447094427559e-02 7.388130407612128181e+01 -6.856142711198759399e-01 -7.279646414421245826e-01 7.429985196992304041e-04 -7.189893528956979196e+01 -2.919689728682019550e-02 2.851812809319865041e-02 9.991667816530348523e-01 -2.110404126228163646e-01
-7.252675976464187935e-01 6.876908760716748947e-01 -3.268288194093704052e-02 7.457551799673117898e+01 -6.881415347840393881e-01 -7.255670470138810835e-01 3.699782780595048219e-03 -7.243150975601759001e+01 -2.116931527612667813e-02 2.517378110909770234e-02 9.994589240361065885e-01 -2.016320381449977495e-01
-7.282926199796529998e-01 6.845317070880651000e-01 -3.172068212180851471e-02 7.546752721418484100e+01 -6.848320619895590378e-01 -7.286985472661368091e-01 -1.863889307645677030e-03 -7.305276661850155051e+01 -2.439070631003865952e-02 2.036588331797610160e-02 9.994950346261739504e-01 -1.740739766327157323e-01
-7.496943190940447144e-01 6.612810652511789122e-01 -2.580272579367009003e-02 6.749500065903265522e+01 -6.613583433784596677e-01 -7.500407588955497751e-01 -6.633373130457807451e-03 -8.071969736074208868e+01 -2.373962008577576444e-02 1.209184583321497829e-02 9.996450458550421025e-01 -4.733650046998213456e-01
-8.581454588968245867e-01 5.131279603865736005e-01 -1.691353435192836929e-02 5.717231955991012882e+01 -5.129432460845164687e-01 -8.583049106798203987e-01 -1.420938419444705766e-02 -8.787118166330164115e+01 -2.180820192125777074e-02 -3.518035306944958251e-03 9.997559831061483271e-01 -8.355647627960923751e-01
-8.741533000837282685e-01 4.848335703153658915e-01 -2.814990316116697255e-02 5.714902657849518164e+01 -4.848643185709335945e-01 -8.745675509704309292e-01 -6.179916368963255489e-03 -8.800548534344183338e+01 -2.761522278513140263e-02 8.246689325906289558e-03 9.995846095182188140e-01 -8.290792970504368142e-01
-8.954169798598784480e-01 4.443594778163832970e-01 -2.780443585771463777e-02 5.206857979470474618e+01 -4.445897698571399936e-01 -8.957310948861196831e-01 2.396287230062185431e-03 -8.967100563075452158e+01 -2.384048483127310450e-02 1.450724401340801328e-02 9.996105097257359517e-01 -1.040907156902500574e+00
-8.754562352557232474e-01 4.824873952671523414e-01 -2.796951126128319892e-02 5.166624153127698094e+01 -4.828722038423405860e-01 -8.756470937671383403e-01 8.752253058842021302e-03 -8.942683198912132525e+01 -2.026856946895021216e-02 2.116791405602817810e-02 9.995704600007941920e-01 -1.070391439661239730e+00
-8.419681669162061288e-01 5.385895085412161221e-01 -3.179539572163729566e-02 5.158658052476634737e+01 -5.391610119076454266e-01 -8.421052572298100003e-01 1.281167376419298232e-02 -8.936968882571345318e+01 -1.987483681664586541e-02 2.792985920564796873e-02 9.994122842082063807e-01 -1.069930187748913131e+00
-8.095717387206941007e-01 5.862871565090143067e-01 -2.934228991280827051e-02 5.164101150742118307e+01 -5.867679065197074495e-01 -8.096787140996026810e-01 1.112671615951139718e-02 -8.946014365624732534e+01 -1.723437678689749078e-02 2.622498897214009181e-02 9.995074918229370775e-01 -1.061875958194445690e+00
-7.874570515040457686e-01 6.157646388303495977e-01 -2.730021250254641152e-02 5.181865802528700726e+01 -6.160838637781216320e-01 -7.876679953287271108e-01 4.449935622643968851e-03 -8.974114200594733859e+01 -1.876339065243329621e-02 2.032335358532259481e-02 9.996173750342028930e-01 -1.051308753659061956e+00
-8.741097139134746952e-01 4.852255445284733293e-01 -2.209929815968137215e-02 3.805398821142723165e+01 -4.855822525602107032e-01 -8.740580842983829424e-01 1.524274487068778307e-02 -9.831964944312876753e+01 -1.191990103380179133e-02 2.405485833855076222e-02 9.996395749217098503e-01 -1.466829827017309462e+00
-9.022890270553209913e-01 4.304283879706782834e-01 -2.461533027456692252e-02 3.775673328406928420e+01 -4.309660835321005301e-01 -9.020534422339471226e-01 2.382902009923638584e-02 -9.792455728132640047e+01 -1.194765669766335685e-02 3.210903584430092189e-02 9.994129593499296860e-01 -1.505664483387156638e+00
-9.271381371279625583e-01 3.737914913248254756e-01 -2.635897752293910740e-02 3.735345465570163981e+01 -3.745342398516215421e-01 -9.265967104567903734e-01 3.380294882733378414e-02 -9.541136281359358406e+01 -1.178888721041398448e-02 4.121234261502604995e-02 9.990808600681537754e-01 -1.612687629929679067e+00
-9.218432833197565124e-01 3.865340302745103873e-01 -2.822063851147902508e-02 3.706983234620422962e+01 -3.873840701334845815e-01 -9.211835089700018964e-01 3.680387219479003963e-02 -9.327090886741392239e+01 -1.177043776021802039e-02 4.485962819126843026e-02 9.989239563417597889e-01 -1.731627255446028801e+00
-9.237045177851274103e-01 3.821642592292973095e-01 -2.684106538623682800e-02 3.661159240308789009e+01 -3.829458620281879222e-01 -9.230737814393515928e-01 3.587841655849188793e-02 -9.123238695847157942e+01 -1.106483523753829142e-02 4.341973038814307684e-02 9.989956438514571158e-01 -1.801095082837504524e+00
-9.390181098869769816e-01 -1.374024354574158724e-01 3.152230322084039749e-01 3.332007436595061023e+01 3.415318042999532233e-01 -2.659957306843239722e-01 9.014445617503781261e-01 -9.474615123041311904e+01 -4.001269743354225750e-02 9.541314594897726264e-01 2.967021099621782732e-01 -3.772268944173544636e+00
-9.520738793454011084e-01 2.985760187872680826e-01 -6.639043058562167643e-02 3.370323101361051954e+01 -3.048494623854964281e-01 -9.439806350814550218e-01 1.263620428549919184e-01 -9.725810546161423531e+01 -2.494260514607673368e-02 1.405450874145303675e-01 9.897600440774365627e-01 -1.711272103494307251e+00
-9.717860726363972690e-01 2.352720570875859174e-01 -1.669994561977647049e-02 3.366432326109204354e+01 -2.358268060104845854e-01 -9.704517412408313337e-01 5.107969742991834428e-02 -9.726011683961304755e+01 -4.188865815590878637e-03 5.357683339293650010e-02 9.985549440700620671e-01 -1.678194348943171654e+00
-9.320467090904618335e-01 3.619693509663018949e-01 -1.634383781965243615e-02 3.391330725772972698e+01 -3.623350659942080054e-01 -9.312761223191545756e-01 3.792207733197461988e-02 -9.781619519526893214e+01 -1.493996189350275299e-03 4.126709293412336027e-02 9.991470337323495876e-01 -1.656384454951919105e+00
-9.520298214387679092e-01 3.050454363248436551e-01 -2.421778001085886020e-02 3.508090655676394931e+01 -3.058477749024331449e-01 -9.510939866406429299e-01 4.332859521423940846e-02 -9.846921406317177627e+01 -9.816194705643606355e-03 4.865706889440282040e-02 9.987673062170721039e-01 -1.622736105429741560e+00
-9.521112908624904669e-01 3.045564168818549189e-01 -2.700886425321835649e-02 3.532986085556193956e+01 -3.054905506179607100e-01 -9.512293473509694230e-01 4.287484368932757695e-02 -9.889776640269576546e+01 -1.263381554788858482e-02 4.907257558285463284e-02 9.987153093000864512e-01 -1.600565455451005814e+00
-9.415520615145380745e-01 3.355936118802840817e-01 -2.926846635663507210e-02 3.561033469604993940e+01 -3.365838162304686243e-01 -9.407665541739883563e-01 4.086104745762933477e-02 -9.942255240650345627e+01 -1.382208773877132736e-02 4.832409557090361352e-02 9.987360670756796344e-01 -1.580673428995143848e+00
-9.427379694442490354e-01 3.326367247244327863e-01 -2.445261402665779502e-02 3.598554002125165141e+01 -3.333708597170690346e-01 -9.420350829790949954e-01 3.786518622787885674e-02 -9.999882761595043235e+01 -1.043986875573600821e-02 4.384873773749545928e-02 9.989836321678107200e-01 -1.544943474855293486e+00
-9.109910798839415680e-01 4.118125816747398305e-01 -2.248666151914443731e-02 3.705199755898635061e+01 -4.123263944322841934e-01 -9.106147482849638042e-01 2.770784474448702989e-02 -1.014034880538451660e+02 -9.066246542154791574e-03 3.451344347204488017e-02 9.993631098821584846e-01 -1.467309854728561236e+00
-9.252791371166695367e-01 3.788277744159470606e-01 -1.865571622030836457e-02 3.768201358036971982e+01 -3.790284321979988102e-01 -9.253449101547850386e-01 8.616544328202985908e-03 -1.036749956679404789e+02 -1.399878573874489655e-02 1.504375557144148334e-02 9.997888374132548606e-01 -1.363135225242022353e+00
-9.926490597741971511e-01 1.189737554189783109e-01 -2.220562205632602842e-02 3.802108241948879197e+01 -1.191492789816752385e-01 -9.928533958795182635e-01 6.751563423048877535e-03 -1.039098119904285227e+02 -2.124366841085087443e-02 9.347716941246199743e-03 9.997306270893357993e-01 -1.352495342973471404e+00
-9.844147103970799506e-01 1.732719637301645410e-01 -3.007498194391087024e-02 3.821078038818010469e+01 -1.741860260657960291e-01 -9.842241485643664634e-01 3.101699060439839367e-02 -1.027690053243148611e+02 -2.422614862581018436e-02 3.577222341202822981e-02 9.990662849655774780e-01 -1.392854897804269854e+00
-9.615058306771361307e-01 2.733018417129162714e-01 -2.850685689793492142e-02 3.824886489572672588e+01 -2.741362308038864382e-01 -9.611835653846457772e-01 3.123268472447494892e-02 -1.029580184592134771e+02 -1.886437209422908018e-02 3.784517077234906407e-02 9.991055392273144875e-01 -1.386496080684381349e+00
-9.578267423747566234e-01 2.862316701289717158e-01 -2.528562055679222861e-02 3.898898383190678629e+01 -2.867202378951049235e-01 -9.578380394903375228e-01 1.837920799928193655e-02 -1.039297081874917268e+02 -1.895881782013220107e-02 2.485399606674913026e-02 9.995113016401454553e-01 -1.319269697275409658e+00
-9.662982746037362958e-01 2.563215663998346106e-01 -2.380964292420886114e-02 3.922953989320216550e+01 -2.568302499379777615e-01 -9.662168919155207369e-01 2.152069919650873367e-02 -1.044164843317713149e+02 -1.748905985577865752e-02 2.691045104501098989e-02 9.994848475139160859e-01 -1.297373119260797125e+00
-9.711179131028753186e-01 2.377068924634679337e-01 -2.062600606221416666e-02 3.915075558793362376e+01 -2.382720831917378435e-01 -9.706837725372415848e-01 3.161373284410184947e-02 -1.043004349966826538e+02 -1.250652718330432130e-02 3.561526369732521957e-02 9.992873159254971327e-01 -1.317235988000043712e+00
-9.801992560789277720e-01 1.959345887146895226e-01 -2.861914267624114661e-02 3.907461477565500019e+01 -1.970699639562230598e-01 -9.793788304834580849e-01 4.450321007687776942e-02 -1.039652169119643901e+02 -1.930926432079979257e-02 4.926198682614469498e-02 9.985992233951173080e-01 -1.328518908617109417e+00
-9.933435673046345782e-01 9.621125527537255362e-02 -6.333996884149020734e-02 3.906468772560790370e+01 -9.969085311674238947e-02 -9.935370570581242289e-01 5.427568569016549133e-02 -1.025303845833814904e+02 -5.770867438574506930e-02 6.022881877157015146e-02 9.965150266253001154e-01 -1.523876055546353303e+00
-9.995976400979033061e-01 -2.529284371461763825e-02 -1.283861236782600675e-02 4.492846487722609794e+01 2.415226971093870426e-02 -9.963123119976471376e-01 8.233131135669617684e-02 -9.736079731162001849e+01 -1.487366056199474797e-02 8.198810290969731074e-02 9.965223154564862851e-01 -1.669079381408530960e+00
-9.719025963876124496e-01 2.341634531019830545e-01 -2.393366596185816583e-02 4.469930115783866853e+01 -2.353500144538447358e-01 -9.684406834692474986e-01 8.205494072992659815e-02 -9.682874917265634451e+01 -3.964067556628406500e-03 8.538219857190415540e-02 9.963403867832697491e-01 -1.648638151667801921e+00
-9.622736818509739498e-01 2.677505582335354961e-01 -4.836320690981255055e-02 4.488368597185731090e+01 -2.705377177944353062e-01 -9.604901920156885264e-01 6.532942899064912712e-02 -9.770429703036023739e+01 -2.896039480997589927e-02 7.594886179065447884e-02 9.966910584153725328e-01 -1.564233960032426651e+00
-9.574926849604543655e-01 2.774078697780551495e-01 -7.907358618667932604e-02 4.488284514380132606e+01 -2.820725347844008080e-01 -9.577898137097831111e-01 5.544148152856039763e-02 -9.834037627763201783e+01 -6.035597209492674781e-02 7.538929989713617774e-02 9.953258813541909777e-01 -1.551872427193793369e+00
-9.639140332494620100e-01 2.546732136217262910e-01 -7.753251426555325676e-02 4.497380319666332582e+01 -2.588207006496276441e-01 -9.646792026079029636e-01 4.904978053993894888e-02 -9.865616427985071368e+01 -6.230233880033311800e-02 6.734679145559128999e-02 9.957825205639264654e-01 -1.517340361992099318e+00
-9.706527912684754789e-01 2.230103705067519593e-01 -8.999740801356138908e-02 4.499266853737296401e+01 -2.277910226662976656e-01 -9.725861393579269265e-01 4.677019907468055182e-02 -9.860152968218442027e+01 -7.709999218781078689e-02 6.589822588874616471e-02 9.948432112797254145e-01 -1.510296623211470957e+00
-9.723184893697077724e-01 2.103633346889539346e-01 -1.017055684235297353e-01 4.488809957793368710e+01 -2.157020641850969089e-01 -9.754410313111692155e-01 4.458042104882662532e-02 -9.848059239510223506e+01 -8.982969851946774609e-02 6.528446869773461836e-02 9.938151555549740168e-01 -1.551855722594512876e+00
-9.675489161686465778e-01 2.277545144478704264e-01 -1.094393712038455035e-01 4.468437345565546792e+01 -2.327679376783047815e-01 -9.718919954107209103e-01 3.528507397690901215e-02 -9.832097485555755156e+01 -9.832691396493192793e-02 5.961401181921842374e-02 9.933669954175808892e-01 -1.665102563112130341e+00
-9.552888871337200660e-01 2.790234947450420666e-01 -9.782142658478781838e-02 4.453426940727651129e+01 -2.836243522942645812e-01 -9.582400916222552079e-01 3.651237589408232176e-02 -9.803743473570965250e+01 -8.354860204981534588e-02 6.262440569007739211e-02 9.945339687046830246e-01 -1.699244099677529540e+00
-9.577608802720486425e-01 2.776351231605594383e-01 -7.491885348917505516e-02 3.743745023424846607e+01 -2.814752754479660224e-01 -9.584369059362454202e-01 4.658719406498242760e-02 -1.001536155484247104e+02 -5.887075277251956062e-02 6.570719691919371663e-02 9.961007974803656184e-01 -2.199545211331753958e+00
-9.561026926766454936e-01 2.889986911908162259e-01 -4.844994887988984117e-02 2.961167141594315666e+01 -2.915032206881563170e-01 -9.548907176875862657e-01 5.665324000018173711e-02 -1.025574722715203251e+02 -2.989169424607316522e-02 6.828963145369446042e-02 9.972176356498209104e-01 -2.496308363958173793e+00
-9.504178964607759017e-01 3.071442554211301634e-01 -4.866444748349995492e-02 2.946646394953637582e+01 -3.093601489184815145e-01 -9.497621171647160354e-01 4.741538842961166844e-02 -1.017212583264365122e+02 -3.165628449786331983e-02 6.011927445167335182e-02 9.976891061303594377e-01 -2.483023413043315308e+00
-9.467712410291490022e-01 3.178261761160682264e-01 -5.109539055104618532e-02 2.421534211432806671e+01 -3.203612040992031007e-01 -9.458166794977729275e-01 5.291037414265333666e-02 -1.035535508026940903e+02 -3.151057073800239694e-02 6.646300143120874304e-02 9.972912079089644166e-01 -2.659811954440519433e+00
-9.472817106824963362e-01 3.179777899853197809e-01 -3.933809454582315457e-02 1.963895587704991286e+01 -3.198589050055684058e-01 -9.456664233261625752e-01 5.835491994803593263e-02 -1.051538593067630103e+02 -1.864514668976830283e-02 6.786118824154817319e-02 9.975205349442000102e-01 -2.818010888306030637e+00
-9.506533148747139395e-01 3.075890786288505985e-01 -4.058612602816182025e-02 1.963571639418699277e+01 -3.093935307319412020e-01 -9.496092786315143419e-01 5.017829289800580100e-02 -1.051364645652884917e+02 -2.310666698038428557e-02 6.025924530882809799e-02 9.979152796183996532e-01 -2.792754024499498833e+00
-9.980846093501455352e-01 4.125430558301408646e-02 -4.609983567467235838e-02 1.976794837857980625e+01 -4.216494733296569791e-02 -9.989307721882888513e-01 1.895862842393213760e-02 -1.035552653114297357e+02 -4.526841939781799107e-02 2.086611238759583653e-02 9.987569151495533371e-01 -2.923194843458143843e+00
-8.840983481267621347e-01 -4.642321617641180787e-01 -5.346597818562111998e-02 1.213535142748453310e+01 4.628782236542392514e-01 -8.856841390094392086e-01 3.615737786128425668e-02 -9.974182531912082084e+01 -6.413938654389539362e-02 7.218441031259975431e-03 9.979148426608613898e-01 -3.497771560792745760e+00
-7.392732532699907155e-01 -6.713710027187179685e-01 -5.230710953654620077e-02 6.015472996798570726e+00 6.700319180030473998e-01 -7.411126765249790305e-01 4.253503909882502820e-02 -9.394594781414861018e+01 -6.732225380037308582e-02 -3.602416195412907422e-03 9.977247800575036463e-01 -4.082172957152313764e+00
-7.058706799900184015e-01 -7.066878539848047147e-01 -4.836176341678698892e-02 5.699214894490800987e+00 7.053862493198720385e-01 -7.075155899278459115e-01 4.303404790970630223e-02 -8.803602822685640206e+01 -6.462834053936859779e-02 -3.737250246314945557e-03 9.979024053281587703e-01 -4.422370812205219437e+00
-6.686607196194023217e-01 -7.418162453387662225e-01 -5.100490358347391923e-02 -6.134801138851988522e-01 7.407797463857401787e-01 -6.705190208170154209e-01 4.061539199944780992e-02 -8.101950093041412515e+01 -6.432891560364974171e-02 -1.062548229902004863e-02 9.978721810648760737e-01 -5.088958365317455268e+00
-6.608146192352862824e-01 -7.488127515817006863e-01 -5.102452423655591540e-02 -3.696689382905764543e-01 7.475998517212836258e-01 -6.627159850122908979e-01 4.361175203432252068e-02 -8.035961195162217052e+01 -6.647180388133253071e-02 -9.326643438653685336e-03 9.977447133465208173e-01 -5.100213757343894372e+00
-6.893754574522266143e-01 -7.224313475390534700e-01 -5.342683553647589734e-02 -1.610232451287612943e+00 7.210805168768824602e-01 -6.914005336332529339e-01 4.481283602072735905e-02 -7.768698715126905086e+01 -6.931354011375616408e-02 -7.632180852217686738e-03 9.975657286476611318e-01 -5.294199587018778352e+00
-7.128572832867446918e-01 -6.991278467524056905e-01 -5.526977076474386130e-02 -1.375308919233511507e+00 6.975692532363584331e-01 -7.149785147767455662e-01 4.693463909424985814e-02 -7.740902190527421567e+01 -7.233001178149194021e-02 -5.096793402136296988e-03 9.973677316279619953e-01 -5.297536013713941117e+00
-7.245719238700342180e-01 -6.868197627802485883e-01 -5.722010655146746866e-02 -1.405619128353486902e+00 6.850416927325886363e-01 -7.268201412176917842e-01 4.950112663731701806e-02 -7.722500686778242596e+01 -7.558707797862607158e-02 -3.331032089021372135e-03 9.971336409267698153e-01 -5.330606633267234606e+00
-7.345493053278577822e-01 -6.762936864682311811e-01 -5.535492467316830562e-02 -1.456650599976307525e+00 6.746885178684524087e-01 -7.366257147247429193e-01 4.666862182164902700e-02 -7.721563885957482398e+01 -7.233755524506164936e-02 -3.066928344758950570e-03 9.973754920047398498e-01 -5.327399604158525648e+00
-7.386601918215983664e-01 -6.713987467840705214e-01 -6.004035172165142487e-02 -5.794072987876377034e+00 6.699166326176011488e-01 -7.410642135579696976e-01 4.511692283391217917e-02 -7.323112737332660060e+01 -7.478520147979172972e-02 -6.895955371647292421e-03 9.971758217281144754e-01 -5.777632118764508107e+00
-7.407852143484962015e-01 -6.696695122154989743e-01 -5.272580593702431984e-02 -8.346900007385011477e+00 6.687445016401892817e-01 -7.426111277792535326e-01 3.618707537836318017e-02 -7.090518275554222782e+01 -6.338815132709763045e-02 -8.453242424126702209e-03 9.979531476797161016e-01 -6.018626503178821530e+00
-7.397327177599517523e-01 -6.698885006628689798e-01 -6.359955153245640258e-02 -8.353677582927428347e+00 6.684747022889778734e-01 -7.424000635738666753e-01 4.453894930485485792e-02 -7.091758683403126895e+01 -7.705244107189379577e-02 -9.567773260918297287e-03 9.969811327400790457e-01 -6.045462069964411711e+00
-7.398461517429661960e-01 -6.701608416270794510e-01 -5.926312597905228352e-02 -8.376291604051209205e+00 6.688913388504097446e-01 -7.421672783269939178e-01 4.209641067368988937e-02 -7.092789677718400299e+01 -7.219451891958220124e-02 -8.495724241467782906e-03 9.973543874208324889e-01 -6.044379899038841764e+00
-7.390756906433288975e-01 -6.710248443295177001e-01 -5.909976135851830598e-02 -8.387169849295014856e+00 6.697668523473432334e-01 -7.413852759430625827e-01 4.195516787668080588e-02 -7.094108075756449239e+01 -7.196865287622275509e-02 -8.575016465059275353e-03 9.973700326838613739e-01 -6.041832328698043320e+00
-7.384563186841605065e-01 -6.715230271618366498e-01 -6.114809389377417331e-02 -8.403240938813834049e+00 6.702068798467049060e-01 -7.409264112857701923e-01 4.302082362453937131e-02 -7.094087897322462766e+01 -7.419571147702555547e-02 -9.212874176581828389e-03 9.972011428733048577e-01 -6.042425611691988330e+00
-7.379934937258071370e-01 -6.717436239435875533e-01 -6.423477959418932848e-02 -8.388149974960672495e+00 6.705379608628426746e-01 -7.406852914031422097e-01 4.200169211999096874e-02 -7.094083878759678896e+01 -7.579212531838427913e-02 -1.207488261553401297e-02 9.970505257756722139e-01 -6.040520046340168037e+00
-7.373196156242245447e-01 -6.726746163254164745e-01 -6.219843219246557614e-02 -8.415429727663433113e+00 6.713514564821972952e-01 -7.398731161656609823e-01 4.330119922757454803e-02 -7.093664423856822054e+01 -7.514656542369717307e-02 -9.830184472777721977e-03 9.971240450306342318e-01 -6.042007183740675913e+00
-7.379633719288961613e-01 -6.717832265110238454e-01 -6.416664452636906824e-02 -8.397336685191399752e+00 6.704503198863039914e-01 -7.406689965322164060e-01 4.365553962914545810e-02 -7.092331261019587885e+01 -7.685330347933239103e-02 -1.080435812063517027e-02 9.969838692726757934e-01 -6.037256399012205677e+00
-7.384267080665302130e-01 -6.711498163790821092e-01 -6.545166757503682875e-02 -8.417445279698023697e+00 6.698855382620885202e-01 -7.412222516646250758e-01 4.292946848651763014e-02 -7.091677563217120905e+01 -7.732633730715118836e-02 -1.214485947010977840e-02 9.969318632419734705e-01 -6.041018153806993141e+00
-7.377583447490279056e-01 -6.717955107803533776e-01 -6.635824325989961303e-02 -8.412145208997362289e+00 6.706314849637445841e-01 -7.406108963312707516e-01 4.181999056329663983e-02 -7.091887054452664074e+01 -7.724011994098214928e-02 -1.364888020157418655e-02 9.969190899670578032e-01 -6.038627455816849121e+00
-7.384134342062916856e-01 -6.712537634712766321e-01 -6.452894861470515053e-02 -8.441917307240345281e+00 6.700925991913846413e-01 -7.411198339779098143e-01 4.144032086615106331e-02 -7.093195319465451121e+01 -7.564065502496049309e-02 -1.264028125492982178e-02 9.970550208474916465e-01 -6.043774278071583517e+00
-7.390009988519634643e-01 -6.708277663354749176e-01 -6.219028548864324879e-02 -8.455773601909916337e+00 6.695911737469623093e-01 -7.415379986225871800e-01 4.206015500414865549e-02 -7.087351648914059865e+01 -7.433157966817269258e-02 -1.055956969606504023e-02 9.971776731114013748e-01 -6.048730714114390672e+00
-7.399356802570018488e-01 -6.698117630883607676e-01 -6.202734164117128246e-02 -8.448955229110278964e+00 6.684382070431320599e-01 -7.424759115487129524e-01 4.381648245660983015e-02 -7.088970468798522973e+01 -7.540260239256411923e-02 -9.040066281275743396e-03 9.971121926614174846e-01 -6.044452628658916638e+00
-7.393638543206376701e-01 -6.703440056543482628e-01 -6.308728086877136987e-02 -8.418896022387087896e+00 6.690642426020299016e-01 -7.419746341535556899e-01 4.273969517988161076e-02 -7.085843948761475986e+01 -7.545946060967688440e-02 -1.060925803159958741e-02 9.970924297418551907e-01 -6.045926734934674585e+00
-7.389982776992862767e-01 -6.709634707357017280e-01 -6.074180188133207481e-02 -8.409066449364553719e+00 6.695756156770573675e-01 -7.414448197693140896e-01 4.390984090086209879e-02 -7.087367158453558602e+01 -7.449859359866252417e-02 -8.221932592239983989e-03 9.971872238332532001e-01 -6.046444957342030690e+00
-7.394172384991782865e-01 -6.704436852129951330e-01 -6.137925030715742081e-02 -8.397863696807423395e+00 6.690222206899888446e-01 -7.419147660727042348e-01 4.440437035158015244e-02 -7.087286116269491743e+01 -7.530880183142868445e-02 -8.230725442120943522e-03 9.971262906600204534e-01 -6.043313453079210085e+00
-7.394619408562640439e-01 -6.704186104839690019e-01 -6.111403064626513837e-02 -8.409113550266331671e+00 6.689362505204885512e-01 -7.419454493119087557e-01 4.518011714172369409e-02 -7.087545507630048292e+01 -7.563286828276227780e-02 -7.472413404974460882e-03 9.971077335339587622e-01 -6.041578720478581133e+00
-7.378501291494946601e-01 -6.720929850016111873e-01 -6.219490675046965289e-02 -8.384007364814321406e+00 6.705089144542131230e-01 -7.404312035982456575e-01 4.668434829239587885e-02 -7.091524733771080946e+01 -7.742727265962209837e-02 -7.256186993034128424e-03 9.969715969870031058e-01 -6.034010629814120286e+00
-7.383258325588225590e-01 -6.715515867206164335e-01 -6.239736652572341197e-02 -8.395281887065580761e+00 6.699874482203572734e-01 -7.409195361316237571e-01 4.642262601009780609e-02 -7.090196187536461991e+01 -7.740661601889281540e-02 -7.530428375767451478e-03 9.969711673087551240e-01 -6.036562525589911132e+00
-7.383214460911944332e-01 -6.717121884072094762e-01 -6.069743146959796776e-02 -8.400182586808469409e+00 6.701939438181085951e-01 -7.407795211438663596e-01 4.567032650850833680e-02 -7.091481422569252402e+01 -7.564072918301331661e-02 -6.959669465020345940e-03 9.971108479450017104e-01 -6.035910614772519445e+00
-7.383530641628284208e-01 -6.716113087756545585e-01 -6.142477159921680419e-02 -8.404536375574952700e+00 6.700731877398450331e-01 -7.408686968294136976e-01 4.599453370182426254e-02 -7.091797579935868612e+01 -7.639813946376423914e-02 -7.198887618196676309e-03 9.970514030397511496e-01 -6.033833254448595085e+00
-7.381115356269416505e-01 -6.721374528086836442e-01 -5.850303843642593038e-02 -8.403122064743927311e+00 6.708641947334360589e-01 -7.403816531831943770e-01 4.214546066159476773e-02 -7.089849639201545983e+01 -7.164211889033383907e-02 -8.139543081477556424e-03 9.973971900097415855e-01 -6.041893184391057936e+00
-7.388927546658925483e-01 -6.709621931715947785e-01 -6.202606255932847923e-02 -8.395676046586958208e+00 6.698102683063484886e-01 -7.414050617636749330e-01 4.089913034011905674e-02 -7.090791936089517833e+01 -7.342820693457366432e-02 -1.132562252440021122e-02 9.972361950414799781e-01 -6.035605899725588586e+00
-7.379508041160171006e-01 -6.722702495058713312e-01 -5.900273157946433339e-02 -8.374564247468452294e+00 6.710132379638727995e-01 -7.402557578457806819e-01 4.198389516716098668e-02 -7.091765471373545893e+01 -7.190163545958319635e-02 -8.609564767320599527e-03 9.973745686615209660e-01 -6.034855050086495254e+00
-7.369989730574927345e-01 -6.734559658204957167e-01 -5.735482379874920489e-02 -8.456212541060683208e+00 6.722524672704734972e-01 -7.391810064955371962e-01 4.108600595099169001e-02 -7.083462084728321884e+01 -7.006521220236537617e-02 -8.276577615657511322e-03 9.975080773116626887e-01 -6.051718051986368252e+00
-7.369114153750304652e-01 -6.733870225888367589e-01 -5.925777332056882812e-02 -8.432192859533074625e+00 6.723403370734334361e-01 -7.392080438651555951e-01 3.911443504681667849e-02 -7.084652513948685737e+01 -7.014297565652283240e-02 -1.101751759662797370e-02 9.974761036095335376e-01 -6.047761220408196081e+00
-7.359891668588606217e-01 -6.744953281889374264e-01 -5.810334342960870452e-02 -8.439110409504834820e+00 6.733212714076440841e-01 -7.382231508215852944e-01 4.080496368144533037e-02 -7.084394620391667274e+01 -7.041599062992853764e-02 -9.090205847446103382e-03 9.974762936637929789e-01 -6.049459894910100388e+00
