1.000000000000000000e+00 0.000000000000000000e+00 0.000000000000000000e+00 0.000000000000000000e+00 0.000000000000000000e+00 1.000000000000000000e+00 0.000000000000000000e+00 0.000000000000000000e+00 0.000000000000000000e+00 0.000000000000000000e+00 1.000000000000000000e+00 0.000000000000000000e+00
9.999998798543402456e-01 -1.971851912489597876e-04 -4.487864808129471373e-04 -6.691587637461836498e-03 1.971566779320115339e-04 9.999999785435653710e-01 -6.357761384555982295e-05 -1.033812462288486410e-03 4.487990077475347071e-04 6.348912495532759424e-05 9.999998972742855097e-01 -9.420406105300482835e-04
9.999998654194677261e-01 -2.493163735009669402e-04 -4.549751556017446377e-04 -3.842084127294414370e-02 2.492635737096704843e-04 9.999999621938988614e-01 -1.161028486730696937e-04 7.827385552702166224e-03 4.550040847420923134e-04 1.159894243146521300e-04 9.999998897588620039e-01 1.587088964367655564e-04
9.999992574222307251e-01 -9.844037910442836933e-04 -7.184038997986021092e-04 -2.914460685853220712e-02 9.848533854847733859e-04 9.999993192571134948e-01 6.257388584110725079e-04 2.608505259872694049e-02 7.177874310458340129e-04 -6.264459162641689179e-04 9.999995461732559265e-01 -2.752069696313363956e-03
9.999997795479108609e-01 -4.388998638552858342e-04 -4.982680392332202498e-04 -4.357581142980401084e-02 4.387770465920023412e-04 9.999998733387385208e-01 -2.465709042434262224e-04 3.594897702821291119e-02 4.983761960582647026e-04 2.463522213076893260e-04 9.999998454658632907e-01 1.063716934500580358e-03
9.999992503654571152e-01 -1.160030917453659313e-03 3.919142685923681702e-04 -1.989896069629354738e-02 1.160169379268696918e-03 9.999992646091269144e-01 -3.532537578754465775e-04 3.566127810272677612e-02 -3.915041951013499902e-04 3.537081799979466647e-04 9.999998608074847084e-01 -1.055804119262093721e-04
9.999973853759978049e-01 -1.886808988194216144e-03 -1.291972526681479201e-03 -1.624493768975758881e-02 1.887390654620469668e-03 9.999981180110243395e-01 4.491446614215837980e-04 4.317594660511822613e-02 1.291122645019257206e-03 -4.515819439500565191e-04 9.999990645375941289e-01 -4.650671036679487891e-03
9.999729538937830453e-01 -2.082576087961926416e-03 -7.053676897874619316e-03 8.854369716262645851e-02 2.086510356229559927e-03 9.999976717378432634e-01 5.504483868804771300e-04 4.289092700875210551e-02 7.052514124417455683e-03 -5.651510692918510761e-04 9.999749710111718315e-01 -2.457961860564239487e-03
9.999965723411127216e-01 -2.061756339253524670e-03 -1.613836058239078060e-03 1.346750213930395956e+00 2.064384146710713727e-03 9.999965434233730743e-01 1.628330249457119773e-03 5.344571215868003378e-02 1.610473259676862114e-03 -1.631656245670487634e-03 9.999973720334348615e-01 -1.044257395787950848e-02
9.999778627572527556e-01 -1.383141451297667697e-03 6.508526343371933039e-03 3.400523807798629505e+00 1.379503844523904173e-03 9.999988897996344717e-01 5.633548099300795609e-04 6.570361916825152859e-02 -6.509298316993011868e-03 -5.543638016950326163e-04 9.999786606304135184e-01 -2.108282065814626183e-02
9.999837559181024016e-01 -1.202617303256086267e-03 5.571499936868944125e-03 6.249187243197817487e+00 1.210318612212492881e-03 9.999983166003085788e-01 -1.379103116648943989e-03 7.614146958743260585e-02 -5.569832024536614315e-03 1.385824004456504954e-03 9.999835280958617734e-01 -4.911463603062882211e-02
9.999930707419499853e-01 -9.124470562930632423e-04 3.609142343345559962e-03 1.036450149581251345e+01 9.298183707342765102e-04 9.999879784421327189e-01 -4.814396017632465233e-03 7.308178907471153674e-02 -3.604706074357910510e-03 4.817718504293541301e-03 9.999818976774185186e-01 -1.011873828880314186e-01
9.999894217166317434e-01 -1.010018077778907994e-03 4.487350924400035010e-03 1.616642327192882078e+01 1.051745034085353227e-03 9.999561433967192325e-01 -9.306186949747233261e-03 8.119219531289405267e-02 -4.477754707376327241e-03 9.310808055315535417e-03 9.999466278587761936e-01 -1.635346832604230860e-01
9.999405086221379024e-01 -1.256681029789350076e-04 1.090703552886411291e-02 2.166553846553840756e+01 2.865050674748519815e-04 9.998912328898820201e-01 -1.474585720798817466e-02 6.427583358067359698e-02 -1.090399611822755882e-02 1.474810487757525698e-02 9.998317839872735702e-01 -2.633254838690037847e-01
9.999520459517499127e-01 -1.150477976681295528e-03 9.725337903369993958e-03 3.106795294799325546e+01 1.088453795184144519e-03 9.999790521829020618e-01 6.380475195543604781e-03 8.648024435735779392e-02 -9.732474774963615488e-03 -6.369583644977852219e-03 9.999323513813045405e-01 -4.407314110636738613e-01
9.998929253771331460e-01 -1.610734622632405437e-03 1.454452868725050925e-02 3.893951986340243110e+01 1.389713819138077349e-03 9.998836065294723907e-01 1.519348837878035235e-02 1.049894448400765234e-01 -1.456730847684968057e-02 -1.517164880923264556e-02 9.997787828295566781e-01 -5.825695843758778025e-01
9.999755703010076990e-01 -1.378872617243435570e-03 6.852555105930067426e-03 4.835011225206509522e+01 1.302709604214310948e-03 9.999374711884694289e-01 1.110660438188367134e-02 1.238944232499028936e-01 -6.867441216456084997e-03 -1.109740616153189439e-02 9.999148392876389124e-01 -7.467083264394126507e-01
9.999944086219341166e-01 -2.048347516666347134e-03 2.643292893206176768e-03 5.599613981563878440e+01 2.044681621527709523e-03 9.999969452168385731e-01 1.388824703664494169e-03 1.175402784536025980e-01 -2.646129614152395275e-03 -1.383412245821455302e-03 9.999955420743751322e-01 -8.254388744397640476e-01
9.999967064597112820e-01 1.651424438443937267e-03 1.964654436326945201e-03 5.588316609090073683e+01 -1.669406235628255637e-03 9.999564097613271585e-01 9.186493349328030480e-03 -1.424624358875563324e-01 -1.949397996950476015e-03 -9.189742899608931495e-03 9.999558732628598401e-01 -8.158212835586178269e-01
9.998980416918001879e-01 1.320216857671992813e-03 1.421841230066525456e-02 6.551558548581571984e+01 -1.294383916896351240e-03 9.999974952998589295e-01 -1.825914643184501848e-03 -1.653384475750165061e-01 -1.422078729109856748e-02 1.807324391810783597e-03 9.998972461145015922e-01 -9.172208059406191660e-01
9.999977635905119566e-01 1.150892581208528501e-03 1.774333745710483714e-03 7.296464393496115974e+01 -1.162718388574500786e-03 9.999770234913507583e-01 6.678366216913797504e-03 -1.555403482003092641e-01 -1.766606895582193467e-03 -6.680414331825831539e-03 9.999761252972151349e-01 -9.970615115208917301e-01
9.999757710152773482e-01 2.343735152813338103e-04 6.957187036225818445e-03 8.153529216811564595e+01 -3.163482136143131286e-04 9.999305165136440632e-01 1.178397507484160028e-02 -1.428355324791541481e-01 -6.953941774953037447e-03 -1.178589045478023109e-02 9.999063633560786313e-01 -1.091984195908298538e+00
9.994021052566083307e-01 -3.294623261112231138e-02 1.048702843483678183e-02 8.917816763320172413e+01 3.306477793254370551e-02 9.993888898237047735e-01 -1.133875465888477263e-02 -9.253437877766025610e-02 -1.010705045652909514e-02 1.167872654344776634e-02 9.998807203248757380e-01 -1.150965949347495076e+00
7.201277605722579134e-01 -6.923820570923825413e-01 4.497883357431244067e-02 9.723818298821254302e+01 6.935767017963376802e-01 7.201295642058230806e-01 -1.909893929110872968e-02 3.773778824284804934e+00 -1.916682494569547229e-02 4.494994742212963384e-02 9.988053539345134180e-01 -1.182113457840364923e+00
2.741277256949601338e-01 -9.615971127167766141e-01 1.360083894719657516e-02 9.982968585240860193e+01 9.615976563504247121e-01 2.738736045657176876e-01 -1.797765344952527780e-02 9.558229371712604561e+00 1.356234886289977605e-02 1.800670810947433212e-02 9.997458782892684193e-01 -1.139104701592286162e+00
7.947212419156599039e-02 -9.968233833360283791e-01 5.227227849823965627e-03 1.004138198981754471e+02 9.968266258535588564e-01 7.949422302662645379e-02 4.164912340198409155e-03 1.471270488660545972e+01 -4.567216426759453107e-03 4.879645469360554925e-03 9.999776645476659009e-01 -1.103707911837227718e+00
1.810294899420652592e-03 -9.999716249976943194e-01 7.312457305712446315e-03 1.005300060080252535e+02 9.999966385718433992e-01 1.823817199376427407e-03 1.842969298998063362e-03 1.960273272237639475e+01 -1.856253590143818128e-03 7.309096407490811229e-03 9.999715653118916858e-01 -1.106595477433542696e+00
-4.749132431985794711e-02 -9.988114808367657416e-01 1.096356981158703829e-02 1.003737095458010629e+02 9.988061689421731115e-01 -4.761102711822050998e-02 -1.092826517829638237e-02 2.392792762454315891e+01 1.143726354532304500e-02 1.043148337560543919e-02 9.998801794001015431e-01 -1.112128347130902917e+00
-6.550132116838973395e-02 -9.978084979687710243e-01 9.369007765018840320e-03 1.002643968856875460e+02 9.977378892692279067e-01 -6.563320267825392684e-02 -1.453915481660981307e-02 2.536744051871420780e+01 1.512221021483247524e-02 8.395480182857214049e-03 9.998504061461982451e-01 -1.114388973911349723e+00
-6.570599621134086410e-02 -9.978027137408040925e-01 8.512726552791402904e-03 1.002590171634012108e+02 9.978389958757247769e-01 -6.570150241068729857e-02 8.067779769563680758e-04 2.537185418608905252e+01 -2.457063306636282553e-04 8.547340666299290540e-03 9.999634406296727951e-01 -1.112466443643128855e+00
-6.671679384074322150e-02 -9.977363473784840453e-01 8.429148204489160870e-03 1.002514956746574342e+02 9.977709476570321145e-01 -6.672633603484150189e-02 -8.556231377158170660e-04 2.540584043083081411e+01 1.416132479737326321e-03 8.353274759450373191e-03 9.999641080406800331e-01 -1.112999332017154508e+00
-6.744465106077648930e-02 -9.976778395538282718e-01 9.494604072643405418e-03 1.002436690191447610e+02 9.977158295998024284e-01 -6.747723294667232197e-02 -3.153791343551187905e-03 2.541414163769696444e+01 3.787137344783901398e-03 9.260210422374780606e-03 9.999499517944209215e-01 -1.115159812041201182e+00
-7.456167606406348403e-02 -9.971738771233795706e-01 9.209519273298147346e-03 1.001800329161572449e+02 9.971920784602905652e-01 -7.462118308577446457e-02 -6.295847117356092974e-03 2.620482968629094245e+01 6.965279503614780522e-03 8.714230752447121864e-03 9.999377715957274981e-01 -1.117009817605491229e+00
-7.772693759314736051e-02 -9.969375366876135347e-01 8.606457786122505282e-03 1.000217235945717391e+02 9.969217907463722161e-01 -7.780884051012082470e-02 -9.629510554391665367e-03 2.827482219577100153e+01 1.026967903284010074e-02 7.831492942210561969e-03 9.999165972274177694e-01 -1.109435488554237903e+00
-5.623836387305963802e-02 -9.984070313903821159e-01 4.543797874686122604e-03 9.980478427916129647e+01 9.983698027733247660e-01 -5.627952619492203323e-02 -9.505358574389945539e-03 3.153504499715674925e+01 9.745939628070613217e-03 4.001824773741800845e-03 9.999444994894696181e-01 -1.094754944001060437e+00
2.427804078728085235e-01 -9.700407752538431350e-01 -8.863853452965390553e-03 1.004817040475077334e+02 9.700805514345257619e-01 2.427812266155759957e-01 9.998657522938280990e-04 3.594116022022805623e+01 1.182066664346774487e-03 -8.841399660647420236e-03 9.999602153938131899e-01 -1.099308497665323792e+00
4.177295890637442444e-01 -9.084489655002414565e-01 -1.491534452086839928e-02 9.736142386658829651e+01 9.085505708948456993e-01 4.177748826447913455e-01 8.693549698659874597e-05 3.284192830653090311e+01 6.152279844509699232e-03 -1.358766030895953644e-02 9.998887562824390063e-01 -1.082963431532437237e+00
8.574500161678394461e-01 -5.145646564006480794e-01 -1.638339725092758997e-03 1.031345585812207304e+02 5.145181285324600395e-01 8.573197932476186445e-01 1.654894308756288054e-02 3.778531248941198584e+01 -7.110920139259803083e-03 -1.503284700724654040e-02 9.998617146013889512e-01 -1.187449643462650695e+00
9.363366059356620363e-01 -3.504843626252622801e-01 2.084399050202807857e-02 1.109465889551091209e+02 3.506488623181024944e-01 9.364950895858071833e-01 -4.724673183567285918e-03 4.106488498083130878e+01 -1.786437068316726329e-02 1.173280600856212164e-02 9.997715766730215226e-01 -1.351000410386392847e+00
9.554093900534377237e-01 -2.952255094615918174e-01 5.898810122556415528e-03 1.186591939740671791e+02 2.952393788461642465e-01 9.554219439698480310e-01 -1.618072744864001121e-03 4.349883022244539177e+01 -5.158156283953495812e-03 3.287482930747639975e-03 9.999812927648845662e-01 -1.442675211377630884e+00
9.551451015714167436e-01 -2.960324559481368190e-01 7.913278046604221502e-03 1.270209904136025614e+02 2.960369742352911282e-01 9.551762791620859172e-01 6.209763975129555750e-04 4.605521715951172723e+01 -7.742404648572045502e-03 1.749500324923315437e-03 9.999684967132065339e-01 -1.526992584315261636e+00
9.467499097904239491e-01 -3.219611545185230295e-01 2.371348334658389661e-03 1.346135625371916262e+02 3.219671170675855731e-01 9.467466378502575886e-01 -2.824755993117726051e-03 4.851768315698879519e+01 -1.335604362232359127e-03 3.437833668537159174e-03 9.999931987071984940e-01 -1.595282730334129262e+00
7.372966219938075216e-01 -6.731989445055087673e-01 5.654089062961372564e-02 1.428299700325010519e+02 6.754068456790470742e-01 7.363678488351824702e-01 -3.984951708271464860e-02 5.294757352835456032e+01 -1.480824116501626431e-02 6.756901892520142394e-02 9.976047031139558818e-01 -1.652210060394839086e+00
-1.378548425604722294e-01 -9.900824342147106494e-01 2.707057151411987328e-02 1.444579475275606342e+02 9.904174435067711890e-01 -1.380282423666401581e-01 -4.635936441301445263e-03 6.168526220653291148e+01 8.326462642622812355e-03 2.617207994504587923e-02 9.996227749762460757e-01 -1.701443882627146298e+00
-3.994435315497839589e-01 -9.167411016893547426e-01 5.533315138843159647e-03 1.415466296028940860e+02 9.167406719887990496e-01 -3.994656884525628060e-01 -3.701900950211459585e-03 6.970802293307720277e+01 5.604054296804693476e-03 3.593914649708938695e-03 9.999778389309078586e-01 -1.670243844530006960e+00
-4.692178599207302292e-01 -8.830344066998869756e-01 9.210674002994313422e-03 1.378833354666164155e+02 8.830824415350887469e-01 -4.691927755842222325e-01 4.851885406761042609e-03 7.705442037243945208e+01 3.719994893126848397e-05 1.041037577388905302e-02 9.999458098779202553e-01 -1.673453624457510891e+00
-5.639987397797878721e-01 -8.255615517432971506e-01 1.880281388546004712e-02 1.333807100650085431e+02 8.257584582214549940e-01 -5.639876962602518029e-01 6.391176947929958635e-03 8.441399910890515912e+01 5.328245727871845812e-03 1.913119834862459998e-02 9.998027840765439933e-01 -1.660790684893406643e+00
-6.814989625093343939e-01 -7.311984917861935607e-01 3.013187196802964013e-02 1.289127673063425732e+02 7.314971945211439230e-01 -6.818426118315724649e-01 -1.583381948742288749e-03 8.975796374990434856e+01 2.170296077489771575e-02 2.096230665496011739e-02 9.995446779375628532e-01 -1.594715730739856951e+00
-8.087305708401384408e-01 -5.875592436161963805e-01 2.699998203236503649e-02 1.229805831866948296e+02 5.878695203571608907e-01 -8.089421740994902077e-01 4.688922928759891792e-03 9.469725510301412896e+01 1.908640415651174926e-02 1.966454180381980998e-02 9.996244369622121484e-01 -1.504942791523023349e+00
-9.151223736991478397e-01 -4.024655336339537093e-01 2.392771179982011026e-02 1.158825492762986045e+02 4.028784681794017608e-01 -9.151151013284364311e-01 1.591512482089052147e-02 9.857203062418778927e+01 1.549132120435933735e-02 2.420424668076128633e-02 9.995870014210667120e-01 -1.408885919507889994e+00
-9.790990594351394183e-01 -2.009341363825679627e-01 3.147228382907812233e-02 1.091160291112600902e+02 2.012710327686624834e-01 -9.795037561410387950e-01 7.897029430903581768e-03 1.005058628932795557e+02 2.924043743623257544e-02 1.406643315799635009e-02 9.994734274990749734e-01 -1.285787126186916485e+00
-9.996606874861527769e-01 -2.090440705684618386e-02 1.554077412213198187e-02 1.032618062179379450e+02 2.110825650771386980e-02 -9.996917498405408775e-01 1.307083807421345958e-02 1.009438118899749099e+02 1.526274555635326498e-02 1.339444162178681473e-02 9.997937975061267357e-01 -1.155909357602864951e+00
-9.587079752400016197e-01 2.841006090622841818e-01 1.287874767423981270e-02 9.276229003752483493e+01 -2.839830773430283561e-01 -9.587747908836652400e-01 1.022311834852503848e-02 9.905517315583570337e+01 1.525221275754457678e-02 6.143638695698352102e-03 9.998648037157698010e-01 -1.027552182841099837e+00
-9.227696723914637911e-01 3.853514404130042315e-01 6.317326764976712245e-04 8.645772824654400779e+01 -3.853191276213751015e-01 -9.227112147693241617e-01 1.154053846321703193e-02 9.665398846867216776e+01 5.030069945283049612e-03 1.040584021312585504e-02 9.999332062121969456e-01 -9.955003226585841247e-01
-9.028360437848187425e-01 4.296554477128708416e-01 1.683075439874004778e-02 7.809101219948941264e+01 -4.296665273626106285e-01 -9.029821911536447532e-01 3.136514549332573322e-03 9.273494722816418800e+01 1.654549204869458154e-02 -4.399853408406676110e-03 9.998534332505193412e-01 -8.568712778486998749e-01
-9.009024737402983041e-01 4.335100409364696095e-01 2.106602040901366102e-02 7.168460057961395648e+01 -4.333315872428856186e-01 -9.011459024473650326e-01 1.264112336329563206e-02 8.965111645364413562e+01 2.446361187916049409e-02 2.259847248120394614e-03 9.996981668404922861e-01 -7.246144912588661224e-01
-9.055982076496935651e-01 4.232030436098663251e-01 2.812596986789344874e-02 6.221961966489072182e+01 -4.232981014695921806e-01 -9.059862047992117695e-01 2.777409901406724217e-03 8.517362624522547776e+01 2.665714902053728519e-02 -9.390452218447805505e-03 9.996005281177225976e-01 -4.962174975048903036e-01
-9.172307543311303268e-01 3.982137261526604299e-01 1.065699829977482214e-02 5.445324804798283935e+01 -3.982736621053195036e-01 -9.172571519217498359e-01 -4.172208242490862626e-03 8.168839719207204553e+01 8.113777317959281268e-03 -8.071279453387926808e-03 9.999345083882343888e-01 -3.930479393986866521e-01
-9.267905772144093834e-01 3.748470016262227533e-01 2.342971101858023000e-02 5.329433385797611322e+01 -3.748448727799054692e-01 -9.270758917756263262e-01 4.648896540537609916e-03 8.118075598278028338e+01 2.346374516568653854e-02 -4.473953537814730382e-03 9.997146774968050931e-01 -4.191560039373680713e-01
-9.314857892208426859e-01 3.630182708221297294e-01 2.349381895172648893e-02 5.337961495910216314e+01 -3.631971191131168619e-01 -9.317049584219276870e-01 -3.704472962187057346e-03 8.122578071787667398e+01 2.054451624055016537e-02 -1.198355128106227789e-02 9.997171186646428565e-01 -3.928172006431694951e-01
-9.328667068915538207e-01 3.599597137642466249e-01 1.373723553234901772e-02 4.447363738320531468e+01 -3.599557329674297756e-01 -9.329650396020769954e-01 2.846960515406023792e-03 7.779674998212763626e+01 1.384115158468475319e-02 -2.288962004335810211e-03 9.999015867452918371e-01 -2.655188185956465219e-01
-9.345007454374347766e-01 3.557351285170665123e-01 1.268365545994189908e-02 3.761803565986974007e+01 -3.556959908526696745e-01 -9.345867150178304161e-01 5.294733564523522798e-03 7.517119961400877060e+01 1.373749861576449745e-02 4.364070664819300256e-04 9.999055408790642474e-01 -1.773815508768171734e-01
-9.332462904725457031e-01 3.591423225696239174e-01 8.255510797698610917e-03 3.132611395492630280e+01 -3.591243967981939678e-01 -9.332827159622569813e-01 3.611053924768244973e-03 7.275294068702612549e+01 9.001607832397357650e-03 4.052473445017991762e-04 9.999594025914358975e-01 -8.061110473353583217e-02
-9.334632771683351038e-01 3.583185543551360985e-01 1.594126039556632499e-02 2.702191815562199295e+01 -3.583622861545581739e-01 -9.335825925918762591e-01 1.211260103065475046e-04 7.107554225583027119e+01 1.492588490618288258e-02 -5.599679837009181350e-03 9.998729226984247598e-01 -2.471599166216809085e-02
-9.332689575538669624e-01 3.580419285328893531e-01 2.854873515183936963e-02 2.490556375029057179e+01 -3.580292727739190495e-01 -9.336927851105725207e-01 5.729124666295441065e-03 7.024528424577428609e+01 2.870701487963077045e-02 -4.874468680018569956e-03 9.995759835309109276e-01 1.095557802242741463e-02
-9.331845872978897782e-01 3.588590574136690248e-01 1.966476396608846100e-02 2.450497391058095076e+01 -3.588489030888120102e-01 -9.333863743307893035e-01 4.164248501388734952e-03 7.007703589798387611e+01 1.984920103242271763e-02 -3.170666459556934977e-03 9.997979576357296505e-01 2.509092869893114752e-02
-9.319589145298087240e-01 3.619427314309137667e-01 2.121416490818608253e-02 2.305172434950357285e+01 -3.619015788009701251e-01 -9.321977478589048571e-01 5.882699053322767990e-03 6.949886731149013031e+01 2.190499691366417853e-02 -2.195005948976457618e-03 9.997576471620989169e-01 5.057115272730661193e-02
-9.308199139821458079e-01 3.649242618478674149e-01 2.011394663066925353e-02 2.081421140470290609e+01 -3.647968938787267135e-01 -9.310354883973279705e-01 9.805384295536073366e-03 6.863133262832310777e+01 2.230502075106612081e-02 1.789541712022143681e-03 9.997496104474133949e-01 8.834575794182886188e-02
-9.066989961315078395e-01 4.215104181587565058e-01 1.502989679764263516e-02 1.748903130623852675e+01 -4.211926834404067788e-01 -9.067421950132451558e-01 2.037928357014960612e-02 6.717518835096483087e+01 2.221832195254667963e-02 1.214739339090247644e-02 9.996793420909622085e-01 1.535417042362929863e-01
-7.603387638088756617e-01 6.495005945482574816e-01 -5.825970395790101841e-03 1.403567578053075238e+01 -6.494026962604537712e-01 -7.599877196054531936e-01 2.635913766717197168e-02 6.465980349271323746e+01 1.269260963102219163e-02 2.382527503228512242e-02 9.996355605571412006e-01 2.124808066588137478e-01
-3.951840256227253656e-01 9.183047787543306972e-01 -2.336491407171163714e-02 1.134736534918199347e+01 -9.185878702659623363e-01 -3.949091623973837173e-01 1.559096067731134683e-02 6.013682948139411621e+01 5.090235049799405297e-03 2.762402525986623267e-02 9.996054235224913764e-01 2.452890600618216066e-01
-2.812734191525814720e-01 9.591590425347908955e-01 -2.998657702974673323e-02 1.397199650594280307e+01 -9.595910878428084434e-01 -2.808525006151644243e-01 1.751619338971251855e-02 6.649865028756944696e+01 8.379010136837289000e-03 3.370169167791902537e-02 9.993968121658046710e-01 1.538307614609651930e-01
-5.746602844979898511e-02 9.983474449595065581e-01 1.863250752756173256e-04 1.299981169190903962e+01 -9.981867072171416444e-01 -5.746012330315179717e-02 1.793409504235386406e-02 5.672701604403287234e+01 1.791516422499472849e-02 8.446140025639050763e-04 9.998391538232425102e-01 2.188325524465275507e-01
-2.854801600270922071e-02 9.995021666035130981e-01 1.343241367714548620e-02 1.272520028469622666e+01 -9.994745975738231758e-01 -2.874839301665631577e-02 1.496859056841901015e-02 4.828661975546658169e+01 1.534729901168859281e-02 -1.299803269132489801e-02 9.997977353241006560e-01 3.140339042550231996e-01
-2.593584711550733085e-02 9.995795067172211779e-01 1.296694202037383670e-02 1.248427647273484986e+01 -9.996131937421780522e-01 -2.606262849903261125e-02 9.705786536156259248e-03 3.904913986801359727e+01 1.003965791075921848e-02 -1.271019853031806618e-02 9.998688194570096721e-01 3.995697554655220918e-01
-4.832289472059020374e-02 9.987792544971819675e-01 1.024200331370762537e-02 1.215382841422813698e+01 -9.987865898620013061e-01 -4.841569318690008145e-02 9.014907934504027068e-03 3.026525909371813583e+01 9.499776716240347987e-03 -9.793949116018533033e-03 9.999069120688454104e-01 4.513348309716257445e-01
1.666954409551477945e-01 9.834038190022389436e-01 -7.162093783651925227e-02 1.215527443756464976e+01 -9.859904209257915886e-01 1.658130154925587518e-01 -1.813653042469743487e-02 2.201667030810519776e+01 -5.959849608019378471e-03 7.364083558107077654e-02 9.972670191716814792e-01 4.539557704880641253e-01
8.216920574381932907e-01 5.695321946367337684e-01 -2.133640117865572006e-02 1.680086182068793477e+01 -5.698909185401691557e-01 8.206093303130885808e-01 -4.271613241560860696e-02 1.683782506070528484e+01 -6.819362758546838009e-03 4.725892799642925080e-02 9.988593945176643674e-01 4.072497791419079638e-01
9.948356545002705609e-01 1.014976913335511460e-01 4.890695037918878349e-04 2.690942650244254253e+01 -1.014988648108675617e-01 9.948225744046169661e-01 5.101558298900816385e-03 1.470150616368891150e+01 3.125900671686959395e-05 -5.124852088706803241e-03 9.999868673707386080e-01 3.215695359524535224e-01
9.992863479850270236e-01 3.751295459580963193e-02 4.424134745039593093e-03 3.608871746545325010e+01 -3.753779346922659493e-02 9.992791128534207479e-01 5.671743677539629359e-03 1.421169505900385310e+01 -4.208181580112585647e-03 -5.833768282575096595e-03 9.999741288430484820e-01 2.176030789990949232e-01
9.994721713363886595e-01 2.999105957006642856e-02 -1.248659561254413138e-02 4.406788567406267987e+01 -2.994535791930862806e-02 9.995441951647553447e-01 3.831116224752605711e-03 1.395614732430723670e+01 1.259580339680451549e-02 -3.455178476984284690e-03 9.999147001012040903e-01 2.461141239853139595e-01
9.994113163718200132e-01 3.338505818697623528e-02 -7.903075211587997848e-03 5.211499202574807299e+01 -3.330164863034962286e-02 9.993906048679848109e-01 1.046035850751761073e-02 1.370908370573177848e+01 8.247478793456143598e-03 -1.019101523192383202e-02 9.999140574579866714e-01 2.963211708683758383e-01
9.987429685943375324e-01 4.989654555679536724e-02 4.776758824848143653e-03 5.972050728360484584e+01 -4.993795317683642765e-02 9.987119341382297844e-01 8.981839588068160282e-03 1.338175931550638076e+01 -4.322443276686120661e-03 -9.209090692157665889e-03 9.999482532275073554e-01 3.059598676287150765e-01
9.977135720381277162e-01 6.717818273114573024e-02 7.397292468369835727e-03 6.590281736061797346e+01 -6.723815411502351291e-02 9.977034144669971738e-01 8.180916336278709622e-03 1.300001874916200961e+01 -6.830724860956880265e-03 -8.659591551435882537e-03 9.999391744861463316e-01 2.938481044184133584e-01
9.964897495864616372e-01 8.344978021162978432e-02 6.656812431176518767e-03 7.201549593301561458e+01 -8.346569182107529961e-02 9.965083343833609497e-01 2.148905146972598587e-03 1.250630182742532526e+01 -6.454243405883700047e-03 -2.696977406683102266e-03 9.999755342281756443e-01 2.416519321203721704e-01
9.958268650022077395e-01 9.125512982384435812e-02 1.164568894591659588e-03 7.589412275182033341e+01 -9.125123995165985991e-02 9.958232525447775485e-01 -3.043172428008168642e-03 1.214550467337653572e+01 -1.437409879419021498e-03 2.924204503003858743e-03 9.999946914263410092e-01 2.327583707836259341e-01
9.941007856431057776e-01 1.016490371832220185e-01 3.782989853919496021e-02 8.319398387117441018e+01 -1.019148360194628705e-01 9.947797429574765093e-01 5.160348882087594305e-03 1.144300579044559818e+01 -3.710787224953402547e-02 -8.985334784130797822e-03 9.992708689719366211e-01 2.105016968655456511e-01
9.947399684316765578e-01 1.022060907259113582e-01 6.805161502564881747e-03 8.341423736185858218e+01 -1.022627678892558678e-01 9.947204340739033146e-01 8.578131466449872775e-03 1.141905371214049403e+01 -5.892495920855618519e-03 -9.228924875324834645e-03 9.999400509217881705e-01 2.138477419168376414e-01
9.947369306589770588e-01 1.024566946738181827e-01 1.031745935548667109e-03 8.340502208182715549e+01 -1.024618431959151282e-01 9.946956141619410774e-01 9.066744503776858616e-03 1.142419990905405136e+01 -9.732448371072844587e-05 -9.124740189022378586e-03 9.999583639554338044e-01 2.114553400895989865e-01
9.948423890468460762e-01 1.014323927860479452e-01 -3.010801597637114942e-04 8.341624281596777735e+01 -1.014254474863847399e-01 9.948013403338623606e-01 9.119861410125322532e-03 1.142114454437587590e+01 1.224564311186978347e-03 -9.042287523091933898e-03 9.999583678726817748e-01 2.111227223692913046e-01
9.948760865635978279e-01 1.008926312501040312e-01 -6.499949486953821541e-03 8.380686948854290108e+01 -1.008302454344918025e-01 9.948601625189930076e-01 9.301539566406591061e-03 1.139065477183920727e+01 7.404997604487774908e-03 -8.598487780761729718e-03 9.999356139363981821e-01 2.138892947200214945e-01
9.946899710601053712e-01 1.019998399323614330e-01 -1.370744783763415409e-02 8.556032615469577252e+01 -1.018287229388631920e-01 9.947214907298056463e-01 1.265176133650247441e-02 1.121646491973068471e+01 1.492557057833811089e-02 -1.118876820960766280e-02 9.998260042671738290e-01 2.197159562317156922e-01
9.946286510467403641e-01 1.031935074204614472e-01 -8.058941816833538330e-03 8.870473168379659512e+01 -1.031303069615848722e-01 9.946364782109481384e-01 7.900379619595899669e-03 1.088536687296576311e+01 8.830985389701418234e-03 -7.026822780440266508e-03 9.999363167015483667e-01 2.384143466789404586e-01
9.945097158449578423e-01 1.046226348059454692e-01 -2.128233127582060142e-03 9.302847630230745324e+01 -1.046257416169867061e-01 9.945106741812574924e-01 -1.404681685879475899e-03 1.041679156078266644e+01 1.969589063486104283e-03 1.619637553583675371e-03 9.999967487412727563e-01 2.349033590935770688e-01
9.944920609318274041e-01 1.047645396077787894e-01 -3.151505091063555326e-03 9.840792224521314324e+01 -1.047654420837509787e-01 9.944969518366171268e-01 -1.221993270801143493e-04 9.843385819594645980e+00 3.121360050518307092e-03 4.516950847268025098e-04 9.999950265291250862e-01 2.174708533061537885e-01
9.943978415491770972e-01 1.057020541832508348e-01 -9.199881070643976051e-05 1.054844703490834519e+02 -1.057020592196278030e-01 9.943978439251993651e-01 -5.170732518933490349e-05 9.097228015344215990e+00 8.601784852128889004e-05 6.114211629793614379e-05 9.999999944312857325e-01 1.628907830688529623e-01
9.946424867047588547e-01 1.033745294714064761e-01 -1.740641870863579674e-04 1.135936632122114105e+02 -1.033746627967406795e-01 9.946400978678314742e-01 -2.180551566244031455e-03 8.242251537739589295e+00 -5.228227206979868199e-05 2.186863058881909159e-03 9.999976074454007824e-01 9.259145757741704674e-02
9.951023939129444162e-01 9.870528862926211677e-02 -5.337754709951543844e-03 1.221481251073131062e+02 -9.868446733509077251e-02 9.951106006323288122e-01 4.033412445724935368e-03 7.388271011877805883e+00 5.709775435064005922e-03 -3.486904900062246394e-03 9.999776197289114155e-01 1.210638919966093852e-01
9.960230458738101866e-01 8.909401901050056916e-02 -5.898006584786103131e-04 1.308106819971702350e+02 -8.909281794259706067e-02 9.960216655162706934e-01 1.819783845259701372e-03 6.573992176415247357e+00 7.495860906849835048e-04 -1.759999645699306028e-03 9.999981702592960486e-01 1.123464784731206256e-01
9.967516834601095610e-01 7.999313892679647819e-02 -9.336982600292059731e-03 1.383805722532228515e+02 -7.995689587126887654e-02 9.967895028391706713e-01 4.193069552527612862e-03 5.938559266234041623e+00 9.642423039408104177e-03 -3.432892989823863386e-03 9.999476180898926314e-01 1.309751401002910987e-01
9.349184361422689937e-01 -3.533395430722622854e-01 3.284334122438210823e-02 1.474707929300733724e+02 3.546606527864631930e-01 9.334981931415964329e-01 -5.288614909838625089e-02 6.722987021932064877e+00 -1.197243193241830615e-02 6.109247664697790847e-02 9.980603038748522282e-01 1.506206303375904332e-01
8.303340502865621531e-01 -5.572291480385554996e-01 6.406364877280750977e-03 1.472385108964372762e+02 5.572172167388915742e-01 8.300544685111713727e-01 -2.277175167619221660e-02 8.987371247409985386e+00 7.371451992570147820e-03 2.247789760774460827e-02 9.997201637531661911e-01 1.391743019724679398e-01
6.584436908022357482e-01 -7.526228509721566429e-01 -3.278755446040915959e-03 1.526990704349441330e+02 7.526247741719442885e-01 6.584491001405098354e-01 -8.554687515290513005e-04 1.449429524170251504e+01 2.802738903719755210e-03 -1.904394575018790404e-03 9.999942589514904112e-01 1.555057599038572880e-01
5.791650246014776737e-01 -8.151129492444432190e-01 1.259977191848921964e-02 1.579542984511838881e+02 8.152047937907775932e-01 5.791488510434465997e-01 -5.268065640590439795e-03 2.134675045948136685e+01 -3.003074908887576853e-03 1.332247383495758532e-02 9.999067422675019801e-01 1.400183856302662511e-01
4.842901902824406912e-01 -8.748308044024653007e-01 1.157908738784847215e-02 1.626071233413238417e+02 8.749056819693237230e-01 4.842203495857915763e-01 -8.408371115054016215e-03 2.888897249382379329e+01 1.749072323468681914e-03 1.420270099492284416e-02 9.998976067730417361e-01 1.185311863277832556e-01
2.979279562177374885e-01 -9.544698056542573195e-01 1.504403530469757694e-02 1.662021546889319552e+02 9.545339529256405831e-01 2.977057232539672693e-01 -1.536993994736457134e-02 3.760236135851214101e+01 1.019144818343538372e-02 1.893917728305355083e-02 9.997686942227016482e-01 1.734077004748094675e-01
9.323465284980815559e-02 -9.955202390176669525e-01 1.570838038072366882e-02 1.677004951580290992e+02 9.956276140844675382e-01 9.313053376717145282e-02 -7.235865719768656314e-03 4.607127506439823605e+01 5.740520921369222061e-03 1.631433070804162722e-02 9.998504333314560677e-01 2.141295613874197867e-01
-1.437855660282988945e-01 -9.894406721508655078e-01 1.824465114952630168e-02 1.672379552891137564e+02 9.895458467131666991e-01 -1.439600339724955436e-01 -8.632836808495162814e-03 5.451101864688573073e+01 1.116818045366826766e-02 1.681264144280495559e-02 9.997962826661592750e-01 2.588213854847580819e-01
-3.915899832149899451e-01 -9.200598372300817784e-01 1.213181609825939901e-02 1.647611677584295933e+02 9.200261732787620161e-01 -3.917148000051882684e-01 -1.055253234701681447e-02 6.230347209143756260e+01 1.446117311019081732e-02 7.029322375159363818e-03 9.998707231933655626e-01 3.910035818271325736e-01
-6.148372325432233110e-01 -7.885161847526421797e-01 1.474462145089047889e-02 1.603639528014502957e+02 7.886127472736763622e-01 -6.148888809060439886e-01 1.264506061606491486e-03 6.926393457568082113e+01 8.069220288026734619e-03 1.240526183734941799e-02 9.998904925854085191e-01 4.103539087636679517e-01
-7.376416296577021914e-01 -6.751904536450500371e-01 1.636307588278910216e-03 1.541660266721007417e+02 6.751693279209421972e-01 -7.375941674535789749e-01 1.006095289956574802e-02 7.549000532173879208e+01 -5.586128419084707142e-03 8.526162387395312334e-03 9.999480485126365226e-01 4.125551381698270292e-01
-7.837453388874856541e-01 -6.210714448480492145e-01 3.674801559219866703e-03 1.473089880036649220e+02 6.209707649515106009e-01 -7.837029909468199440e-01 -1.431541325100136285e-02 8.104463935147857967e+01 1.177084736449295586e-02 -8.937694074446623713e-03 9.998907764235823725e-01 4.478965088512906201e-01
-7.862068457307203051e-01 -6.178470774199166238e-01 1.199102371867608735e-02 1.406441673898918623e+02 6.178418086428522082e-01 -7.862890709875269835e-01 -4.582176175537027926e-03 8.629642943855020576e+01 1.225949505822592628e-02 3.806017504274799516e-03 9.999176061114612990e-01 5.099382413840293227e-01
-7.827161674810124703e-01 -6.223126218121750597e-01 9.077549068732817042e-03 1.338664646087831613e+02 6.220481993255208009e-01 -7.826925010091470014e-01 -2.117750173949004694e-02 9.163093146374299636e+01 2.028395621457365627e-02 -1.092929994586173612e-02 9.997345205218131081e-01 5.832840113731430076e-01
-7.684747179234707737e-01 -6.398795877516360031e-01 8.491709140830705233e-04 1.271574137751069316e+02 6.398633091666342532e-01 -7.684634429711487691e-01 -6.235575294627553403e-03 9.713613521438631437e+01 4.642574153227799379e-03 -4.248528654496157471e-03 9.999801980586938699e-01 6.277098636812031840e-01
-7.483891980636474539e-01 -6.632420097599461828e-01 -4.862582774729803589e-03 1.215108384056962194e+02 6.632588221754961433e-01 -7.483551332261438871e-01 -7.233904924499591667e-03 1.020437253953497247e+02 1.158890860331412975e-03 -8.638927229212988237e-03 9.999620122326163818e-01 5.908971814714772952e-01
-7.421009013750167194e-01 -6.702867450536335037e-01 -1.389814302734666829e-03 1.149042635312004847e+02 6.702258606079687375e-01 -7.420020287016515503e-01 -1.517514991503355996e-02 1.079919554641884645e+02 9.140456810101060814e-03 -1.219298191758293355e-02 9.998838848792700462e-01 6.407676019514888521e-01
-7.402116970316647837e-01 -6.723738048500687015e-01 -3.318568181351339691e-04 1.080308402663265923e+02 6.723596340307546049e-01 -7.401927025305174990e-01 -6.876455962260672253e-03 1.142357604531113253e+02 4.377910864160523136e-03 -5.313160266180360670e-03 9.999763018314246077e-01 6.711040736084709080e-01
-7.366037369902578291e-01 -6.762949176927609551e-01 -6.333952552067387796e-03 1.015516505975028139e+02 6.762776674990628178e-01 -7.366306462642768782e-01 4.879285429565634498e-03 1.201201707865982087e+02 -7.965619499824220379e-03 -6.894107767016482025e-04 9.999680362985439164e-01 6.759596077981850915e-01
-7.370081734119304784e-01 -6.758564804012568983e-01 6.080314435833540990e-03 9.650656037396946374e+01 6.758503397149162595e-01 -7.370313868761182441e-01 -3.324615271088615914e-03 1.247491694723495925e+02 6.728345357091487615e-03 1.659113948789229945e-03 9.999759880665445300e-01 6.976160688027525092e-01
-7.369855372163457430e-01 -6.759064226485009819e-01 -1.680998644754063461e-03 9.199665989643725084e+01 6.758880630286011604e-01 -7.369416140722607755e-01 -9.611644189181747441e-03 1.288488723618485210e+02 5.257774185161734684e-03 -8.219809674252927592e-03 9.999523941366100788e-01 7.217217249215676089e-01
-7.388417151135489025e-01 -6.738422507259280714e-01 7.038547058041367752e-03 8.820203941708011541e+01 6.737525321143054136e-01 -7.388651034998053868e-01 -1.165694212845840017e-02 1.322918076985875473e+02 1.305547692095026038e-02 -3.870396212408452278e-03 9.999072829795405681e-01 7.807619197389654708e-01
-7.441346565901374444e-01 -6.677486133418856218e-01 1.937529977756049029e-02 8.490723871067221751e+01 6.677063555831653785e-01 -7.443638572535669073e-01 -9.522117854844429699e-03 1.352848674000841243e+02 2.078065387151944304e-02 5.851272902880802484e-03 9.997669363557136757e-01 8.328384671430791864e-01
-8.108838949354675307e-01 -5.847477490749236617e-01 2.318143408202222658e-02 8.121499214035978298e+01 5.849863745056013142e-01 -8.110296755496165799e-01 4.669798783533687762e-03 1.382209001082016755e+02 1.607017663501314475e-02 1.734748770563948952e-02 9.997203679495700879e-01 8.925959166748607121e-01
-9.704024375162478844e-01 -2.408000566548276211e-01 1.828775485289902206e-02 7.565934534315039173e+01 2.412673650341630172e-01 -9.699862913075373294e-01 3.027628188737645221e-02 1.403947014528072543e+02 1.044834111232716134e-02 3.379241616818878108e-02 9.993742566113648085e-01 9.113164343626862784e-01
-9.696690661966568259e-01 -2.440079998657635474e-01 1.421260225349899563e-02 7.435581809527019459e+01 2.443624071981695678e-01 -9.690733415565259135e-01 3.440745025117839667e-02 1.442460980081545188e+02 5.377360841741291551e-03 3.683686585448319589e-02 9.993068244059969407e-01 8.893194230878184170e-01
-9.719497394149173575e-01 -2.350454611816003292e-01 8.205804604433573207e-03 8.004324854540985257e+01 2.349848009773111424e-01 -9.719683924324272750e-01 -7.719288955527141283e-03 1.422381576767645868e+02 9.790166542531824473e-03 -5.574521526961482946e-03 9.999365366606105532e-01 8.451717410448200685e-01
-9.820000406812982030e-01 -1.887790730352851554e-01 6.195295462689026818e-03 7.176198382299489253e+01 1.886098762264205864e-01 -9.818202179420187914e-01 -2.133949929457940389e-02 1.439213215171216973e+02 1.011111723726036520e-02 -1.978689526499155527e-02 9.997530915601052781e-01 9.662083187734112899e-01
-9.827372587807282622e-01 -1.847538307938128288e-01 9.669654138282315903e-03 6.301393582300845964e+01 1.846974522688822895e-01 -9.827743381925284627e-01 -6.438269614108548672e-03 1.455672348427655152e+02 1.069258292119100624e-02 -4.541166948198249211e-03 9.999325209599013720e-01 1.021168117170558443e+00
-9.819281231047736203e-01 -1.892112956197065654e-01 4.030715302733509954e-03 5.457445742380653542e+01 1.891286346678593966e-01 -9.818297071491314254e-01 -1.551727128475098756e-02 1.471500235264207106e+02 6.893519029554578265e-03 -1.447452138640223547e-02 9.998714755537460031e-01 1.101149735457089829e+00
-9.780621192050703572e-01 -2.080760045436557126e-01 9.943204173622141595e-03 4.633617167777852330e+01 2.079981030168811806e-01 -9.780937954764453712e-01 -8.325646633307643221e-03 1.488366533778054759e+02 1.145775359607630745e-02 -6.074831983902443180e-03 9.999159046134331597e-01 1.150941763105642668e+00
