0.000000000000000000e+00 9.999998846816782194e-01 4.785644618548915243e-04 -4.015843015478453784e-05 2.700512244185534483e-01 -4.785637225269808912e-04 9.999998853187728187e-01 1.841787032069231158e-05 -1.524369282146321742e-03 4.016723968705632539e-05 -1.839864983005856390e-05 9.999999990240413528e-01 1.256387044245095737e-03 9.999999403953552246e-01 2.362355200347110440e-09 1.317023852607235312e-04 4.633658390957862139e-04 -1.481486266996512313e-09 1.000000000000000000e+00 2.094392499429886811e-07 6.608609623981465120e-07 -1.317033165832981467e-04 -2.094462274726538453e-07 1.000000000000000000e+00 -1.493015006417408586e-04 3.030553627014160156e+01
1.000000000000000000e+05 9.999998231679131377e-01 5.830073686214056134e-04 -1.173309887331240234e-04 1.808419735618608803e-01 -5.830048859221968532e-04 9.999998298280727838e-01 2.119288169757437641e-05 -6.366915569057403747e-04 1.173433243725187722e-04 -2.112447341226998036e-05 9.999999928921505798e-01 -5.965472307233836554e-04 9.999952912330627441e-01 3.577941498633663286e-08 3.071844112128019333e-03 1.383940503001213074e-02 -3.771875611846553511e-08 1.000000000000000000e+00 4.188179616448906017e-07 -3.196587101683689980e-07 -3.071843879297375679e-03 -4.189340927496232325e-07 9.999952316284179688e-01 -3.204067470505833626e-03 1.768252754211425781e+01
2.000000000000000000e+05 9.999999622054239756e-01 2.747081706379257454e-04 -1.116123275263727813e-05 3.211064289412213779e-01 -2.747079453352190242e-04 9.999999620641015774e-01 2.018270607936779233e-05 -1.288117190877052093e-03 1.116677668338614345e-05 -2.017963923731235591e-05 9.999999997340426328e-01 2.027030076314427845e-03 9.999949336051940918e-01 -1.031678067420216394e-07 3.169250441715121269e-03 4.543517902493476868e-02 1.033814953643741319e-07 1.000000000000000000e+00 -3.382882596270064823e-08 1.750004940959115629e-07 -3.169250674545764923e-03 3.416142035916891473e-08 9.999950528144836426e-01 -3.283260622993111610e-03 2.272444725036621094e+01
3.000000000000000000e+05 9.999999681843223520e-01 2.431147365137001836e-04 -6.727986429748106874e-05 2.967169891582814856e-01 -2.431185060408899224e-04 9.999999688772921447e-01 -5.602506338179555286e-05 -5.127435995726831348e-04 6.726624168525468432e-05 5.604141857914182793e-05 9.999999961673061710e-01 1.885313434549332288e-03 9.999999403953552246e-01 -5.151551185633707064e-09 -5.024624988436698914e-04 6.629441678524017334e-02 5.740034669798887990e-09 1.000000000000000000e+00 1.047187083713652100e-07 -2.882127034808945609e-07 5.024629062972962856e-04 -1.047151769739684823e-07 9.999998211860656738e-01 1.008460531011223793e-03 2.120735931396484375e+01
4.000000000000000000e+05 9.999999692364583970e-01 2.376265338761304020e-04 -7.113869345917419370e-05 2.961570619981993557e-01 -2.376305482676680685e-04 9.999999701738377933e-01 -5.642736094402842995e-05 -5.030220680042117413e-04 7.112528269940002982e-05 5.644426393457926039e-05 9.999999958776196740e-01 1.883774435155413825e-03 9.999985098838806152e-01 -1.420655308947971207e-07 -1.738102058880031109e-03 1.057198122143745422e-01 1.418641062400638475e-07 1.000000000000000000e+00 1.228774948458521976e-07 4.363079995073348982e-07 1.738102757371962070e-03 -1.231233142107157619e-07 9.999985098838806152e-01 2.753067295998334885e-03 2.146665573120117188e+01
5.000000000000000000e+05 9.999998044551220433e-01 6.159779224073667165e-04 -1.079856857944181650e-04 1.939462710961976366e-01 -6.159762473408597746e-04 9.999998101657935345e-01 1.554450276303049653e-05 -9.990826253533941631e-04 1.079952403657622590e-04 -1.547798310445845445e-05 9.999999940487298566e-01 -3.287683457547528523e-04 1.000000000000000000e+00 -2.650136536885838723e-07 -2.415716444374993443e-04 1.423163861036300659e-01 2.654661841461347649e-07 1.000000000000000000e+00 -1.730716405745624797e-07 -1.156460101014999964e-07 2.415710478089749813e-04 1.729993641674809624e-07 1.000000000000000000e+00 1.208709087222814560e-03 1.854976081848144531e+01
6.000000000000000000e+05 9.999999428208108387e-01 3.196894361896333576e-04 -1.102589801683968461e-04 2.382601304663201081e-01 -3.196916837917747616e-04 9.999999486911915758e-01 -2.036773218117679567e-05 -9.498384939456876782e-05 1.102524631625094855e-04 2.040297989457820444e-05 9.999999937140565676e-01 7.193299264481064874e-04 9.999998211860656738e-01 -2.726958712173654931e-07 5.725027876906096935e-04 1.185456141829490662e-01 2.721990028931031702e-07 1.000000000000000000e+00 5.409395242850223440e-08 -6.309775244517368264e-07 -5.725030787289142609e-04 -5.393362201289164659e-08 9.999998211860656738e-01 2.003717781917657703e-05 1.876582336425781250e+01
7.000000000000000000e+05 9.999999052293319091e-01 4.290333235033414079e-04 -7.397115810414869712e-05 2.593787466517247786e-01 -4.290355501368084239e-04 9.999999075115950653e-01 -3.008813325857421307e-05 -9.698401797752250050e-04 7.395824245070945098e-05 3.011986666399376543e-05 9.999999968114859916e-01 1.090578464109821788e-03 9.999998807907104492e-01 -2.563413374900846975e-07 4.802625917363911867e-04 2.276611328125000000e-01 2.561629344199900515e-07 1.000000000000000000e+00 1.064628065705619520e-07 1.019237743093981408e-06 -4.802620096597820520e-04 -1.063396410927452962e-07 9.999998807907104492e-01 8.105522138066589832e-04 2.006857681274414062e+01
8.000000000000000000e+05 9.999999229172188420e-01 3.867125973287731887e-04 -6.796270681542595561e-05 2.713891798541164802e-01 -3.867148867625981091e-04 9.999999246587378821e-01 -3.367670855428170888e-05 -9.257461895193913604e-04 6.794967848810116117e-05 3.370298814783725412e-05 9.999999971234749818e-01 1.361788630176351484e-03 9.999999403953552246e-01 -4.038668066641548648e-07 -2.642433682922273874e-04 2.165705412626266479e-01 4.035917697819968453e-07 1.000000000000000000e+00 2.002412990975699358e-08 2.499407116829388542e-07 2.642424369696527719e-04 -2.013567268477345351e-08 1.000000000000000000e+00 1.754185184836387634e-03 1.983407974243164062e+01
9.000000000000000000e+05 9.999999520506399620e-01 3.025848242549664742e-04 -6.588736103641399592e-05 2.874252189488627485e-01 -3.025876534075968498e-04 9.999999532987133843e-01 -4.293349849303790153e-05 -6.720331918304855729e-04 6.587436693461081534e-05 4.295343313588223635e-05 9.999999969077852935e-01 1.720496865923735888e-03 1.000000000000000000e+00 -2.648913266511954134e-07 -2.286378730786964297e-04 2.279418706893920898e-01 2.649381372066272888e-07 1.000000000000000000e+00 -2.950850728211662499e-07 6.465151045631500892e-07 2.286388917127624154e-04 2.950282862457243027e-07 9.999999403953552246e-01 1.788436900824308395e-03 1.890111923217773438e+01
1.000000000000000000e+06 9.999999799112161414e-01 1.968582530511638496e-04 -3.774117157572637430e-05 3.526725454509297975e-01 -1.968577832909205582e-04 9.999999805460028091e-01 1.245020178166537258e-05 -8.993387658532292104e-04 3.774362176645790109e-05 -1.244277188825567541e-05 9.999999992102982516e-01 1.895544284837592840e-03 9.999999403953552246e-01 -5.404107241702149622e-07 4.164427446085028350e-05 2.837830185890197754e-01 5.406353693615528755e-07 1.000000000000000000e+00 -6.644344807682500686e-08 1.062956087594102428e-07 -4.164408528595231473e-05 6.647116634894700837e-08 9.999999403953552246e-01 1.755781588144600391e-03 1.798691177368164062e+01
1.100000000000000000e+06 9.999999880987857637e-01 1.289245416020959225e-04 -8.474013840677591363e-05 2.941248309285260931e-01 -1.289293135439992341e-04 9.999999901032304850e-01 -5.630960187589361266e-05 3.467531942285604729e-05 8.473287787856159409e-05 5.632052669354171558e-05 9.999999948241689030e-01 1.823037425746595322e-03 1.000000000000000000e+00 -3.826818897323391866e-07 1.354366540908813477e-04 3.012712895870208740e-01 3.824193299806211144e-07 1.000000000000000000e+00 2.118792679084435804e-07 -1.089313101942934736e-07 -1.354373816866427660e-04 -2.118352711022453150e-07 1.000000000000000000e+00 1.679624896496534348e-03 1.823763275146484375e+01
1.200000000000000000e+06 9.999999889641539852e-01 1.443531910730703213e-04 -3.512617634072850699e-05 3.223219384153592770e-01 -1.443542459206478259e-04 9.999999891300386246e-01 -3.002956016952831335e-05 -5.628051756498151032e-04 3.512184109609623199e-05 3.003463045079532974e-05 9.999999989321886051e-01 2.034704709279098155e-03 9.999999403953552246e-01 -5.409773393694194965e-07 2.263720489281695336e-05 3.022449016571044922e-01 5.404836542766133789e-07 1.000000000000000000e+00 -1.536336498020318686e-07 -3.376319739345490234e-07 -2.263784153910819441e-05 1.536436968763155164e-07 9.999999403953552246e-01 1.905621611513197422e-03 1.797004890441894531e+01
1.300000000000000000e+06 9.999999666436563128e-01 2.366783919183154412e-04 -1.034215947423218902e-04 2.585854366335951227e-01 -2.366821100099395208e-04 9.999999713449453376e-01 -3.594006531220156120e-05 1.032202485514598274e-04 1.034130855420515720e-04 3.596454215422046019e-05 9.999999940061428116e-01 1.197921961539253179e-03 1.000000000000000000e+00 -5.416467274699243717e-07 -5.379086724133230746e-05 3.203918933868408203e-01 5.421084097179118544e-07 1.000000000000000000e+00 -1.012885277873465384e-07 3.461765913925773930e-07 5.379143112804740667e-05 1.012661456911700952e-07 1.000000000000000000e+00 2.140881959348917007e-03 1.684681510925292969e+01
1.400000000000000000e+06 9.999999595198897362e-01 2.358061583228183956e-04 -1.592346580320971416e-04 4.394262476490884972e-01 -2.358151860088335305e-04 9.999999705894107027e-01 -5.667783439835394474e-05 -1.057623762739481540e-03 1.592212883668018175e-04 5.671538205374171285e-05 9.999999857159735939e-01 2.174000378826798207e-03 9.999999403953552246e-01 -5.235439743955794256e-07 -3.778666723519563675e-05 3.425242006778717041e-01 5.236813080955471378e-07 1.000000000000000000e+00 2.301791965919619543e-07 -8.370647037736489438e-07 3.778648169827647507e-05 -2.301968606843729503e-07 9.999999403953552246e-01 2.198268193751573563e-03 1.713452720642089844e+01
1.500000000000000000e+06 9.999999991657323450e-01 -1.264055076737938052e-05 -3.884265326719013090e-05 3.366305771391641111e-01 1.263800681933710749e-05 9.999999977754594482e-01 -6.549322088332018403e-05 8.157081070399038270e-05 3.884348105116533999e-05 6.549272993496516200e-05 9.999999971009431166e-01 1.909003200668563409e-03 1.000000000000000000e+00 -5.410030894381634425e-07 1.368364974041469395e-05 4.040276706218719482e-01 5.412088057710207067e-07 1.000000000000000000e+00 3.175746030592563329e-07 -1.271039536732132547e-06 -1.368338598695117980e-05 -3.175685492351476569e-07 1.000000000000000000e+00 2.451049396768212318e-03 1.629510307312011719e+01
1.600000000000000000e+06 9.999999898630268502e-01 7.058414497864437878e-05 -1.236601184017853568e-04 5.008532664782233690e-01 -7.058789911693888128e-05 9.999999970479788169e-01 -3.035441968794208128e-05 -9.056573502004812773e-04 1.236579754959894588e-04 3.036314828815642636e-05 9.999999918933921705e-01 1.983902532120905993e-03 1.000000119209289551e+00 -7.844694778214034159e-07 2.752300679276231676e-05 4.831539392471313477e-01 7.850517249607946724e-07 1.000000000000000000e+00 -8.677020559844095260e-07 -1.112268321890041989e-07 -2.752312502707354724e-05 8.677231448928068858e-07 1.000000119209289551e+00 3.163451096042990685e-03 1.637612724304199219e+01
1.700000000000000000e+06 9.999999916218894613e-01 1.096748747116965553e-04 -6.875785792378575712e-05 5.244101773589561200e-01 -1.096735795541586974e-04 9.999999938083803386e-01 1.883998970842200153e-05 -1.219669602743011583e-03 6.875992377156524748e-05 -1.883244863020976253e-05 9.999999974587059359e-01 1.914602798416071379e-03 1.000000000000000000e+00 -5.963089201203429179e-19 -1.348665152606084799e-18 3.399997949600219727e-01 -4.202092762911924535e-19 1.000000000000000000e+00 6.604179718364612469e-21 -1.607812691872823052e-06 -6.994020425252635785e-19 -4.569671244550404241e-21 1.000000000000000000e+00 2.144272904843091965e-03 1.612492752075195312e+01
1.800000000000000000e+06 9.999999971252075959e-01 1.084688154119578163e-05 -7.504618492170724595e-05 3.548987104291212447e-01 -1.085232872387348701e-05 9.999999973068675052e-01 -7.258437870346823762e-05 1.666890041711238711e-04 7.504539740544256246e-05 7.258519292066922357e-05 9.999999945497890508e-01 1.880151288981357551e-03 1.000000000000000000e+00 -1.343969643130549230e-06 -1.254794642591150478e-05 5.808749794960021973e-01 1.344748397968942299e-06 1.000000000000000000e+00 6.368128424583119340e-07 -2.982383477956318529e-07 1.254831204278161749e-05 -6.368300660142267589e-07 9.999999403953552246e-01 3.610612358897924423e-03 1.603100776672363281e+01
1.900000000000000000e+06 9.999999865035097413e-01 1.335492512158335561e-06 -1.642899784408138560e-04 4.559999309920105826e-01 -1.347438186780099383e-06 9.999999973556601418e-01 -7.271082617055948222e-05 -2.047649413158756629e-04 1.642898809016122056e-04 7.271104655980740344e-05 9.999999838609693326e-01 1.936706748302991464e-03 1.000000000000000000e+00 -2.618794781028555008e-07 -2.792748546198708937e-06 4.819942712783813477e-01 2.610272815672942670e-07 1.000000000000000000e+00 1.910808578031719662e-08 -1.724565095173602458e-06 2.792931127260089852e-06 -1.910479774380746676e-08 1.000000119209289551e+00 3.014073474332690239e-03 1.592070388793945312e+01
2.000000000000000000e+06 9.999999790599163330e-01 -1.873336514870080078e-04 -8.237882203940027112e-05 5.239847785891090792e-01 1.873374784884599125e-04 9.999999813734928855e-01 4.645087060528413743e-05 9.472377280239768489e-05 8.237011869386113530e-05 -4.646630227323083788e-05 9.999999955280232111e-01 1.660877185727554269e-03 1.000000000000000000e+00 -1.326278606939013116e-06 4.031901880807708949e-06 4.713075160980224609e-01 1.326927872469241265e-06 1.000000000000000000e+00 -4.398252428927662550e-08 -1.370843392578535713e-06 -4.031986918562324718e-06 4.398585318199366156e-08 9.999999403953552246e-01 3.013017587363719940e-03 1.786515235900878906e+01
2.100000000000000000e+06 9.999999603848788166e-01 2.790105390596735267e-04 -3.719356923591539047e-05 5.430459265058975582e-01 -2.790091348577690335e-04 9.999999603642790724e-01 3.775373427576825616e-05 -2.028518533038933293e-03 3.720410145126089671e-05 -3.774335543478398922e-05 9.999999985956470328e-01 2.014701149834369990e-03 9.999998807907104492e-01 -5.409638674791494850e-07 1.849928253250254784e-06 5.859022140502929688e-01 5.403471163845097180e-07 1.000000000000000000e+00 -3.107379598077386618e-07 -2.650972874107537791e-06 -1.850622538768220693e-06 3.107380166511575226e-07 1.000000000000000000e+00 3.854416077956557274e-03 1.681734466552734375e+01
2.200000000000000000e+06 9.999999949913429553e-01 -8.388658121874433297e-05 -5.459263217438776382e-05 5.864389315313607298e-01 8.388960899138945800e-05 9.999999949432906154e-01 5.546126922674705293e-05 -7.775334664244313698e-04 5.458797944207843057e-05 -5.546584870351250264e-05 9.999999969718460502e-01 2.042316198149145712e-03 1.000000119209289551e+00 -1.466486992285354063e-06 -4.102169896214036271e-06 6.297912001609802246e-01 1.466641606384655461e-06 1.000000000000000000e+00 -2.350816288299029111e-07 -2.295554622833151370e-06 4.102475031686481088e-06 2.350756886926319567e-07 1.000000119209289551e+00 4.024061840027570724e-03 1.657427215576171875e+01
2.300000000000000000e+06 9.999999950972787710e-01 8.505559153144090013e-05 -5.070491804019428722e-05 5.445296951797727880e-01 -8.505289234000415965e-05 9.999999949661210197e-01 5.323310599156594390e-05 -1.280119186482847529e-03 5.070944555825673112e-05 -5.322879313065731412e-05 9.999999972976238993e-01 1.873895552642335311e-03 1.000000000000000000e+00 -2.350611295907185616e-19 -4.520628384578731465e-19 5.253005027770996094e-01 4.965366176820929560e-19 1.000000000000000000e+00 7.511799606520587354e-22 -2.950652969957445748e-06 1.152404454761420395e-18 -1.340358940936951145e-20 1.000000000000000000e+00 3.182140411809086800e-03 1.610854339599609375e+01
2.400000000000000000e+06 9.999999683655119709e-01 -2.434192314716699377e-04 -6.337234358702664380e-05 6.018116744462765899e-01 2.434231542543796047e-04 9.999999684567669744e-01 6.190019519715694093e-05 -1.920028665487468573e-04 6.335727389036799665e-05 -6.191561953448566295e-05 9.999999960761559725e-01 2.028419185956813805e-03 1.000000000000000000e+00 -1.849620048233191483e-06 3.875305992551147938e-06 6.350076794624328613e-01 1.849917225626995787e-06 1.000000000000000000e+00 5.352929974833386950e-07 -3.013899004145059735e-06 -3.875017682730685920e-06 -5.352836751626455225e-07 9.999999403953552246e-01 3.952049650251865387e-03 1.547475242614746094e+01
2.500000000000000000e+06 9.999999950051049469e-01 -9.104224721447950542e-05 -4.124438540997208476e-05 6.493386979776341050e-01 9.104410725633227885e-05 9.999999948385510651e-01 4.509842961737502831e-05 -5.801317070497483998e-04 4.124027933472542643e-05 -4.510218445035080892e-05 9.999999981325161658e-01 2.502492649155877314e-03 1.000000000000000000e+00 -1.566855468314689800e-19 6.326116541573990663e-19 5.427992343902587891e-01 1.098795809840047794e-18 1.000000000000000000e+00 1.488260187515657128e-21 -4.314680609240895137e-06 1.073185781087523211e-18 3.022802301604328227e-21 1.000000000000000000e+00 3.487781621515750885e-03 1.567759990692138672e+01
2.600000000000000000e+06 9.999999970808464145e-01 -6.939236056932448170e-05 -3.198448752326336783e-05 6.830414901637038572e-01 6.939346046711118200e-05 9.999999970009841865e-01 3.438864938681542244e-05 -5.428842293676823874e-04 3.198210111778783518e-05 -3.439086880069628987e-05 9.999999988972066989e-01 2.638632762507550720e-03 1.000000000000000000e+00 -1.746103635014151223e-06 -2.615267078454053262e-07 7.674986720085144043e-01 1.744969495121040381e-06 1.000000119209289551e+00 -7.623454223448788980e-08 -4.206082394375698641e-06 2.619060239794634981e-07 7.623440012594073778e-08 1.000000000000000000e+00 4.892263095825910568e-03 1.664700889587402344e+01
2.700000000000000000e+06 9.999999829678487551e-01 1.840561595321693091e-04 -1.369790224962298825e-05 7.101923603934343632e-01 -1.840561312115691038e-04 9.999999830595304173e-01 2.068745565623134397e-06 -1.398685966468347615e-03 1.369828278293470785e-05 -2.066224347515640758e-06 9.999999999040438681e-01 2.693383560467096059e-03 1.000000000000000000e+00 -9.254121096091694199e-07 -1.919576334330486134e-06 7.340958118438720703e-01 9.250046559827751480e-07 1.000000000000000000e+00 9.311199988815133111e-08 -6.253351330087753013e-06 1.919914666359545663e-06 -9.312053350640780991e-08 1.000000000000000000e+00 4.613603465259075165e-03 1.800454330444335938e+01
2.800000000000000000e+06 9.999999955884769642e-01 -8.724485099947473939e-05 -3.480491478449448652e-05 6.812720060539764200e-01 8.724614586980619494e-05 9.999999955019907016e-01 3.720388004208675979e-05 -4.825867392589178791e-04 3.480166878097907000e-05 -3.720691647262551428e-05 9.999999987022446524e-01 2.637080569217037200e-03 1.000000000000000000e+00 -1.867132368715829216e-06 1.169091319752624258e-06 7.809014916419982910e-01 1.866950356088636909e-06 1.000000000000000000e+00 -3.372640549059724435e-07 -5.529010650207055733e-06 -1.170071641354297753e-06 3.372699097781151067e-07 1.000000000000000000e+00 4.987840075045824051e-03 1.801769638061523438e+01
2.900000000000000000e+06 9.999999844106906011e-01 1.763108206525084028e-04 -9.649520022956411687e-06 7.360696063024262381e-01 -1.763109854344639530e-04 9.999999843113803744e-01 -1.707851409974145076e-05 -1.432230858338522919e-03 9.646508744756002578e-06 1.708021514987004616e-05 9.999999998076055663e-01 2.589843577148091130e-03 1.000000000000000000e+00 1.300848426333808498e-18 1.076004088832067946e-18 7.752999067306518555e-01 8.875442211516614386e-19 1.000000000000000000e+00 -1.948120606384268346e-21 -7.908009138191118836e-06 5.885130530397603394e-19 -4.444006131489029501e-22 1.000000000000000000e+00 4.833522252738475800e-03 1.767350387573242188e+01
3.000000000000000000e+06 9.999999857852686080e-01 1.683756639760712950e-04 -8.893740564770647778e-06 7.389691416920789457e-01 -1.683757942590137155e-04 9.999999857174829421e-01 -1.465011870123839372e-05 -1.409767514870682035e-03 8.891273714299662516e-06 1.465161598361169553e-05 9.999999998531376999e-01 2.621231690671440087e-03 1.000000000000000000e+00 -1.989208612940274179e-06 1.692370233286055736e-06 7.232028841972351074e-01 1.989941438296227716e-06 1.000000000000000000e+00 1.391382056681322865e-06 -7.237229965539881960e-06 -1.693068043095991015e-06 -1.391378305015678052e-06 1.000000000000000000e+00 4.571602679789066315e-03 1.739305686950683594e+01
3.100000000000000000e+06 9.999999299016649745e-01 3.741930648331926747e-04 1.327480563574888528e-05 7.953244897869230501e-01 -3.741922029646648482e-04 9.999999278861483321e-01 -6.486831745641891632e-05 -2.241806908906028399e-03 -1.329907795209485322e-05 6.486334558067257728e-05 9.999999978079405771e-01 2.558685234090511511e-03 1.000000000000000000e+00 -2.529933453843113966e-06 1.086820630007423460e-04 8.508160710334777832e-01 2.529458470235113055e-06 1.000000000000000000e+00 -1.729053224153176416e-06 -7.555247975687962025e-06 -1.086813790607266128e-04 1.729332780087133870e-06 1.000000000000000000e+00 5.370111204683780670e-03 1.679654312133789062e+01
3.200000000000000000e+06 9.999964407971636549e-01 2.668023787902886867e-03 6.484713387386260896e-06 9.191465939122436257e-01 -2.668022782441673447e-03 9.999964295097836242e-01 -1.504064366392292588e-04 -8.850265634820740634e-03 -6.885978185744277445e-06 1.503885999491068033e-04 9.999999886679260541e-01 3.646834433972822795e-03 9.999999403953552246e-01 -1.723422201393987052e-06 3.061830648221075535e-04 8.856117725372314453e-01 1.723789296192990150e-06 1.000000000000000000e+00 1.023926756715809461e-06 -1.081997197616146877e-05 -3.061836177948862314e-04 -1.023402205646561924e-06 9.999999403953552246e-01 5.283209029585123062e-03 1.700252723693847656e+01
3.300000000000000000e+06 9.999998730079958653e-01 5.023672940462560769e-04 4.013845605343184286e-05 8.410396799290283942e-01 -5.023631736383108977e-04 9.999998685523264763e-01 -1.025990900272926121e-04 -2.747005294654270881e-03 -4.018999320421763843e-05 1.025789129159921975e-04 9.999999939311655650e-01 2.575980893814576022e-03 9.999999403953552246e-01 -1.463349462937912904e-06 2.780130598694086075e-04 7.335537075996398926e-01 1.463046942262735683e-06 1.000000000000000000e+00 -1.991626561448356370e-07 -1.074967076419852674e-05 -2.780135837383568287e-04 1.995675944499453180e-07 1.000000000000000000e+00 4.632474388927221298e-03 1.669180870056152344e+01
3.400000000000000000e+06 9.999992944649045423e-01 1.186693520586874122e-03 5.318064639716578977e-05 8.797177331044514492e-01 -1.186686175863337729e-03 9.999992863755904349e-01 -1.379283501432949986e-04 -4.871434264298792928e-03 -5.334428712559610871e-05 1.378651440920935990e-04 9.999999890737945041e-01 2.890100438700649640e-03 1.000000000000000000e+00 -1.741392679832642898e-06 2.703690843190997839e-04 9.259353876113891602e-01 1.742074459798459429e-06 1.000000000000000000e+00 -1.967254661394690629e-07 -1.283350684389006346e-05 -2.703687641769647598e-04 1.972009329165302915e-07 1.000000000000000000e+00 6.284457165747880936e-03 1.625587272644042969e+01
3.500000000000000000e+06 9.999999977545172003e-01 6.681043454187607995e-05 -5.227938191668726268e-06 7.918934399738921659e-01 -6.681066439745330580e-05 9.999999968010931939e-01 -4.397895830558582332e-05 -1.162952583690386255e-03 5.224999921634663133e-06 4.397930748885528062e-05 9.999999990192599553e-01 2.381733381436378603e-03 1.000000000000000000e+00 5.572348527493886650e-06 3.358924877829849720e-04 7.390722036361694336e-01 -5.745321686845272779e-06 9.999998807907104492e-01 5.152996163815259933e-04 -2.548423653934150934e-04 -3.358879766892641783e-04 -5.153014790266752243e-04 9.999997615814208984e-01 5.321497563272714615e-03 1.556150436401367188e+01
3.600000000000000000e+06 9.999999268097929939e-01 3.810077414299457518e-04 3.483554733060541340e-05 9.288234209449892642e-01 -3.810041726183981451e-04 9.999999221753664846e-01 -1.023967167818728833e-04 -1.942636844801191864e-03 -3.487455855980274490e-05 1.023834367990683765e-04 9.999999941506987344e-01 2.568772239888530897e-03 9.999985098838806152e-01 -3.123986516584409401e-06 1.691465382464230061e-03 1.125492691993713379e+00 -8.764258154769777320e-07 9.999971389770507812e-01 2.364973770454525948e-03 -1.293564215302467346e-03 -1.691468292847275734e-03 -2.364972140640020370e-03 9.999957680702209473e-01 8.818067610263824463e-03 1.636147117614746094e+01
3.700000000000000000e+06 9.999933328390873122e-01 3.651436351257059554e-03 -3.591601603448813581e-05 1.020399220778163141e+00 -3.651441526787673874e-03 9.999933229371346100e-01 -1.451066415167982229e-04 -1.153455907780511977e-02 3.538592855587369905e-05 1.452368192997657024e-04 9.999999888270511006e-01 4.217011182681975993e-03 9.999994635581970215e-01 1.224913557962281629e-05 1.112568890675902367e-03 1.015479683876037598e+00 -1.118844829761656001e-05 9.999995827674865723e-01 -9.532731492072343826e-04 4.794622655026614666e-04 -1.112582045607268810e-03 9.532601688988506794e-04 9.999989271163940430e-01 8.905645459890365601e-03 1.567011165618896484e+01
3.800000000000000000e+06 9.999965800267954785e-01 2.615325937845646570e-03 2.294770755658917451e-06 9.649225836540099577e-01 -2.615325591038376168e-03 9.999965702346598206e-01 -1.399688718653786118e-04 -8.651892032799472776e-03 -2.660827089392171503e-06 1.399623916032022980e-04 9.999999902017249198e-01 3.630317303593972537e-03 9.999998211860656738e-01 1.106982654164312407e-05 -5.203772452659904957e-04 8.393501639366149902e-01 -1.057829740602755919e-05 9.999995231628417969e-01 9.445474715903401375e-04 -4.328925861045718193e-04 5.203882465139031410e-04 -9.445415926165878773e-04 9.999994635581970215e-01 8.671700954437255859e-03 1.560473632812500000e+01
3.900000000000000000e+06 9.999917588504489974e-01 4.059556686239198034e-03 -4.722223885855475755e-05 1.019786557461420662e+00 -4.059563849675007843e-03 9.999917482924718382e-01 -1.526026153431534935e-04 -1.265346516851943541e-02 4.660235019853381917e-05 1.527930594246940327e-04 9.999999872412502766e-01 4.511397085753020460e-03 9.999812245368957520e-01 -1.986239476536866277e-05 -6.124910898506641388e-03 1.098899722099304199e+00 2.016259895754046738e-05 1.000000000000000000e+00 4.917011028737761080e-05 -9.136357402894645929e-05 6.124910898506641388e-03 -4.929328861180692911e-05 9.999811649322509766e-01 1.706894300878047943e-02 1.657468795776367188e+01
4.000000000000000000e+06 9.999995839520788854e-01 9.110672188279421999e-04 4.530088093175672377e-05 9.341608461779904449e-01 -9.110616965408488812e-04 9.999995775687398059e-01 -1.217739894684376597e-04 -3.942619761248108458e-03 -4.541180608811953536e-05 1.217326669060831524e-04 9.999999915594626199e-01 2.662140836975772883e-03 9.999559521675109863e-01 3.528233037286554463e-06 -9.393475949764251709e-03 1.212663173675537109e+00 -1.561400131322443485e-05 9.999992251396179199e-01 -1.286680926568806171e-03 7.322682649828493595e-04 9.393462911248207092e-03 1.286771730519831181e-03 9.999550580978393555e-01 1.395310554653406143e-02 1.763081550598144531e+01
4.100000000000000000e+06 9.999995414331961374e-01 9.566425344084420390e-04 4.436725918124663189e-05 9.402735896361505974e-01 -9.566372309703915578e-04 9.999995352940126425e-01 -1.194025207445836639e-04 -4.077367410246023061e-03 -4.448146409421186885e-05 1.193600226183456415e-04 9.999999918872920501e-01 2.676154348032895071e-03 9.999968409538269043e-01 -1.111085020966129377e-05 -2.503751544281840324e-03 9.042937159538269043e-01 1.206425804411992431e-05 9.999998807907104492e-01 3.806182648986577988e-04 -1.869638508651405573e-04 2.503747120499610901e-03 -3.806473396252840757e-04 9.999967813491821289e-01 -3.429718082770705223e-03 1.598313617706298828e+01
4.200000000000000000e+06 9.999999316287229156e-01 3.684902430635864741e-04 3.094341989391482958e-05 9.610821932658720756e-01 -3.684872545178060526e-04 9.999999274494347778e-01 -9.653120658602258185e-05 -1.844967351118846979e-03 -3.097898845543153992e-05 9.651979773063519975e-05 9.999999948621156598e-01 2.479048400390748957e-03 9.999601840972900391e-01 5.185007012187270448e-06 8.920990861952304840e-03 1.075233697891235352e+00 1.600108407728839666e-05 9.999972581863403320e-01 -2.374911913648247719e-03 1.287406543269753456e-03 -8.920978754758834839e-03 2.374960109591484070e-03 9.999574422836303711e-01 -1.963093504309654236e-02 1.736739158630371094e+01
4.300000000000000000e+06 9.999995187016124110e-01 9.799952125926173364e-04 4.696735451158448929e-05 9.576982880303295254e-01 -9.799896758435663446e-04 9.999995128758878415e-01 -1.177634400167285966e-04 -4.142148645401246346e-03 -4.708273923943117830e-05 1.177173558151142546e-04 9.999999919629198875e-01 2.631481866433478967e-03 9.999941587448120117e-01 1.969699042092543095e-06 3.431466873735189438e-03 7.586687803268432617e-01 -1.537233970339002553e-06 9.999999403953552246e-01 -1.256670511793345213e-04 1.292892411584034562e-04 -3.431466873735189438e-03 1.256610412383452058e-04 9.999940991401672363e-01 -2.892865333706140518e-03 1.648809623718261719e+01
4.400000000000000000e+06 9.999987005563636400e-01 1.611882636080181177e-03 2.683181740905822701e-05 9.570026179279838008e-01 -1.611879250646722867e-03 9.999986930191007151e-01 -1.257193956633386475e-04 -5.906759636624426060e-03 -2.703442725167461743e-05 1.256759826482452497e-04 9.999999917373435521e-01 2.999208879367522111e-03 9.999778270721435547e-01 1.435014269191015046e-06 -6.649166345596313477e-03 9.406937360763549805e-01 2.505556949472520500e-06 9.999998211860656738e-01 5.926873418502509594e-04 -2.628508955240249634e-04 6.649165414273738861e-03 -5.926908343099057674e-04 9.999777674674987793e-01 1.165096275508403778e-02 1.642457580566406250e+01
4.500000000000000000e+06 9.999994954853074214e-01 1.003319415527903231e-03 4.877805805353135557e-05 9.177107897972618389e-01 -1.003313319634119554e-03 9.999994888890180178e-01 -1.248363070188362664e-04 -4.287891475010652612e-03 -4.890328381090434592e-05 1.247873043626031644e-04 9.999999910182988394e-01 2.672643239135126785e-03 9.999981522560119629e-01 -1.129989686887711287e-05 -1.884989556856453419e-03 7.864410281181335449e-01 1.126970073528354988e-05 1.000000000000000000e+00 -1.556507777422666550e-05 -3.347531901454203762e-06 1.884990953840315342e-03 1.554376649437472224e-05 9.999982714653015137e-01 7.615859067300334573e-05 1.690800094604492188e+01
4.600000000000000000e+06 9.999978575279087067e-01 2.069866718265778519e-03 2.431823687498877723e-05 9.268214484924832686e-01 -2.069863164803681030e-03 9.999978472820119091e-01 -1.452509437653628772e-04 -7.227012315372720666e-03 -2.461883461788966262e-05 1.452002971467127317e-04 9.999999891553933429e-01 3.265568341858225698e-03 9.999804496765136719e-01 -9.018383025249931961e-06 6.251152604818344116e-03 9.601879119873046875e-01 9.816840247367508709e-06 9.999999403953552246e-01 -1.277383125852793455e-04 3.653421299532055855e-05 -6.251151673495769501e-03 1.277972332900390029e-04 9.999803900718688965e-01 -1.090242434293031693e-02 1.790931129455566406e+01
4.700000000000000000e+06 9.999995796121883274e-01 9.156734655819994805e-04 4.814072765096079017e-05 7.984139016293725355e-01 -9.156684330345985379e-04 9.999995753199727444e-01 -1.044565617201499041e-04 -4.150365184541628984e-03 -4.823635531086664283e-05 1.044124368621061173e-04 9.999999933856483780e-01 2.731684402643464859e-03 9.999992251396179199e-01 -5.339381914382101968e-06 -1.293986337259411812e-03 9.830287098884582520e-01 5.386285010899882764e-06 1.000000119209289551e+00 3.593979272409342229e-05 -4.492703010328114033e-05 1.293986686505377293e-03 -3.594673034967854619e-05 9.999991655349731445e-01 3.242521313950419426e-03 1.649446487426757812e+01
4.800000000000000000e+06 9.999998155265202859e-01 6.056898664071872808e-04 4.568043931498417420e-05 8.888185491409950068e-01 -6.056843609899983071e-04 9.999998093205583194e-01 -1.204379213291831784e-04 -2.899734703338543388e-03 -4.575337863484666188e-05 1.204102311832380202e-04 9.999999917040021113e-01 2.578555797370747724e-03 9.999892115592956543e-01 -6.011468940414488316e-06 -4.627357702702283859e-03 9.223519563674926758e-01 6.043263965693768114e-06 9.999999403953552246e-01 6.695616320939734578e-06 -3.736984217539429665e-05 4.627356771379709244e-03 -6.723515070916619152e-06 9.999892711639404297e-01 5.477185826748609543e-03 1.656227111816406250e+01
4.900000000000000000e+06 9.999999493755150626e-01 3.155784633390419452e-04 4.073332409401238751e-05 8.847034191521711000e-01 -3.155738396190292867e-04 9.999999437690216819e-01 -1.134685352764887610e-04 -1.844369313266493258e-03 -4.076913002851604629e-05 1.134556751610847316e-04 9.999999927328441229e-01 2.486974016717105433e-03 9.999927282333374023e-01 -5.290567060001194477e-06 3.812732873484492302e-03 7.412258982658386230e-01 5.319289357430534437e-06 1.000000119209289551e+00 -7.785049092490226030e-06 -2.916651465056929737e-05 -3.812731942161917686e-03 7.805278073647059500e-06 9.999927878379821777e-01 -6.851730868220329285e-03 1.820665550231933594e+01
5.000000000000000000e+06 9.999997040406781723e-01 7.684747684528534352e-04 3.694731851222336143e-05 7.697368325031852532e-01 -7.684718836647122129e-04 9.999997016811591477e-01 -7.802932012586613121e-05 -3.555032139756829877e-03 -3.700727105204230862e-05 7.800090405776877677e-05 9.999999962731604963e-01 2.730447868402603295e-03 9.999400973320007324e-01 -5.474809768202248961e-06 -1.095180679112672806e-02 7.118504643440246582e-01 5.469346433528698981e-06 9.999999403953552246e-01 -6.184187100188864861e-07 -3.736243525054305792e-05 1.095181331038475037e-02 5.585120561590883881e-07 9.999400377273559570e-01 1.058837585151195526e-02 1.763737678527832031e+01
5.100000000000000000e+06 9.999995971296039565e-01 8.963945000698221501e-04 4.709087253508306264e-05 7.965330258228091598e-01 -8.963897076745125630e-04 9.999995930720607662e-01 -1.016918158956641534e-04 -4.067444610648189920e-03 -4.718200935466518488e-05 1.016495631546411539e-04 9.999999937206123235e-01 2.698283679353265154e-03 9.995978474617004395e-01 -4.875443664786871523e-06 -2.835527434945106506e-02 4.842514693737030029e-01 4.908531991532072425e-06 1.000000000000000000e+00 1.142506107498775236e-06 -3.853694943245500326e-05 2.835526689887046814e-02 -1.281276468034775462e-06 9.995979070663452148e-01 2.038347162306308746e-02 1.755430412292480469e+01
5.200000000000000000e+06 9.999999798566201470e-01 1.993389132723441916e-04 -2.346822074650030903e-05 6.462619946263964410e-01 -1.993383366323777837e-04 9.999999798302497966e-01 2.457087438741578140e-05 -1.509749215999850068e-03 2.347311820450063475e-05 -2.456619577643582246e-05 9.999999994227574129e-01 2.574285727381684340e-03 9.998965263366699219e-01 -5.368447546061361209e-06 -1.438928116112947464e-02 3.473987579345703125e-01 5.374362899601692334e-06 9.999999403953552246e-01 3.121392069260764401e-07 -5.180266452953219414e-05 1.438928861171007156e-02 -3.894334383858222282e-07 9.998964667320251465e-01 -1.522325095720589161e-03 1.822086334228515625e+01
5.300000000000000000e+06 9.999999989668292288e-01 3.212467896400380700e-05 3.216125876798388712e-05 1.194294062439699936e-03 -3.212461701014649303e-05 9.999999994821481275e-01 -1.926865244308928852e-06 -7.470012960255021381e-04 -3.216132065125646837e-05 1.925832074198196749e-06 9.999999994809702919e-01 2.089839383052695160e-04 9.999081492424011230e-01 -3.690592393468250521e-06 1.355113927274942398e-02 6.674873828887939453e-02 3.692111931741237640e-06 1.000000119209289551e+00 -1.041613018060161266e-07 -4.901501233689486980e-05 -1.355114579200744629e-02 1.541954759431973798e-07 9.999081492424011230e-01 -1.411353703588247299e-02 1.699721527099609375e+01
5.400000000000000000e+06 9.999999996879834763e-01 -1.203854049800280005e-06 2.495163071489725303e-05 2.133157632344084755e-03 1.203707119292961911e-06 9.999999999819375596e-01 5.888627595256034429e-06 -2.882604592305451196e-04 -2.495163780349474359e-05 -5.888597558963160818e-06 9.999999996713700989e-01 2.530729926525536531e-04 9.990311264991760254e-01 -5.513059591066848952e-07 4.400886222720146179e-02 -2.422371692955493927e-02 5.419185526989167556e-07 1.000000000000000000e+00 2.193302748310088646e-07 -5.700321344193071127e-05 -4.400886595249176025e-02 -1.952632402435483527e-07 9.990311264991760254e-01 -4.049934074282646179e-02 1.777273559570312500e+01
5.500000000000000000e+06 9.999998655590619512e-01 5.111257301766841676e-04 -8.736331125288601066e-05 2.455975854997334562e-01 -5.111278045799166891e-04 9.999998690927648370e-01 -2.372388103853361553e-05 -1.207739154619575164e-03 8.735117393047218178e-05 2.376853166620796675e-05 9.999999959024147289e-01 7.983795111177195399e-04 9.998112916946411133e-01 -1.589675804325452191e-07 1.942592859268188477e-02 -1.152679603546857834e-02 1.751038070096910815e-07 1.000000000000000000e+00 -7.957968364280532114e-07 -5.884608617634512484e-05 -1.942593231797218323e-02 7.990047379280440509e-07 9.998112916946411133e-01 -2.276089042425155640e-02 1.614521598815917969e+01
5.600000000000000000e+06 9.999999088964456329e-01 4.111020415288235610e-04 -1.149009143682438278e-04 2.231377088072120096e-01 -4.111032877850506837e-04 9.999999154384755506e-01 -1.082294893298393910e-05 -2.929876282127351198e-04 1.148964553158488726e-04 1.087018408848808283e-05 9.999999933403220798e-01 3.715037189374267596e-04 9.998700618743896484e-01 -5.395470026314796996e-08 -1.611760444939136505e-02 8.300998248159885406e-03 6.052080436802498298e-08 1.000000000000000000e+00 4.337681787092151353e-07 -5.364973912946879864e-05 1.611760817468166351e-02 -4.346549928868626012e-07 9.998700618743896484e-01 1.783937402069568634e-02 1.616243171691894531e+01
5.700000000000000000e+06 9.999999176724825301e-01 -3.903833152813373933e-04 -1.107063344196395840e-04 5.117983879819555382e-01 3.903892189177216162e-04 9.999999223771249834e-01 5.331040188875560128e-05 1.342841194865606940e-03 1.106855143344981704e-04 -5.335361606003205813e-05 9.999999924510540872e-01 1.448981277184343630e-03 9.999061226844787598e-01 -3.284897331923275487e-08 -1.370084099471569061e-02 7.492735516279935837e-03 4.340705572758452035e-08 1.000000000000000000e+00 7.327251410060853232e-07 -5.085325756226666272e-05 1.370084285736083984e-02 -7.332388918257493060e-07 9.999061226844787598e-01 1.544398348778486252e-02 1.638118362426757812e+01
5.800000000000000000e+06 9.999999980359476348e-01 6.264415845620474642e-05 1.952957243905405155e-06 1.616064662957377579e-02 -6.264416457739629919e-05 9.999999980329420390e-01 3.134415688238972301e-06 1.177092204168841744e-04 -1.952760887230976844e-06 -3.134538023457695296e-06 9.999999999931806771e-01 1.090321084090808344e-04 9.999997615814208984e-01 8.300856002563250513e-09 7.246953900903463364e-04 -4.806924698641523719e-05 -8.107962301551197015e-09 1.000000000000000000e+00 1.047120221642217075e-07 -4.494855966186150908e-05 -7.246955647133290768e-04 -1.047277535803914361e-07 9.999997615814208984e-01 -3.411671787034720182e-04 1.699123191833496094e+01
5.900000000000000000e+06 9.999999661387746208e-01 2.228784569538142272e-04 -1.343415207808410655e-04 2.298152268812705956e-01 -2.228813691531364135e-04 9.999999749273049687e-01 -2.166300100077369532e-05 7.324259446011541132e-04 1.343366891963834037e-04 2.169294248881323912e-05 9.999999907415352274e-01 6.347040517997675326e-04 9.999987483024597168e-01 1.772704827374127490e-08 1.589644933119416237e-03 -7.229389157146215439e-04 -1.773662461346248165e-08 1.000000000000000000e+00 -1.221822003572015092e-07 -2.066783736154320650e-06 -1.589645631611347198e-03 1.221666678929977934e-07 9.999987483024597168e-01 -1.732953242026269436e-03 1.690431976318359375e+01
