0.000000000000000000e+00 9.999896201561774278e-01 -4.536559496811885805e-03 -4.233284220439131060e-04 1.649573224366512880e-01 4.536654986705628001e-03 9.999896840410870125e-01 2.248823274329481657e-04 2.724501095054553471e-03 4.223038629035505464e-04 -2.268004882679671927e-04 9.999998851104814346e-01 2.264309853454987611e-03 9.999795556068420410e-01 -6.385928951203823090e-03 2.609402872622013092e-04 9.155806899070739746e-02 6.385809276252985001e-03 9.999794960021972656e-01 4.604047862812876701e-04 2.320159226655960083e-03 -2.638755249790847301e-04 -4.587290459312498569e-04 9.999998211860656738e-01 1.529485452920198441e-03 5.784562988281250000e+02
1.038750000000000000e+05 9.999826519004889613e-01 -5.880113889901528515e-03 -3.466383784899077880e-04 1.129577293567884388e-01 5.880191544818624133e-03 9.999826865628503869e-01 2.234309727089339552e-04 3.071299667754414254e-03 3.453185774014586799e-04 -2.254653967002603118e-04 9.999999149602125659e-01 1.791298843627875653e-03 9.999752640724182129e-01 -7.028209511190652847e-03 -1.647270255489274859e-04 9.421081840991973877e-02 7.028292864561080933e-03 9.999752044677734375e-01 5.141666624695062637e-04 2.317378995940089226e-03 1.611095358384773135e-04 -5.153120146133005619e-04 9.999998807907104492e-01 1.760457060299813747e-03 5.125664138793945312e+01
2.078940000000000000e+05 9.999813607562434425e-01 -6.101640291263696510e-03 -2.193788989976078825e-04 6.662632507125416936e-02 6.101688822710491823e-03 9.999813600506325395e-01 2.212375458313555875e-04 2.722021612214177606e-03 2.180248979079869615e-04 -2.225720038618865960e-04 9.999999514634239084e-01 1.524639956190947110e-03 9.999715089797973633e-01 -7.520209532231092453e-03 -6.863341550342738628e-04 9.776867926120758057e-02 7.520406972616910934e-03 9.999716281890869141e-01 2.858361112885177135e-04 3.525230567902326584e-03 6.841645808890461922e-04 -2.909884788095951080e-04 9.999997019767761230e-01 1.712060184217989445e-03 5.021267318725585938e+01
3.117500000000000000e+05 9.999534563292081790e-01 -9.644626380542122013e-03 -2.576027841200308460e-04 1.077706253509220641e-01 9.644745424562766595e-03 9.999533802685114381e-01 4.649486215646881412e-04 5.541510701608452251e-03 2.531065191001767014e-04 -4.674114943711661163e-04 9.999998587317854293e-01 2.504909364478520757e-03 9.999570250511169434e-01 -9.145541116595268250e-03 -1.476999255828559399e-03 1.039242595434188843e-01 9.146448224782943726e-03 9.999579787254333496e-01 6.110390531830489635e-04 5.731394048780202866e-03 1.471350085921585560e-03 -6.245219847187399864e-04 9.999987483024597168e-01 -1.260527060367166996e-03 5.012739181518554688e+01
4.156220000000000000e+05 9.999364639178185410e-01 -1.126825469632070954e-02 -3.075148252166619279e-04 1.387884931931652466e-01 1.126842064432702871e-02 9.999363617076418853e-01 5.433533004193206051e-04 7.057809815040555837e-03 3.013726122031942811e-04 -5.467839842373089631e-04 9.999998051008952560e-01 2.937037503824464334e-03 9.999343752861022949e-01 -1.130468398332595825e-02 -1.863608020357787609e-03 1.140498518943786621e-01 1.130505744367837906e-02 9.999360442161560059e-01 1.882950164144858718e-04 6.707527674734592438e-03 1.861360738985240459e-03 -2.093524817610159516e-04 9.999982714653015137e-01 -8.837897912599146366e-04 5.005779266357421875e+01
5.194990000000000000e+05 9.999141477096352704e-01 -1.310246071461980411e-02 -1.507698957435789529e-04 1.342685839939592451e-01 1.310255236900019493e-02 9.999139632406224276e-01 6.238878672340213019e-04 8.335658658425195572e-03 1.425824576349820315e-04 -6.258097755061949171e-04 9.999997940161604593e-01 2.972435395399704132e-03 9.999082088470458984e-01 -1.351376995444297791e-02 -1.069227699190378189e-03 1.273107379674911499e-01 1.351364143192768097e-02 9.999086260795593262e-01 -1.319263683399185538e-04 7.248097099363803864e-03 1.070910831913352013e-03 1.174664284917525947e-04 9.999993443489074707e-01 -7.473326986655592918e-04 4.796656036376953125e+01
6.233770000000000000e+05 9.999157301134076192e-01 -1.298148660322989006e-02 -1.169344949838969309e-04 1.206565013395654584e-01 1.298155883812540309e-02 9.999155313549341617e-01 6.397512315593263275e-04 8.037894790917179261e-03 1.086196954628466927e-04 -6.412153118542726496e-04 9.999997885223158578e-01 2.940626313059071725e-03 9.998703002929687500e-01 -1.610431075096130371e-02 -1.502521336078643799e-04 1.400279700756072998e-01 1.610430143773555756e-02 9.998703598976135254e-01 -2.664368003024719656e-05 9.459931403398513794e-03 1.506639964645728469e-04 2.421790486550889909e-05 1.000000119209289551e+00 -4.982291138730943203e-04 4.845040130615234375e+01
7.271220000000000000e+05 9.998371924665381272e-01 -1.804339378443589603e-02 1.564976246324281000e-04 1.517774463174897115e-01 1.804323805888516374e-02 9.998367608100459103e-01 9.451366753977502718e-04 1.225740189215348240e-02 -1.735255518171044376e-04 -9.421590760397493972e-04 9.999995411124599221e-01 3.483547755461279937e-03 9.998261928558349609e-01 -1.864295080304145813e-02 -2.044563443632796407e-04 1.537104099988937378e-01 1.864266395568847656e-02 9.998252987861633301e-01 -1.353333238512277603e-03 8.814394474029541016e-03 2.296494785696268082e-04 1.349287573248147964e-03 9.999990463256835938e-01 -2.443275880068540573e-04 4.833974456787109375e+01
8.308740000000000000e+05 9.998344633391518244e-01 -1.819400277246118608e-02 1.555371231041386164e-04 1.578234196482597718e-01 1.819384596278750960e-02 9.998340209879699181e-01 9.562706238113083314e-04 1.247560654170975017e-02 -1.729096970952381492e-04 -9.532825075907003318e-04 9.999995306772518910e-01 3.505474018710755344e-03 9.997990131378173828e-01 -2.004464715719223022e-02 -2.216273423982784152e-04 1.649828106164932251e-01 2.004429697990417480e-02 9.997980594635009766e-01 -1.479302067309617996e-03 1.067213620990514755e-02 2.512347418814897537e-04 1.474564196541905403e-03 9.999988675117492676e-01 -1.080317524611018598e-04 4.844675064086914062e+01
9.346220000000000000e+05 9.997893244087827647e-01 -2.052331139547847183e-02 3.170129537670178174e-04 1.585822368261173843e-01 2.052295075499410704e-02 9.997887749510900868e-01 1.101809307715051174e-03 1.425482142182881752e-02 -3.395587676963381443e-04 -1.095071142302706272e-03 9.999993427593173445e-01 3.744454634418845941e-03 9.997520446777343750e-01 -2.226583659648895264e-02 -3.913249820470809937e-04 1.728546917438507080e-01 2.226582355797290802e-02 9.997521042823791504e-01 -2.176898415200412273e-04 1.348628941923379898e-02 3.960763569921255112e-04 2.089226909447461367e-04 9.999998807907104492e-01 2.230941550806164742e-03 4.830815887451171875e+01
1.038404000000000000e+06 9.997328478101310534e-01 -2.310939061955528256e-02 4.348403313499431743e-04 1.708430410919225539e-01 2.310884254538960597e-02 9.997322035215284730e-01 1.225826131598908592e-03 1.647217277741007749e-02 -4.630519769413646335e-04 -1.215449992936758813e-03 9.999991541317511112e-01 3.967537214801052092e-03 9.997014999389648438e-01 -2.438680827617645264e-02 -1.480627339333295822e-03 1.794411092996597290e-01 2.439166046679019928e-02 9.996965527534484863e-01 3.422292415052652359e-03 1.932529173791408539e-02 1.396718318574130535e-03 -3.457386977970600128e-03 9.999930262565612793e-01 4.334760364145040512e-03 4.860003280639648438e+01
1.142127000000000000e+06 9.997233764404470646e-01 -2.351358544289760058e-02 5.309258029598437059e-04 1.556856069569882151e-01 2.351288249831624474e-02 9.997226970930342960e-01 1.293544621166744547e-03 1.661022607099817833e-02 -5.611944485364956997e-04 -1.280703199859276487e-03 9.999990224295464136e-01 4.095631185770975610e-03 9.996657967567443848e-01 -2.576352842152118683e-02 -2.110270317643880844e-03 1.857839226722717285e-01 2.577298134565353394e-02 9.996575713157653809e-01 4.543483257293701172e-03 2.366738021373748779e-02 1.992494333535432816e-03 -4.596355371177196503e-03 9.999875426292419434e-01 5.897333379834890366e-03 4.838163375854492188e+01
1.245873000000000000e+06 9.996527272907387296e-01 -2.634211159275771583e-02 7.197215771523541097e-04 1.600660978133778001e-01 2.634101224928782695e-02 9.996518952438477879e-01 1.496472934908705350e-03 1.909351838230833459e-02 -7.588912944473313535e-04 -1.476995056438917169e-03 9.999986212838967159e-01 4.255041757543854240e-03 9.996259212493896484e-01 -2.732755430042743683e-02 -1.160088344477117062e-03 1.938670724630355835e-01 2.733149752020835876e-02 9.996200203895568848e-01 3.575948299840092659e-03 2.432418800890445709e-02 1.061923685483634472e-03 -3.606318961828947067e-03 9.999928474426269531e-01 5.624613258987665176e-03 4.844425582885742188e+01
1.349627000000000000e+06 9.996081595539508813e-01 -2.798216719185219262e-02 7.250335448900534696e-04 1.805557410800609497e-01 2.798102202848257516e-02 9.996072618115133812e-01 1.544195960311509725e-03 2.077749844001479385e-02 -7.679587460000357338e-04 -1.523303702319493301e-03 9.999985448915410524e-01 4.369048713551758854e-03 9.995445609092712402e-01 -3.016305342316627502e-02 -9.368516621179878712e-04 2.020513713359832764e-01 3.016378358006477356e-02 9.995447397232055664e-01 7.500867359340190887e-04 2.327476069331169128e-02 9.138025925494730473e-04 -7.779960287734866142e-04 9.999993443489074707e-01 1.218547695316374302e-03 4.834038543701171875e+01
1.453253000000000000e+06 9.995329871889446771e-01 -3.055109265433277044e-02 6.620150924459149199e-04 2.263293159324659409e-01 3.055001886902118657e-02 9.995319974632144167e-01 1.575563239408836816e-03 2.378215276207066783e-02 -7.098404459463654404e-04 -1.554602857742551011e-03 9.999985396671898785e-01 4.209997814081173177e-03 9.994937181472778320e-01 -3.181681409478187561e-02 -7.821354665793478489e-05 2.087318003177642822e-01 3.181682527065277100e-02 9.994922876358032227e-01 1.664368668571114540e-03 2.651835419237613678e-02 2.521707574487663805e-05 -1.666016178205609322e-03 9.999985694885253906e-01 2.775442553684115410e-04 4.826752090454101562e+01
1.556997000000000000e+06 9.993562688000230398e-01 -3.586330974025785101e-02 9.333006731022657366e-04 2.129970555438397417e-01 3.586130555723647528e-02 9.993546073728295509e-01 2.082189249400566086e-03 2.985141448213007864e-02 -1.007372524246525833e-03 -2.047379499293088857e-03 9.999973967155547649e-01 5.358647825860053324e-03 9.994471073150634766e-01 -3.324704617261886597e-02 3.413386584725230932e-04 2.148822993040084839e-01 3.324626013636589050e-02 9.994451999664306641e-01 2.026610542088747025e-03 3.016748465597629547e-02 -4.085289838258177042e-04 -2.014152705669403076e-03 9.999978542327880859e-01 1.339123118668794632e-03 4.839414215087890625e+01
1.660772000000000000e+06 9.992762437909590290e-01 -3.802585677290645089e-02 1.011345750265638544e-03 1.758352074250080221e-01 3.802212839879704626e-02 9.992708359334881996e-01 3.480547857000847092e-03 3.336860700181172590e-02 -1.142959126813683501e-03 -3.439575271147130627e-03 9.999934314616600872e-01 4.802202555971001215e-03 9.993683099746704102e-01 -3.553970158100128174e-02 1.839556935010477901e-04 2.194489687681198120e-01 3.553947433829307556e-02 9.993667602539062500e-01 1.682905829511582851e-03 2.867658250033855438e-02 -2.436522336211055517e-04 -1.675299368798732758e-03 9.999985694885253906e-01 6.704993429593741894e-04 4.856524658203125000e+01
1.764374000000000000e+06 9.992892316666935892e-01 -3.768127226869584512e-02 1.073810234646704973e-03 1.986966232001400878e-01 3.767850324198071532e-02 9.992868063917015320e-01 2.491753941280260964e-03 3.148556113607500762e-02 -1.166936867044423166e-03 -2.449523315310608244e-03 9.999963190398349910e-01 5.834397844004317671e-03 9.993640184402465820e-01 -3.565063700079917908e-02 -6.676744669675827026e-04 2.199064046144485474e-01 3.565231338143348694e-02 9.993606805801391602e-01 2.688103588297963142e-03 3.166450187563896179e-02 5.714152357541024685e-04 -2.710198517888784409e-03 9.999961853027343750e-01 1.006929902359843254e-03 4.834112167358398438e+01
1.868002000000000000e+06 9.992718343031046224e-01 -3.814148648879575609e-02 1.013936448161382141e-03 1.990908904021063963e-01 3.813884983901308368e-02 9.992693128857387252e-01 2.503666836452147441e-03 3.206793779210639905e-02 -1.108689159823713667e-03 -2.463173379149306060e-03 9.999963517856957917e-01 5.818587855313626413e-03 9.993473291397094727e-01 -3.612128645181655884e-02 -4.851866688113659620e-04 2.262274175882339478e-01 3.612256422638893127e-02 9.993421435356140137e-01 3.209950402379035950e-03 3.760523721575737000e-02 3.689177974592894316e-04 -3.225385444238781929e-03 9.999947547912597656e-01 -4.111038055270910263e-03 4.848105621337890625e+01
1.971750000000000000e+06 9.992208671073186110e-01 -3.946097036349218573e-02 7.003788573362371411e-04 2.189003615421176163e-01 3.945946841947167022e-02 9.992190846063568888e-01 2.042372567481447448e-03 3.378293374869750093e-02 -7.804259253319143462e-04 -2.013144709968510328e-03 9.999976690891223541e-01 5.717729971707573300e-03 9.992625117301940918e-01 -3.839168697595596313e-02 -6.089981179684400558e-04 2.296906411647796631e-01 3.839217126369476318e-02 9.992624521255493164e-01 7.855304866097867489e-04 3.383675217628479004e-02 5.783950327895581722e-04 -8.083335706032812595e-04 9.999994635581970215e-01 -5.229389294981956482e-03 4.849148941040039062e+01
2.075498000000000000e+06 9.991881532211949191e-01 -4.028094858025831754e-02 6.925094092887396253e-04 2.163756137129055068e-01 4.027941523614999436e-02 9.991862452607617184e-01 2.101407896804189518e-03 3.455457405416622468e-02 -7.765925837760019254e-04 -2.071808000160381760e-03 9.999975522546764584e-01 5.877140667501402557e-03 9.991707205772399902e-01 -4.066643118858337402e-02 -2.053911099210381508e-03 2.324984967708587646e-01 4.065869003534317017e-02 9.991663694381713867e-01 -3.678192850202322006e-03 2.799022942781448364e-02 2.201778348535299301e-03 3.591637592762708664e-03 9.999912381172180176e-01 -5.303369835019111633e-03 4.913910293579101562e+01
2.179126000000000000e+06 9.990421382400960226e-01 -4.375513799575761476e-02 5.421407194180832487e-04 2.121736779070937107e-01 4.375371952699000366e-02 9.990394684415805360e-01 2.398441252068463179e-03 3.857797944591771083e-02 -6.465641042742659508e-04 -2.372423203886463074e-03 9.999969767769255613e-01 6.027914955400441588e-03 9.990647435188293457e-01 -4.321073368191719055e-02 -1.580986543558537960e-03 2.381317466497421265e-01 4.320192337036132812e-02 9.990523457527160645e-01 -5.296058952808380127e-03 2.723420970141887665e-02 1.808330067433416843e-03 5.222802050411701202e-03 9.999846816062927246e-01 -2.212786115705966949e-03 4.909843063354492188e+01
2.282875000000000000e+06 9.989233700703989971e-01 -4.639004859664618008e-02 2.534300800816850080e-04 2.304990428766115207e-01 4.638950360691393437e-02 9.989217212367985654e-01 1.846322016818858006e-03 4.137662058651522118e-02 -3.388077755952348434e-04 -1.832577716353790253e-03 9.999982634326819442e-01 6.402445045055400047e-03 9.989092946052551270e-01 -4.666416719555854797e-02 1.633117441087961197e-03 2.456638216972351074e-01 4.666408151388168335e-02 9.989106059074401855e-01 5.563661761698313057e-05 3.859853744506835938e-02 -1.633932930417358875e-03 2.063791544060222805e-05 9.999986290931701660e-01 1.963997259736061096e-03 4.849532699584960938e+01
2.386504000000000000e+06 9.988494066570360319e-01 -4.795599900551908434e-02 2.917099813221557189e-04 2.295550089503238245e-01 4.795539664288880899e-02 9.988478456030268626e-01 1.805929570552109202e-03 4.283842324525168055e-02 -3.779790387836061763e-04 -1.789862612950423844e-03 9.999983267605198067e-01 6.089944703465460275e-03 9.987252950668334961e-01 -5.038804933428764343e-02 2.972013782709836960e-03 2.545753121376037598e-01 5.037059634923934937e-02 9.987145662307739258e-01 5.652596242725849152e-03 5.206239223480224609e-02 -3.253018250688910484e-03 -5.495696794241666794e-03 9.999796748161315918e-01 5.125451833009719849e-03 4.917420959472656250e+01
2.490144000000000000e+06 9.987834579244146971e-01 -4.931051169878951368e-02 2.788314250985919618e-04 2.320513332868760492e-01 4.930996231301666699e-02 9.987820460180198978e-01 1.718226793562020131e-03 4.411213800632834275e-02 -3.632184589974010724e-04 -1.702387332183979193e-03 9.999984849737971748e-01 5.883390269494920798e-03 9.986200332641601562e-01 -5.251704528927803040e-02 1.345270429737865925e-04 2.592584192752838135e-01 5.251647904515266418e-02 9.986150264739990234e-01 3.157315542921423912e-03 5.023135617375373840e-02 -3.001500153914093971e-04 -3.145889844745397568e-03 9.999949336051940918e-01 4.051672760397195816e-03 4.903433609008789062e+01
2.593620000000000000e+06 9.987626515198213539e-01 -4.973027808341111411e-02 2.553303254002273898e-04 2.373764457983646436e-01 4.972978557814389244e-02 9.987613179092130755e-01 1.666762474143240963e-03 4.458833935168007162e-02 -3.379026195518716703e-04 -1.652002584738010470e-03 9.999985783535274564e-01 5.894836242470713299e-03 9.985058307647705078e-01 -5.463204532861709595e-02 -1.187183428555727005e-03 2.672726511955261230e-01 5.463260412216186523e-02 9.985064268112182617e-01 4.904476227238774300e-04 4.540769010782241821e-02 1.158616389147937298e-03 -5.545692984014749527e-04 9.999991655349731445e-01 3.954579122364521027e-03 4.910307312011718750e+01
2.697329000000000000e+06 9.987356124620320186e-01 -5.027091405396291734e-02 1.074357765149861859e-04 2.462283461787696803e-01 5.027072560405634882e-02 9.987347301341056305e-01 1.338997137256265572e-03 4.479933762419419097e-02 -1.746124528060140259e-04 -1.331903251359091694e-03 9.999990977716824991e-01 6.053889000803757900e-03 9.983935356140136719e-01 -5.665735527873039246e-02 -5.904965219087898731e-04 2.767335772514343262e-01 5.665308982133865356e-02 9.983776211738586426e-01 -5.707932636141777039e-03 3.639151155948638916e-02 9.129371028393507004e-04 5.665303207933902740e-03 9.999835491180419922e-01 1.467328751459717751e-03 4.922428894042968750e+01
2.800890000000000000e+06 9.987379597205253701e-01 -5.022404433055746575e-02 -1.819287631001680809e-04 2.594206033687838642e-01 5.022419798198016205e-02 9.987374960570651883e-01 9.715041993499440916e-04 4.488477926773110777e-02 1.329062056680366830e-04 -9.794153484056998798e-04 9.999995115406219437e-01 6.311692234242164551e-03 9.983257055282592773e-01 -5.783668532967567444e-02 -8.228009101003408432e-04 2.880248725414276123e-01 5.783194676041603088e-02 9.983142614364624023e-01 -4.906155634671449661e-03 4.003375023603439331e-02 1.105165458284318447e-03 4.850367549806833267e-03 9.999876022338867188e-01 1.661309972405433655e-03 4.871843338012695312e+01
2.904641000000000000e+06 9.987242658180141008e-01 -5.049430086425873293e-02 -4.078558409094983290e-04 2.718453414408189550e-01 5.049457053327458672e-02 9.987241036843186315e-01 6.804164095490808318e-04 4.516401704300603698e-02 3.729783068795198891e-04 -7.001428853776514626e-04 9.999996853434994781e-01 6.105336549161054574e-03 9.983488917350769043e-01 -5.743359774351119995e-02 9.087030193768441677e-04 2.974367439746856689e-01 5.743567273020744324e-02 9.983463287353515625e-01 -2.374937757849693298e-03 4.430609941482543945e-02 -7.707959157414734364e-04 2.423200756311416626e-03 9.999967813491821289e-01 2.627424662932753563e-03 4.855945587158203125e+01
3.008248000000000000e+06 9.988866846480118911e-01 -4.717159353952318779e-02 -4.816763249492249724e-04 2.727381037977962830e-01 4.717202275814066925e-02 9.988863546074824296e-01 9.224229625158003511e-04 4.272194600151164867e-02 4.376277475911473022e-04 -9.441176612749685535e-04 9.999994585617554277e-01 5.825867452964927050e-03 9.982526898384094238e-01 -5.906545743346214294e-02 1.713023288175463676e-03 3.106378316879272461e-01 5.906826257705688477e-02 9.982526898384094238e-01 -1.607812009751796722e-03 4.721366986632347107e-02 -1.615068293176591396e-03 1.706186332739889622e-03 9.999972581863403320e-01 2.176844980567693710e-03 4.922528076171875000e+01
3.112001000000000000e+06 9.988705590308186721e-01 -4.750770864067901250e-02 -7.899785218257308374e-04 2.915708864456466598e-01 4.750814129126277457e-02 9.988707058311211417e-01 5.382270536212967020e-04 4.312516847705263195e-02 7.635164713388916356e-04 -5.751495667998336898e-04 9.999995431227118869e-01 5.184220180034149715e-03 9.981776475906372070e-01 -6.033862382173538208e-02 7.684838492423295975e-04 3.198237419128417969e-01 6.033949553966522217e-02 9.981773495674133301e-01 -1.144831767305731773e-03 4.813686013221740723e-02 -6.980066536925733089e-04 1.189117669127881527e-03 9.999990463256835938e-01 1.635310123674571514e-03 4.833552169799804688e+01
3.215751000000000000e+06 9.990193302096735950e-01 -4.427609181630387525e-02 7.517189888613605951e-05 2.418371417935712420e-01 4.427590869073183555e-02 9.990179889487714737e-01 1.643702044215576870e-03 3.959641763728134756e-02 -1.478747785456865655e-04 -1.638761811371828962e-03 9.999986462955335886e-01 6.011383776680692334e-03 9.981883168220520020e-01 -6.015222519636154175e-02 1.358660170808434486e-03 3.303059637546539307e-01 6.015226617455482483e-02 9.981891512870788574e-01 -1.157257975137326866e-05 5.009597912430763245e-02 -1.355504384264349937e-03 9.328411397291347384e-05 9.999990463256835938e-01 1.440912717953324318e-03 4.870905685424804688e+01
3.319374000000000000e+06 9.988346331023018054e-01 -4.825622815795223286e-02 -8.438941610550012391e-04 2.958404540961884210e-01 4.825658191320074397e-02 9.988348908150008754e-01 4.039686094313736306e-04 4.366604982168536403e-02 8.234169308138215198e-04 -4.442212855298452792e-04 9.999995623259075872e-01 5.199015021190164614e-03 9.981895685195922852e-01 -6.011654064059257507e-02 1.853618072345852852e-03 3.467434048652648926e-01 6.011697277426719666e-02 9.981912970542907715e-01 -2.049308823188766837e-04 5.131731182336807251e-02 -1.837952644564211369e-03 3.159858169965445995e-04 9.999983310699462891e-01 1.051252911565825343e-04 4.824355316162109375e+01
3.423126000000000000e+06 9.988990424330618234e-01 -4.691138870243425490e-02 -1.574701637075397610e-04 2.533695496214107279e-01 4.691155693370991503e-02 9.988981624208937982e-01 1.329322713487307182e-03 4.246287565048775109e-02 9.493628719925081838e-05 -1.335246355705252798e-03 9.999991040517994811e-01 6.199801528078991569e-03 9.982108473777770996e-01 -5.978065356612205505e-02 1.236404525116086006e-03 3.594499528408050537e-01 5.977982655167579651e-02 9.982113242149353027e-01 7.435958250425755978e-04 5.195732414722442627e-02 -1.278642332181334496e-03 -6.683490355499088764e-04 9.999989867210388184e-01 1.840563956648111343e-03 4.857737731933593750e+01
3.526893000000000000e+06 9.987073965477759607e-01 -5.082098652009554157e-02 -8.737311116047935360e-04 3.053756306542091403e-01 5.082110614769246720e-02 9.987077660075327490e-01 1.152490223203611700e-04 4.551677836544359285e-02 8.667449775419482343e-04 -1.595040326692551418e-04 9.999996116557277048e-01 5.629673451298733595e-03 9.982947111129760742e-01 -5.828689411282539368e-02 3.191290656104683876e-03 3.773848712444305420e-01 5.829090252518653870e-02 9.982990026473999023e-01 -1.178464270196855068e-03 4.846060648560523987e-02 -3.117171814665198326e-03 1.362476148642599583e-03 9.999942183494567871e-01 5.305357277393341064e-03 4.872259140014648438e+01
3.630648000000000000e+06 9.986426049792197501e-01 -5.208230600167915170e-02 -6.171815064409284313e-04 2.869880170687185150e-01 5.208248416879182607e-02 9.986427482075086459e-01 2.762001252245043143e-04 4.637164334388939324e-02 6.019586962457283740e-04 -3.079695586918756458e-04 9.999997714002125671e-01 5.963897586519128526e-03 9.984279274940490723e-01 -5.598722398281097412e-02 2.658744808286428452e-03 3.885746002197265625e-01 5.599435046315193176e-02 9.984273910522460938e-01 -2.685659332200884819e-03 4.012899473309516907e-02 -2.504203701391816139e-03 2.830311190336942673e-03 9.999928474426269531e-01 7.952610962092876434e-03 4.845971298217773438e+01
3.734395000000000000e+06 9.986156863724992006e-01 -5.259049419614603149e-02 -9.751643765670633826e-04 3.331107250568100531e-01 5.259034440119630949e-02 9.986161544149441127e-01 -1.786387806140217797e-04 4.659417595764573511e-02 9.832096011301179848e-04 1.271072598644487541e-04 9.999995085712084508e-01 5.766246112472789807e-03 9.986238479614257812e-01 -5.244471505284309387e-02 2.686583902686834335e-04 4.001221358776092529e-01 5.244507268071174622e-02 9.986224770545959473e-01 -1.669645542278885841e-03 4.015219584107398987e-02 -1.807187218219041824e-04 1.681439811363816261e-03 9.999985694885253906e-01 7.079776376485824585e-03 4.837702560424804688e+01
3.838251000000000000e+06 9.988206882663657193e-01 -4.853997280718212043e-02 -1.050603915644355473e-03 4.269002048117038206e-01 4.853989159101881196e-02 9.988212394711923903e-01 -1.026798502507448620e-04 4.271461540034793974e-02 1.054349582296478611e-03 5.156255934307815356e-05 9.999994428439840100e-01 4.116340001399543258e-03 9.988314509391784668e-01 -4.832984507083892822e-02 -6.617490271310089156e-06 4.169252514839172363e-01 4.832965135574340820e-02 9.988267421722412109e-01 3.074030624702572823e-03 4.520900547504425049e-02 -1.419594045728445053e-04 -3.070759121328592300e-03 9.999952912330627441e-01 4.639579914510250092e-03 4.854668807983398438e+01
3.942122000000000000e+06 9.990517541051567862e-01 -4.353769465133122685e-02 -2.482893362401884232e-04 4.345499849842436313e-01 4.353790506703694718e-02 9.990513553264049884e-01 9.165841673504851591e-04 3.894572791142943136e-02 2.081478338226761047e-04 -9.265250183363118357e-04 9.999995491128055303e-01 3.618009048362063208e-03 9.990625977516174316e-01 -4.328386485576629639e-02 -5.603806930594146252e-04 4.334872364997863770e-01 4.328550770878791809e-02 9.990572333335876465e-01 3.309652209281921387e-03 4.210948944091796875e-02 4.165955178905278444e-04 -3.330809762701392174e-03 9.999943971633911133e-01 1.905342563986778259e-03 4.883907318115234375e+01
4.046284000000000000e+06 9.992032484291216710e-01 -3.991054315181800927e-02 -1.299775234884371477e-04 4.261596325000934216e-01 3.991065004954348627e-02 9.992027885812430066e-01 9.629767604586641832e-04 3.554412619626209913e-02 9.144097885707626501e-05 -9.673969946104393975e-04 9.999995278906955720e-01 3.311304629403916729e-03 9.992628097534179688e-01 -3.834122791886329651e-02 -1.968482974916696548e-03 4.475292563438415527e-01 3.834553062915802002e-02 9.992620944976806641e-01 2.215277403593063354e-03 3.618745878338813782e-02 1.882094657048583031e-03 -2.289124531671404839e-03 9.999955296516418457e-01 1.900627103168517351e-04 4.880428695678710938e+01
4.150266000000000000e+06 9.993558985084783908e-01 -3.588518091370960367e-02 2.048268383257948713e-04 4.602974269711629374e-01 3.588493422910449954e-02 9.993553204292946468e-01 1.102303047435337783e-03 3.179111315857678643e-02 -2.442511334902472474e-04 -1.094242855070346387e-03 9.999993714868042893e-01 3.281374872258864192e-03 9.993916153907775879e-01 -3.475566208362579346e-02 -2.897445810958743095e-03 4.625338912010192871e-01 3.475563973188400269e-02 9.993957877159118652e-01 -5.794083699584007263e-05 3.050660714507102966e-02 2.897709840908646584e-03 -4.279680433683097363e-05 9.999958276748657227e-01 1.488299691118299961e-03 4.872224044799804688e+01
4.254380000000000000e+06 9.995602663838852875e-01 -2.965251783470139457e-02 -4.544136353609987182e-05 4.543380673353669130e-01 2.965254327446385785e-02 9.995599953721815423e-01 7.364381892221523365e-04 2.592089535182524190e-02 2.358412289094261033e-05 -7.374618045785743571e-04 9.999997277969047138e-01 3.296098382525600081e-03 9.994914531707763672e-01 -3.175578266382217407e-02 -2.908069174736738205e-03 4.760482311248779297e-01 3.175549581646919250e-02 9.994956851005554199e-01 -1.440513733541592956e-04 2.377921156585216522e-02 2.911182818934321404e-03 5.162989691598340869e-05 9.999958276748657227e-01 3.797885496169328690e-03 4.850361633300781250e+01
4.358512000000000000e+06 9.996418659186252498e-01 -2.676066693896222634e-02 -8.136707897708327780e-05 4.557328383700082752e-01 2.676071587892975626e-02 9.996416395486154016e-01 6.757063725274374847e-04 2.308827210905589969e-02 6.325556737613730052e-05 -6.776418202940061005e-04 9.999997684001256104e-01 3.733066866988410046e-03 9.996362924575805664e-01 -2.689463831484317780e-02 -1.961144385859370232e-03 4.942502379417419434e-01 2.689687348902225494e-02 9.996375441551208496e-01 1.123319962061941624e-03 2.450582757592201233e-02 1.930215163156390190e-03 -1.175660174340009689e-03 9.999974370002746582e-01 2.496288856491446495e-03 4.849212646484375000e+01
4.462646000000000000e+06 9.998028471834584652e-01 -1.985389536812099884e-02 -2.993893475732393441e-04 5.442108523246698137e-01 1.985399327485485102e-02 9.998028363693176601e-01 3.276741229534952250e-04 1.828859636676832129e-02 2.928247116536175599e-04 -3.335535947020327866e-04 9.999999014978468992e-01 5.446771532965338086e-03 9.997710585594177246e-01 -2.125185541808605194e-02 -2.518015913665294647e-03 5.093719363212585449e-01 2.125407755374908447e-02 9.997737407684326172e-01 8.570358040742576122e-04 1.991194486618041992e-02 2.499232767149806023e-03 -9.103582706302404404e-04 9.999964833259582520e-01 -5.591300432570278645e-04 4.860480117797851562e+01
4.566885000000000000e+06 9.999126421602752002e-01 -1.321000429052982504e-02 -4.514955246613974976e-04 5.445253461002018680e-01 1.321015601856872536e-02 9.999126860574714115e-01 3.347428835785536540e-04 1.225744283088817804e-02 4.470341482237133218e-04 -3.406779670270075199e-04 9.999998420494963236e-01 6.429027289910302714e-03 9.998637437820434570e-01 -1.643501967191696167e-02 -1.522910897620022297e-03 5.290836095809936523e-01 1.643490418791770935e-02 9.998649358749389648e-01 -8.558705303585156798e-05 1.357721444219350815e-02 1.524111023172736168e-03 6.054639015928842127e-05 9.999988079071044922e-01 -3.123255912214517593e-03 4.842947387695312500e+01
4.671250000000000000e+06 9.999104630656919790e-01 -1.337472558605624744e-02 -4.272862060666181164e-04 5.676109848324849549e-01 1.337487040929162714e-02 9.999104953311537258e-01 3.378970106207695437e-04 1.286653014979023332e-02 4.227286823219233904e-04 -3.435816537937193878e-04 9.999998516260483195e-01 6.594990771430696459e-03 9.999111294746398926e-01 -1.333006378263235092e-02 2.714401343837380409e-04 5.450425148010253906e-01 1.333030592650175095e-02 9.999107718467712402e-01 -9.169531986117362976e-04 1.051502209156751633e-02 -2.591921656858175993e-04 9.204919333569705486e-04 9.999995231628417969e-01 -3.023564750037621707e-05 4.866118240356445312e+01
4.775500000000000000e+06 9.999285105629075465e-01 -1.194799881782739916e-02 -4.680694890548947737e-04 5.814730705467264782e-01 1.194815257739754132e-02 9.999285647802809152e-01 3.270898742116105712e-04 1.183896602142148723e-02 4.641279830149702560e-04 -3.326590563600108569e-04 9.999998369615720195e-01 6.822706919193033751e-03 9.999497532844543457e-01 -9.876422584056854248e-03 1.694705686531960964e-03 5.591876506805419922e-01 9.874369949102401733e-03 9.999504685401916504e-01 1.217149663716554642e-03 8.875396102666854858e-03 -1.706638373434543610e-03 -1.200357801280915737e-03 9.999978542327880859e-01 5.242699757218360901e-03 4.844041442871093750e+01
4.879959000000000000e+06 9.999851601064041473e-01 -5.426306968531548029e-03 -4.845212024650520123e-04 6.083304938298881304e-01 5.426401453389660852e-03 9.999852581758774672e-01 1.939054556584720213e-04 5.587006477761261372e-03 4.834618692542229888e-04 -1.965317845782512773e-04 9.999998638199353307e-01 8.038158506972285441e-03 9.999753236770629883e-01 -6.810943596065044403e-03 1.737215439788997173e-03 5.771279335021972656e-01 6.806930061429738998e-03 9.999741911888122559e-01 2.304495777934789658e-03 9.367549791932106018e-03 -1.752861426211893559e-03 -2.292612334713339806e-03 9.999958276748657227e-01 7.750737480819225311e-03 4.780697631835937500e+01
4.984250000000000000e+06 9.999916547259030120e-01 -4.064516666958089240e-03 -4.125322242977632649e-04 5.758332929122218502e-01 4.064542475353511743e-03 9.999917378070849461e-01 6.174183185915309811e-05 3.639987523996132419e-03 4.122778651726318432e-04 -6.341807135258202728e-05 9.999999130025514216e-01 7.960309373341842298e-03 9.999890327453613281e-01 -4.581660963594913483e-03 8.401121594943106174e-04 5.900844335556030273e-01 4.581525456160306931e-03 9.999895691871643066e-01 1.213910727528855205e-04 2.565993461757898331e-03 -8.406682754866778851e-04 -1.175422003143467009e-04 9.999996423721313477e-01 2.896686550229787827e-03 4.751567840576171875e+01
5.088502000000000000e+06 9.999975988751336198e-01 -2.166417486724016035e-03 -3.299686067116641263e-04 6.148139107027100758e-01 2.166413388444153858e-03 9.999976532421539499e-01 -1.277712980617712215e-05 1.941276220251053099e-03 3.299955129524607001e-04 1.206225072542912763e-05 9.999999454787307229e-01 8.372938468671322146e-03 9.999985098838806152e-01 -1.746956259012222290e-03 -3.979411849286407232e-05 6.079012155532836914e-01 1.746845664456486702e-03 9.999954700469970703e-01 -2.434120746329426765e-03 -2.633458934724330902e-03 4.404709761729463935e-05 2.434048335999250412e-03 9.999969601631164551e-01 -5.844277620781213045e-05 4.701411056518554688e+01
5.192878000000000000e+06 9.999994524913387028e-01 -1.010603906179237009e-03 -2.714715586269434940e-04 6.198241011602503292e-01 1.010588891547985592e-03 9.999994878181485136e-01 -5.543978551887213905e-05 7.567459915956537518e-04 2.715274472459235414e-04 5.516540903349486421e-05 9.999999616148121939e-01 8.499633018245503560e-03 9.999982714653015137e-01 6.174174486659467220e-04 1.767903682775795460e-03 6.235796809196472168e-01 -6.134335417300462723e-04 9.999973773956298828e-01 -2.216693246737122536e-03 -2.559709362685680389e-03 -1.769270980730652809e-03 2.215605927631258965e-03 9.999960064888000488e-01 2.088496694341301918e-03 4.680201721191406250e+01
5.297154000000000000e+06 9.999997898947800001e-01 -5.986486445493754797e-04 -2.486567726717199946e-04 6.228116514191021080e-01 5.986378163472636134e-04 9.999998198650583703e-01 -4.361892595473198554e-05 3.775409396090261037e-04 2.486828402912029000e-04 4.347006144071892918e-05 9.999999681335983714e-01 8.613234286021452177e-03 9.999947547912597656e-01 1.469117705710232258e-03 2.892266027629375458e-03 6.395282149314880371e-01 -1.470989547669887543e-03 9.999987483024597168e-01 6.339013343676924706e-04 -2.894270292017608881e-04 -2.891334705054759979e-03 -6.381510756909847260e-04 9.999955892562866211e-01 8.528983220458030701e-03 4.645439910888671875e+01
5.401501000000000000e+06 9.999999525348705065e-01 -2.041775840079914012e-04 -2.307417897169397830e-04 6.103655118242478084e-01 2.041490990923215470e-04 9.999999715396306055e-01 -1.234661284517161691e-04 -1.756568414376504048e-04 2.307669921650631667e-04 1.234190168641842759e-04 9.999999657571712053e-01 8.516487557589273033e-03 9.999979734420776367e-01 1.917316694743931293e-03 6.483802571892738342e-04 6.551343202590942383e-01 -1.918843714520335197e-03 9.999952316284179688e-01 2.396018244326114655e-03 1.644166768528521061e-03 -6.437742849811911583e-04 -2.397254575043916702e-03 9.999968409538269043e-01 8.566783741116523743e-03 4.635014343261718750e+01
5.505749000000000000e+06 9.999994935024641984e-01 9.902055299606058597e-04 -1.802438322749201128e-04 6.449558870664845456e-01 -9.902146688023551885e-04 9.999995084561249525e-01 -5.062048420300064509e-05 -8.391075758464102297e-04 1.801936189945581800e-04 5.079893864776867314e-05 9.999999824748638799e-01 8.754909583889476654e-03 9.999949336051940918e-01 1.713513978756964207e-03 -2.674418268725275993e-03 6.653316020965576172e-01 -1.708972500637173653e-03 9.999970793724060059e-01 1.702395384199917316e-03 3.164645982906222343e-03 2.677331911399960518e-03 -1.697824336588382721e-03 9.999949932098388672e-01 4.683318547904491425e-03 4.587174224853515625e+01
5.610008000000000000e+06 9.999987666405416586e-01 1.562335301335972867e-03 -1.607042437631750215e-04 6.749081136989588670e-01 -1.562328025633306222e-03 9.999987785347490554e-01 4.538944595717923393e-05 -9.724841460390617250e-04 1.607749610007572455e-04 -4.513831723711758431e-05 9.999999860569722676e-01 8.921956308338684430e-03 9.999992251396179199e-01 1.246599596925079823e-03 -1.796424621716141701e-04 6.838040947914123535e-01 -1.246528699994087219e-03 9.999991059303283691e-01 3.612214932218194008e-04 -2.355032629566267133e-04 1.800866157282143831e-04 -3.609945706557482481e-04 9.999999403953552246e-01 4.267187614459544420e-04 4.611868667602539062e+01
5.714253000000000000e+06 9.999987132135729206e-01 1.598607113407874173e-03 -1.342626828329799476e-04 7.062048680613660645e-01 -1.598596255373778202e-03 9.999987189685312083e-01 8.093998791486158929e-05 -7.270455807317443252e-04 1.343919020800708871e-04 -8.072525193808908095e-05 9.999999877111249713e-01 8.944251011003928956e-03 9.999962449073791504e-01 1.525969128124415874e-03 2.273107413202524185e-03 7.008289694786071777e-01 -1.524793915450572968e-03 9.999987483024597168e-01 -5.209047812968492508e-04 -1.664144452661275864e-03 -2.273902297019958496e-03 5.174413672648370266e-04 9.999973177909851074e-01 -2.050819894066080451e-04 4.573884963989257812e+01
5.818377000000000000e+06 9.999996973907584463e-01 7.590152471014547861e-04 -1.706290352503058707e-04 7.070083707382213145e-01 -7.589951734811072395e-04 9.999997050389802800e-01 1.176787999436774138e-04 1.124943964566057554e-04 1.707183049216356172e-04 -1.175492577233799998e-04 9.999999785187166923e-01 8.897389885139004098e-03 9.999919533729553223e-01 1.840953365899622440e-03 3.555075498297810555e-03 7.175199985504150391e-01 -1.843997044488787651e-03 9.999979734420776367e-01 8.554045925848186016e-04 -6.533360283356159925e-05 -3.553487127646803856e-03 -8.619559812359511852e-04 9.999933242797851562e-01 4.588546697050333023e-03 4.560879898071289062e+01
5.922523000000000000e+06 9.999986734604736638e-01 1.627802550764541854e-03 -5.775961366095132564e-05 7.617714424092927317e-01 -1.627797985670793954e-03 9.999986720158631215e-01 7.899526855978854180e-05 -4.006077655131218404e-04 5.788812565558122827e-05 -7.890114278753577830e-05 9.999999952117872848e-01 9.068665389019970810e-03 9.999928474426269531e-01 1.824068254791200161e-03 3.302375553175806999e-03 7.319613695144653320e-01 -1.827545231208205223e-03 9.999977946281433105e-01 1.048979349434375763e-03 -7.274833624251186848e-04 -3.300464013591408730e-03 -1.055008498951792717e-03 9.999939799308776855e-01 8.689804002642631531e-03 4.594774246215820312e+01
6.026772000000000000e+06 9.999982961432872797e-01 1.842715170048075859e-03 -1.100517666051788261e-04 7.292731351657192329e-01 -1.842704835470074329e-03 9.999982978062121886e-01 9.393420216714092345e-05 -7.205980342750942930e-04 1.102246732516649826e-04 -9.373124919823562896e-05 9.999999895324873656e-01 8.985208931771205068e-03 9.999977946281433105e-01 1.855589798651635647e-03 -1.044237753376364708e-03 7.418152689933776855e-01 -1.854400383308529854e-03 9.999976158142089844e-01 1.143491244874894619e-03 -1.050435355864465237e-03 1.046361983753740788e-03 -1.141560496762394905e-03 9.999988079071044922e-01 4.773669876158237457e-03 4.595619201660156250e+01
6.130876000000000000e+06 9.999975067003803453e-01 2.230303706004231959e-03 -1.110795975979685042e-04 7.067483384596630058e-01 -2.230298030985745569e-03 9.999975115723152008e-01 5.118735273738055379e-05 -1.328111179046198315e-03 1.111934845206457499e-04 -5.093948451785259836e-05 9.999999925205893536e-01 8.977094283432983379e-03 9.999944567680358887e-01 1.957372529432177544e-03 -2.698494819924235344e-03 7.556337118148803711e-01 -1.951394951902329922e-03 9.999957084655761719e-01 2.213442232459783554e-03 1.937996712513267994e-04 2.702811732888221741e-03 -2.208157442510128021e-03 9.999939203262329102e-01 1.301865675486624241e-03 4.608947372436523438e+01
