0.000000000000000000e+00 9.999999905636283160e-01 1.194884650914494214e-04 -6.778827481305189462e-05 8.004495213187740044e-01 -1.194791723235945883e-04 9.999999834679049737e-01 1.370726725700923841e-04 7.456001233794909942e-04 6.780465229546688466e-05 -1.370645719897320826e-04 9.999999883079161433e-01 9.302804450955484347e-03 9.999973773956298828e-01 6.413664086721837521e-04 2.202799310907721519e-03 8.098574280738830566e-01 -6.476931157521903515e-04 9.999956488609313965e-01 2.872532466426491737e-03 -6.395829841494560242e-03 -2.200949238613247871e-03 -2.873952034860849380e-03 9.999933838844299316e-01 1.804169863462448120e-01 8.942028808593750000e+01
1.039920000000000000e+05 9.999999309184423035e-01 -3.675042218057427150e-04 -5.571135313157590390e-05 8.195487474777386483e-01 3.675118522258487004e-04 9.999999230809382134e-01 1.370151559808808150e-04 9.175293009949346415e-04 5.566099519701076388e-05 -1.370356210986566959e-04 9.999999890615457465e-01 9.610916582400368113e-03 9.999991059303283691e-01 8.473583729937672615e-04 1.016842899844050407e-03 8.227588534355163574e-01 -8.501209667883813381e-04 9.999960064888000488e-01 2.719900570809841156e-03 -5.766196176409721375e-03 -1.014533918350934982e-03 -2.720760880038142204e-03 9.999957680702209473e-01 1.799887865781784058e-01 4.822048187255859375e+01
2.078660000000000000e+05 9.999998850344795631e-01 4.754119329579638872e-04 -6.256614071730152331e-05 7.928344218283172040e-01 -4.754040962591302957e-04 9.999998791566993006e-01 1.252099536579967423e-04 5.559947051298368744e-04 6.262565946258976497e-05 -1.251801950636385993e-04 9.999999902039727884e-01 9.196800954078768880e-03 9.999997019767761230e-01 7.856560405343770981e-04 -1.259342679986730218e-04 7.600587010383605957e-01 -7.854867144487798214e-04 9.999988079071044922e-01 1.338730566203594208e-03 -1.562609709799289703e-02 1.269858476007357240e-04 -1.338632777333259583e-03 9.999991059303283691e-01 1.813408434391021729e-01 4.817583847045898438e+01
3.117270000000000000e+05 9.999999909250575358e-01 1.171253207993567657e-04 -6.656984399735230498e-05 8.023012022669295806e-01 -1.171163347627162267e-04 9.999999840328283041e-01 1.349744696185066516e-04 7.306519815110393496e-04 6.658565186233025499e-05 -1.349666719775573199e-04 9.999999886751742562e-01 9.330626485886492349e-03 9.999999403953552246e-01 4.286441253498196602e-04 -6.061208478058688343e-05 7.846471071243286133e-01 -4.285245086066424847e-04 9.999979734420776367e-01 1.973080215975642204e-03 -1.116944942623376846e-02 6.145690713310614228e-05 -1.973053673282265663e-03 9.999980330467224121e-01 1.791446059942245483e-01 4.809968185424804688e+01
4.157280000000000000e+05 9.999999172320570562e-01 3.941725429198234443e-04 -1.008160870555610615e-04 7.698839325295537828e-01 -3.941562187807173367e-04 9.999999092164684189e-01 1.618886282553462714e-04 5.784220857976202961e-04 1.008798899561344427e-04 -1.618488775680275232e-04 9.999999818140938856e-01 9.017821453734423814e-03 9.999996423721313477e-01 8.115716045722365379e-04 7.261271821334958076e-05 7.253214716911315918e-01 -8.115838281810283661e-04 9.999995827674865723e-01 1.656510867178440094e-04 -5.918101873248815536e-03 -7.247721077874302864e-05 -1.657119864830747247e-04 1.000000000000000000e+00 1.813994646072387695e-01 4.823241424560546875e+01
5.196010000000000000e+05 9.999997998955048040e-01 6.233515057610777279e-04 -1.078973836762761888e-04 7.605232239454958743e-01 -6.233347462704675332e-04 9.999997936690628864e-01 1.552920488297403982e-04 3.931967145379207558e-04 1.079941629474494345e-04 -1.552247615659427173e-04 9.999999821212667284e-01 9.020197859565799378e-03 9.999988079071044922e-01 7.596375071443617344e-04 1.326670171692967415e-03 7.329180240631103516e-01 -7.600346580147743225e-04 9.999997019767761230e-01 2.997997216880321503e-04 -6.406294647604227066e-03 -1.326441764831542969e-03 -3.008081694133579731e-04 9.999991059303283691e-01 1.819268614053726196e-01 4.815398406982421875e+01
6.236040000000000000e+05 9.999993013823075261e-01 1.169432933408184275e-03 -1.722251425556541287e-04 6.498092485984878763e-01 -1.169436378379946125e-03 9.999993160109666990e-01 -1.990337787010263866e-05 -9.097000287822245906e-04 1.722017490897857523e-04 2.010477031388220638e-05 9.999999849711777022e-01 8.860229636189313751e-03 9.999953508377075195e-01 9.609601693227887154e-04 2.887005452066659927e-03 6.914666891098022461e-01 -9.629673440940678120e-04 9.999992847442626953e-01 6.936217541806399822e-04 -1.349564269185066223e-02 -2.886337228119373322e-03 -6.963984342291951180e-04 9.999955892562866211e-01 1.819868832826614380e-01 4.815651321411132812e+01
7.276010000000000000e+05 9.999996300855515940e-01 8.438093393772762253e-04 -1.667771230981766233e-04 6.946594373776857623e-01 -8.437943298576093586e-04 9.999996399512603995e-01 9.004736159295792812e-05 -8.703626776684724028e-05 1.668530458498366327e-04 -8.990660270185713411e-05 9.999999820384329885e-01 8.925492043467403436e-03 9.999900460243225098e-01 1.600513583980500698e-03 4.171164240688085556e-03 6.478719711303710938e-01 -1.599934534169733524e-03 9.999986886978149414e-01 -1.422017958248034120e-04 -1.699457759968936443e-03 -4.171389155089855194e-03 1.355253916699439287e-04 9.999912977218627930e-01 1.873662918806076050e-01 4.854780960083007812e+01
8.316030000000000000e+05 9.999996109910970210e-01 8.624548880215835876e-04 -1.849033087824259402e-04 6.677920401687597041e-01 -8.624444063980327103e-04 9.999996264839505766e-01 5.675929545384762249e-05 -3.822582024667299711e-04 1.849521920490710910e-04 -5.659980455222305952e-05 9.999999812945745692e-01 8.919024773201986167e-03 9.999918937683105469e-01 1.400454784743487835e-03 3.771257121115922928e-03 6.147207617759704590e-01 -1.397480024024844170e-03 9.999987483024597168e-01 -7.913366425782442093e-04 -1.056234724819660187e-02 -3.772355848923325539e-03 7.860619225539267063e-04 9.999926090240478516e-01 1.892584562301635742e-01 4.824422454833984375e+01
9.354780000000000000e+05 9.999990930540820777e-01 1.336218577471095376e-03 -1.685556543901330659e-04 6.044355402054296666e-01 -1.336250580183553308e-03 9.999990891867909237e-01 -1.898948602101230981e-04 -1.669260279286434358e-03 1.683017598389303959e-04 1.901199205665392170e-04 9.999999677644676455e-01 8.644701096900155729e-03 9.999959468841552734e-01 1.198261161334812641e-03 2.593279583379626274e-03 5.935308933258056641e-01 -1.196121098473668098e-03 9.999989271163940430e-01 -8.265235228464007378e-04 -1.396745443344116211e-02 -2.594271907582879066e-03 8.234189590439200401e-04 9.999962449073791504e-01 1.898952424526214600e-01 5.062384033203125000e+01
1.039479000000000000e+06 9.999989838015680421e-01 1.418487557508408973e-03 -1.424393764403908045e-04 5.867761807979772204e-01 -1.418523292963738214e-03 9.999989623709867326e-01 -2.510950314612519596e-04 -2.029872214917941790e-03 1.420830534800415637e-04 2.512968298626987152e-04 9.999999583311557361e-01 8.494324467514757088e-03 9.999987483024597168e-01 1.530635752715170383e-03 2.929245820268988609e-04 5.819225311279296875e-01 -1.530750771053135395e-03 9.999986886978149414e-01 3.972600388806313276e-04 -1.210075709968805313e-02 -2.923161955550312996e-04 -3.977095766458660364e-04 9.999998807907104492e-01 1.899897158145904541e-01 4.963443374633789062e+01
1.143476000000000000e+06 9.999984617173169887e-01 1.753847166832328986e-03 -2.414572703819094235e-05 5.179261618112537269e-01 -1.753855843671242153e-03 9.999983956915244887e-01 -3.641482578687608063e-04 -3.095801179809046580e-03 2.350702789008023662e-05 3.641900458316115852e-04 9.999999334065107215e-01 7.783660518440115028e-03 9.999967813491821289e-01 1.531198620796203613e-03 -2.018597675487399101e-03 5.287391543388366699e-01 -1.528851804323494434e-03 9.999982118606567383e-01 1.160487183369696140e-03 1.593952812254428864e-02 2.020374406129121780e-03 -1.157396240159869194e-03 9.999972581863403320e-01 1.892487853765487671e-01 4.892057418823242188e+01
1.247351000000000000e+06 9.999984135158803689e-01 1.781074101800606034e-03 2.721906890498559044e-05 4.642994338627250972e-01 -1.781066998271925829e-03 9.999983804077779981e-01 -2.588093553392759971e-04 -2.923607104713127434e-03 -2.767998344510253173e-05 2.587604657587105395e-04 9.999999661384205707e-01 7.061774134673724258e-03 9.999940991401672363e-01 1.274343347176909447e-03 -3.196660429239273071e-03 4.742114841938018799e-01 -1.274547656066715717e-03 9.999992251396179199e-01 -6.072972246329300106e-05 2.751823887228965759e-02 3.196575446054339409e-03 6.480474257841706276e-05 9.999948740005493164e-01 1.919011473655700684e-01 4.883840179443359375e+01
1.351354000000000000e+06 9.999984902548745280e-01 1.737666687735120279e-03 1.626751725747182522e-06 4.907935533323722899e-01 -1.737666099033305551e-03 9.999984420758062376e-01 -3.104233997953038428e-04 -2.985472740899407663e-03 -2.166161557944701669e-06 3.104201043839737405e-04 9.999999518173351420e-01 7.417135224823233862e-03 9.999974966049194336e-01 1.854324829764664173e-03 -1.225203159265220165e-03 4.467532634735107422e-01 -1.855942071415483952e-03 9.999974370002746582e-01 -1.317130750976502895e-03 9.879821911454200745e-03 1.222764025442302227e-03 1.319400500506162643e-03 9.999983906745910645e-01 1.874767243862152100e-01 4.868207931518554688e+01
1.455351000000000000e+06 9.999979781691611391e-01 2.010345712145008082e-03 4.656192597252648295e-05 4.616435835587202052e-01 -2.010333044065474792e-03 9.999979426834738616e-01 -2.705368413151907313e-04 -3.130765768345103450e-03 -4.710570271774910652e-05 2.704426893641955799e-04 9.999999623209043786e-01 7.024903625610237970e-03 9.999956488609313965e-01 2.053909702226519585e-03 -2.121309516951441765e-03 4.267093241214752197e-01 -2.061699051409959793e-03 9.999910593032836914e-01 -3.677896922454237938e-03 1.231699064373970032e-02 2.113733673468232155e-03 3.682255977764725685e-03 9.999909400939941406e-01 1.897989511489868164e-01 4.890095901489257812e+01
1.559353000000000000e+06 9.999982560243310115e-01 1.866909702614978064e-03 -5.095675388816468202e-05 3.709783626763182296e-01 -1.866911582572629855e-03 9.999982566393971206e-01 -3.687060159874676194e-05 -2.151311928400958910e-03 5.088783097091122403e-05 3.696566904775917958e-05 9.999999980219840268e-01 4.769330919397480467e-03 9.999971389770507812e-01 1.969331176951527596e-03 -1.305263023823499680e-03 3.995824456214904785e-01 -1.972428523004055023e-03 9.999952912330627441e-01 -2.367960521951317787e-03 -6.497727241367101669e-03 1.300594769418239594e-03 2.370529575273394585e-03 9.999963641166687012e-01 1.862507760524749756e-01 4.867830276489257812e+01
1.663351000000000000e+06 9.999971265363212236e-01 2.396305832709627864e-03 6.809930684170577080e-05 3.958969070365281895e-01 -2.396297197419000342e-03 9.999971208614273355e-01 -1.266043300757549461e-04 -2.761400160115791078e-03 -6.840249346587205998e-05 1.264407801063519010e-04 9.999999896669140576e-01 5.469434839383753924e-03 9.999961853027343750e-01 2.359042409807443619e-03 -1.502753118984401226e-03 3.875607550144195557e-01 -2.352569717913866043e-03 9.999880194664001465e-01 4.287933930754661560e-03 1.130247861146926880e-02 1.512849703431129456e-03 -4.284384194761514664e-03 9.999896883964538574e-01 1.891461014747619629e-01 4.836735916137695312e+01
1.767351000000000000e+06 9.999976773636706229e-01 2.153120877804242175e-03 -9.663273702552323231e-05 3.628063841229257069e-01 -2.153125201328445759e-03 9.999976810260501336e-01 -4.466011079996467170e-05 -2.394113586193511497e-03 9.653635432258193415e-05 4.486806944603218157e-05 9.999999943337944952e-01 4.507647281743803677e-03 9.999948143959045410e-01 3.140301443636417389e-03 -7.025199593044817448e-04 3.202093839645385742e-01 -3.137006191536784172e-03 9.999843239784240723e-01 4.639134742319583893e-03 9.379447437822818756e-03 7.170785102061927319e-04 -4.636915866285562515e-03 9.999890923500061035e-01 1.905800402164459229e-01 4.856607818603515625e+01
1.871356000000000000e+06 9.999962951724731264e-01 2.709134471824240029e-03 -2.650136216305937122e-04 3.318417116423136304e-01 -2.709142686064766516e-03 9.999963297970049236e-01 -3.064147443412347776e-05 -2.831052681634821204e-03 2.649296371075671262e-04 3.135932058118140204e-05 9.999999644144418331e-01 3.579007548542388097e-03 9.999935030937194824e-01 3.460187697783112526e-03 9.654609602876007557e-04 2.925871014595031738e-01 -3.461085725575685501e-03 9.999935626983642578e-01 9.177803294733166695e-04 1.029187720268964767e-02 -9.622801444493234158e-04 -9.211036376655101776e-04 9.999991059303283691e-01 1.902489215135574341e-01 4.860518264770507812e+01
1.975354000000000000e+06 9.999974218650915514e-01 2.202293066920551698e-03 -5.533250657989092006e-04 2.406783767554175058e-01 -2.202359034086559184e-03 9.999975677669321605e-01 -1.186385437426785663e-04 -3.403472329042074671e-03 5.530624431517806774e-04 1.198568582840963678e-04 9.999998398781274611e-01 2.017748044728577377e-03 9.999946355819702148e-01 3.206219524145126343e-03 7.306354818865656853e-04 2.762369811534881592e-01 -3.203216241672635078e-03 9.999865889549255371e-01 -4.061035346239805222e-03 -1.452125422656536102e-02 -7.436458836309611797e-04 4.058667924255132675e-03 9.999914765357971191e-01 1.834449917078018188e-01 4.869647979736328125e+01
2.079357000000000000e+06 9.999984483651611633e-01 1.600615375002297554e-03 -7.357294946118629305e-04 1.730457371860976423e-01 -1.600698892415939548e-03 9.999987125028725332e-01 -1.129416546530891862e-04 -2.663949748719133225e-03 7.355477712249271520e-04 1.141191607209198589e-04 9.999997229731260040e-01 1.112046848068375940e-03 9.999964237213134766e-01 2.574648009613156319e-03 -6.700874655507504940e-04 2.483037859201431274e-01 -2.578083425760269165e-03 9.999833703041076660e-01 -5.162760149687528610e-03 -1.471388339996337891e-02 6.567842792719602585e-04 5.164472386240959167e-03 9.999864101409912109e-01 1.819568574428558350e-01 4.866499328613281250e+01
2.183231000000000000e+06 9.999987010163337020e-01 1.459230186074884396e-03 -6.845530626437973387e-04 1.269495722245244651e-01 -1.459269863039017439e-03 9.999989336140748808e-01 -5.746449893165781316e-05 -2.226625624070772795e-03 6.844684787141277257e-04 5.846337194549268114e-05 9.999997640424388434e-01 6.049194794302656560e-04 9.999955296516418457e-01 2.522526774555444717e-03 1.612111344002187252e-03 2.240381091833114624e-01 -2.516893902793526649e-03 9.999907612800598145e-01 -3.481972031295299530e-03 -1.906242966651916504e-02 -1.620879978872835636e-03 3.477898659184575081e-03 9.999926686286926270e-01 1.827533245086669922e-01 4.871753692626953125e+01
2.287229000000000000e+06 9.999978629196085711e-01 1.929776087993175480e-03 -7.417010564004021360e-04 1.718020149264124774e-01 -1.929847039489549811e-03 9.999981333350662638e-01 -9.495672509529157939e-05 -2.987210101932886736e-03 7.415164266751862916e-04 9.638789175595772986e-05 9.999997204313419985e-01 1.052909302382355576e-03 9.999954700469970703e-01 2.675154246389865875e-03 1.369850593619048595e-03 1.003330945968627930e-01 -2.674695570021867752e-03 9.999963641166687012e-01 -3.370886552147567272e-04 7.905787788331508636e-03 -1.370747457258403301e-03 3.334217763040214777e-04 9.999990463256835938e-01 1.975279301404953003e-01 4.860089492797851562e+01
2.391227000000000000e+06 9.999991046442027187e-01 1.177929191753688751e-03 -6.349752436258887479e-04 1.075910796619536924e-01 -1.177937404463163477e-03 9.999993061525969118e-01 -1.256007906177793411e-05 -2.051122850813971200e-03 6.349600081657437488e-04 1.330802892819169394e-05 9.999997983243159583e-01 4.354114759363545860e-04 9.999973177909851074e-01 2.052846364676952362e-03 -1.138648483902215958e-03 1.114974319934844971e-01 -2.051960676908493042e-03 9.999976754188537598e-01 7.902989746071398258e-04 -2.820388879626989365e-03 1.140268053859472275e-03 -7.879588520154356956e-04 9.999990463256835938e-01 1.893288344144821167e-01 4.846668624877929688e+01
2.495124000000000000e+06 9.999984412659891353e-01 1.646531659927449182e-03 -6.374943913851628370e-04 9.787404493880652590e-02 -1.646534146422479021e-03 9.999986444560423626e-01 -3.375609791920146256e-06 -2.497768408524946981e-03 6.374879691851276101e-04 4.425260809076334859e-06 9.999997967947333866e-01 2.299088321202688438e-04 9.999960064888000488e-01 2.283952198922634125e-03 -1.625278382562100887e-03 9.621743857860565186e-02 -2.282677218317985535e-03 9.999970793724060059e-01 7.795834098942577839e-04 -6.655591540038585663e-03 1.627054531127214432e-03 -7.758700521662831306e-04 9.999983310699462891e-01 1.867141276597976685e-01 4.867683029174804688e+01
2.599102000000000000e+06 9.999970061184395576e-01 2.417739838085516263e-03 -3.772107375866132618e-04 3.490598510236300744e-02 -2.417787242365283459e-03 9.999970693023042534e-01 -1.252651864723488748e-04 -3.625678438991798442e-03 3.769067734494724775e-04 1.261768267967504820e-04 9.999999210103392988e-01 -4.488364564093655796e-04 9.999961256980895996e-01 2.605199813842773438e-03 -1.035512308590114117e-03 8.717637509107589722e-02 -2.602960914373397827e-03 9.999942779541015625e-01 2.166213002055883408e-03 -2.836980391293764114e-03 1.041150651872158051e-03 -2.163509838283061981e-03 9.999971389770507812e-01 1.887319087982177734e-01 4.854825592041015625e+01
2.703101000000000000e+06 9.999985653496532567e-01 1.636582569435281838e-03 -4.369166310182935825e-04 4.000127370652782621e-02 -1.636627912386021859e-03 9.999986553735111805e-01 -1.034420555764423231e-04 -3.056289191721845225e-03 4.367467520643243456e-04 1.041569771235663279e-04 9.999998992017947730e-01 -2.242476368189293590e-04 9.999983310699462891e-01 1.750633236952126026e-03 -3.278962394688278437e-04 9.009614586830139160e-02 -1.749657560139894485e-03 9.999942183494567871e-01 2.929067471995949745e-03 -9.326764382421970367e-03 3.330215404275804758e-04 -2.928488887846469879e-03 9.999955892562866211e-01 1.876700222492218018e-01 4.862140655517578125e+01
2.807134000000000000e+06 9.999986776514149245e-01 1.522616161156796098e-03 -5.712577906956535197e-04 6.151308500134969326e-02 -1.522644070334733561e-03 9.999988396044127148e-01 -4.842393294518638981e-05 -2.768943360423866372e-03 5.711833967482002209e-04 4.929369119417943755e-05 9.999998356598170934e-01 -1.674031837964977387e-04 9.999983906745910645e-01 1.290700747631490231e-03 -1.299926429055631161e-03 1.152201648801565170e-02 -1.288585015572607517e-03 9.999978542327880859e-01 1.628532190807163715e-03 1.710917241871356964e-02 1.302025746554136276e-03 -1.626853947527706623e-03 9.999977946281433105e-01 1.988690942525863647e-01 4.864889526367187500e+01
2.910979000000000000e+06 9.999994992841223507e-01 9.886336006821967379e-04 -1.550326840557541414e-04 1.196301403750765118e-03 -9.886687633032702552e-04 9.999994855261529203e-01 -2.268954197948014752e-04 -3.085058951640816394e-03 1.548082878652119049e-04 2.270485821528779179e-04 9.999999622416678724e-01 -3.225654338676425229e-04 9.999962449073791504e-01 1.977893523871898651e-03 -1.865090336650609970e-03 4.258802905678749084e-02 -1.979503314942121506e-03 9.999976158142089844e-01 -8.656462305225431919e-04 -2.156043425202369690e-03 1.863374374806880951e-03 8.693342097103595734e-04 9.999979138374328613e-01 1.890541613101959229e-01 4.858899307250976562e+01
3.014982000000000000e+06 9.999987126501138635e-01 1.538519906367405519e-03 -4.556914982344645207e-04 4.255433118764893885e-02 -1.538564539337006123e-03 9.999988116449561870e-01 -9.761123262602649879e-05 -2.981201709123444590e-03 4.555407798942340378e-04 9.831221771120951015e-05 9.999998914086524193e-01 -1.846061360745970392e-04 9.999976158142089844e-01 1.495432341471314430e-03 -1.592370681464672089e-03 3.214920312166213989e-02 -1.497584977187216282e-03 9.999979138374328613e-01 -1.347327488474547863e-03 5.069420440122485161e-04 1.590353553183376789e-03 1.349706319160759449e-03 9.999978542327880859e-01 1.885532736778259277e-01 4.862406539916992188e+01
3.118993000000000000e+06 9.999986223922960882e-01 1.645375255567155899e-03 -2.189837853086131826e-04 9.587819379646037726e-03 -1.645419717643491686e-03 9.999986256889178415e-01 -2.030131718420463867e-04 -3.437247752722818583e-03 2.186494515218021656e-04 2.033732123920751924e-04 9.999999554158778281e-01 -2.337476180285144025e-04 9.999988079071044922e-01 1.099432818591594696e-03 -1.141467131674289703e-03 5.856107920408248901e-02 -1.100417808629572392e-03 9.999991059303283691e-01 -8.646711939945816994e-04 -1.371025852859020233e-02 1.140514155849814415e-03 8.659291197545826435e-04 9.999989271163940430e-01 1.821470111608505249e-01 4.882204818725585938e+01
3.223003000000000000e+06 9.999985607634360729e-01 1.693228703484732020e-03 -1.069937971640916920e-04 -4.068845300164244776e-03 -1.693255677628977950e-03 9.999985345574298190e-01 -2.525237859555227722e-04 -3.597904427061549178e-03 1.065660598568240151e-04 2.527045903649027142e-04 9.999999623920324821e-01 -4.319756231303145699e-04 9.999979734420776367e-01 1.484814798459410667e-03 -1.342868432402610779e-03 2.253115735948085785e-02 -1.483926200307905674e-03 9.999986290931701660e-01 6.616707541979849339e-04 2.249647863209247589e-03 1.343850861303508282e-03 -6.596792372874915600e-04 9.999989271163940430e-01 1.899271905422210693e-01 4.841843032836914062e+01
3.326977000000000000e+06 9.999998889351153775e-01 4.329031317232098666e-04 -1.863454771478558728e-04 3.793795634438943635e-03 -4.329418779613528165e-04 9.999998846618008974e-01 -2.079368097641350684e-04 -2.661604291399348801e-03 1.862554391595636657e-04 2.080174634299395624e-04 9.999999610188226029e-01 -3.261777346011812944e-04 9.999967813491821289e-01 1.312413136474788189e-03 -2.143783261999487877e-03 3.725992515683174133e-02 -1.310436404310166836e-03 9.999987483024597168e-01 9.259353973902761936e-04 -7.759803906083106995e-03 2.144996775314211845e-03 -9.231204167008399963e-04 9.999971985816955566e-01 1.861577332019805908e-01 4.845209503173828125e+01
3.430852000000000000e+06 9.999996769065562230e-01 7.783093866392288033e-04 -2.010505316665599880e-04 6.200727794842117099e-03 -7.783517333933670209e-04 9.999996749006760943e-01 -2.106351252265302953e-04 -2.929061364513717118e-03 2.008865270188123263e-04 2.107915451931659440e-04 9.999999576057652106e-01 -1.499997311083154337e-04 9.999971985816955566e-01 8.150888606905937195e-04 -2.234127372503280640e-03 2.181527391076087952e-02 -8.150311768986284733e-04 9.999996423721313477e-01 2.244112874905113131e-05 -3.065201453864574432e-03 2.234144136309623718e-03 -2.062180828943382949e-05 9.999974966049194336e-01 1.887436509132385254e-01 4.827606582641601562e+01
3.534749000000000000e+06 9.999998895895675366e-01 4.188538865411933309e-04 -2.130311615981594962e-04 8.352680260704688220e-03 -4.188968463575188273e-04 9.999998919303105804e-01 -2.016551526014439524e-04 -2.697783914005316783e-03 2.129466745320274192e-04 2.017443684178658067e-04 9.999999569764611573e-01 -1.136520572050485751e-04 9.999971389770507812e-01 7.397311273962259293e-04 -2.280723070725798607e-03 4.755632579326629639e-02 -7.417707238346338272e-04 9.999993443489074707e-01 -8.906307630240917206e-04 -1.541598513722419739e-02 2.280062530189752579e-03 8.923212881200015545e-04 9.999969601631164551e-01 1.829421818256378174e-01 4.808166503906250000e+01
3.638730000000000000e+06 9.999997645856596451e-01 6.561906778285328491e-04 -2.006051448733937935e-04 6.106806240289516796e-03 -6.562327413833615774e-04 9.999997626944319151e-01 -2.096894691226492465e-04 -2.845027836204573005e-03 2.004675009951060950e-04 2.098210634216472834e-04 9.999999578939506861e-01 -1.705950521373666919e-04 9.999979734420776367e-01 -3.552703128661960363e-04 -1.994783990085124969e-03 4.837793856859207153e-02 3.532487608026713133e-04 9.999994039535522461e-01 -1.013384899124503136e-03 -1.446598768234252930e-02 1.995146973058581352e-03 1.012677908875048161e-03 9.999974966049194336e-01 1.828344762325286865e-01 4.823766326904296875e+01
3.742730000000000000e+06 9.999999466883456867e-01 2.882085457025978853e-04 -1.534898821859313279e-04 1.229018163342007579e-03 -2.882404885673012446e-04 9.999999367998454458e-01 -2.081291202601966974e-04 -2.574817646512067484e-03 1.534298878965275259e-04 2.081733511614622953e-04 9.999999665615634248e-01 -4.801046059481556077e-04 9.999969601631164551e-01 -2.047747606411576271e-03 -1.287692110054194927e-03 4.267254471778869629e-02 2.046989742666482925e-03 9.999977350234985352e-01 -5.857411306351423264e-04 -3.993050660938024521e-03 1.288883504457771778e-03 5.831047892570495605e-04 9.999989867210388184e-01 1.835413426160812378e-01 4.845267105102539062e+01
3.846729000000000000e+06 9.999999458923392037e-01 -2.788246841342070207e-04 -1.745626472490411881e-04 4.554253801302609629e-03 2.787956852293691531e-04 9.999999473376423031e-01 -1.661255010538746190e-04 -1.987082604634620407e-03 1.746089579449463006e-04 1.660768247540097165e-04 9.999999709651006263e-01 -5.465629511328458801e-04 9.999949932098388672e-01 -3.003387944772839546e-03 -1.025560661219060421e-03 2.972017601132392883e-02 3.003486199304461479e-03 9.999955296516418457e-01 8.957162208389490843e-05 8.021828718483448029e-03 1.025295816361904144e-03 -9.265230619348585606e-05 9.999995231628417969e-01 1.868690699338912964e-01 4.804499053955078125e+01
3.950602000000000000e+06 9.999999622509649910e-01 1.742662773900142937e-04 -2.124366619224396947e-04 8.474273035426740583e-03 -1.743068657382913799e-04 9.999999665570925567e-01 -1.910574055407381273e-04 -2.499150750455536151e-03 2.124033599560412166e-04 1.910944274961763405e-04 9.999999591838665269e-01 -1.871146663333502565e-04 9.999911785125732422e-01 -4.035351797938346863e-03 -1.215749420225620270e-03 4.983326792716979980e-02 4.036020487546920776e-03 9.999917149543762207e-01 5.482334527187049389e-04 -2.189528662711381912e-03 1.213530893437564373e-03 -5.531352944672107697e-04 9.999991655349731445e-01 1.825369298458099365e-01 4.803795242309570312e+01
4.054603000000000000e+06 9.999996810316782447e-01 -7.765746533773530171e-04 -1.867307634436395200e-04 6.171650691434748745e-03 7.765501186348887884e-04 9.999996898483107799e-01 -1.314276343819833462e-04 -1.458614871419996279e-03 1.868327688938439693e-04 1.312825866706938851e-04 9.999999739292002587e-01 -6.605615496650039898e-04 9.999831914901733398e-01 -5.666076671332120895e-03 -1.228489098139107227e-03 5.581411719322204590e-02 5.666383076459169388e-03 9.999839067459106445e-01 2.404846018180251122e-04 -5.349181126803159714e-03 1.227103406563401222e-03 -2.474420762155205011e-04 9.999991655349731445e-01 1.806322187185287476e-01 4.819903945922851562e+01
4.158380000000000000e+06 9.999881376048742609e-01 -4.869982721256575428e-03 -8.898745408999029366e-05 1.808575261898459630e-02 4.869999667027669066e-03 9.999881232000031872e-01 1.912148447532816919e-04 1.811988743767049305e-03 8.805518425063144485e-05 -1.916459453419954383e-04 9.999999777590586891e-01 -4.671147837462168249e-04 9.999775290489196777e-01 -6.648190785199403763e-03 -8.784226956777274609e-04 5.544083192944526672e-02 6.648059003055095673e-03 9.999778866767883301e-01 -1.541189849376678467e-04 -4.009596072137355804e-03 8.794197347015142441e-04 1.482757506892085075e-04 9.999995827674865723e-01 1.805818527936935425e-01 4.790380859375000000e+01
4.262355000000000000e+06 9.999951821187826884e-01 -3.100567340314839496e-03 -1.490692270704774844e-04 1.493583860801418230e-02 3.100574231804200439e-03 9.999951921493015483e-01 4.602127594604815545e-05 5.610495192504905745e-04 1.489258183063590360e-04 -4.648325441353294704e-05 9.999999878302040512e-01 -5.453301112665060032e-04 9.999734759330749512e-01 -7.222610525786876678e-03 -9.281916427426040173e-04 3.377170860767364502e-02 7.222646381705999374e-03 9.999738931655883789e-01 4.148246443946845829e-05 6.909504532814025879e-03 9.278735378757119179e-04 -4.818482921109534800e-05 9.999995827674865723e-01 1.827218085527420044e-01 4.838636779785156250e+01
4.366232000000000000e+06 9.999977149753406236e-01 -2.130451350750958445e-03 -1.766951792628072230e-04 6.275520798451787903e-03 2.130445862583018376e-03 9.999977301096136806e-01 -3.124249518760152542e-05 -1.692750957692202261e-04 1.767613387995125847e-04 3.086598428799585244e-05 9.999999839013601344e-01 -8.876831129389319746e-04 9.999662041664123535e-01 -8.132891729474067688e-03 -1.156857819296419621e-03 3.385170176625251770e-02 8.133036084473133087e-03 9.999668598175048828e-01 1.271953660761937499e-04 1.050805486738681793e-02 1.155788777396082878e-03 -1.366024225717410445e-04 9.999993443489074707e-01 1.825404912233352661e-01 4.832297515869140625e+01
4.470105000000000000e+06 9.999966888394224984e-01 -2.567986259745541448e-03 -1.666033393416415959e-04 1.244104075068962027e-02 2.567986629547863893e-03 9.999967027148436438e-01 2.005777334064492740e-06 1.880146672349001092e-04 1.665976391942136897e-04 -2.433605846191603205e-06 9.999999861196517958e-01 -6.038533602978476619e-04 9.999492764472961426e-01 -9.978552348911762238e-03 -1.424076501280069351e-03 6.180617213249206543e-02 9.976886212825775146e-03 9.999495148658752441e-01 -1.180020626634359360e-03 -1.449247356504201889e-03 1.435775309801101685e-03 1.165752764791250229e-03 9.999983310699462891e-01 1.787763684988021851e-01 4.799545669555664062e+01
4.574104000000000000e+06 9.999324421206208235e-01 -1.162353690327577217e-02 6.776410119565669612e-05 5.100302360259668932e-02 1.162348477088537800e-02 9.999321823959685940e-01 7.247193035508788482e-04 6.763261462701199850e-03 -7.618330670341736852e-05 -7.238826880992936010e-04 9.999997350949583197e-01 1.468258813275144341e-03 9.999150633811950684e-01 -1.289544813334941864e-02 -1.848446088843047619e-03 6.669087707996368408e-02 1.289274170994758606e-02 9.999158382415771484e-01 -1.468107453547418118e-03 3.949866164475679398e-03 1.867224229499697685e-03 1.444155001081526279e-03 9.999971389770507812e-01 1.792949885129928589e-01 4.760031890869140625e+01
4.677976000000000000e+06 9.997960155646918867e-01 -2.019228105320564418e-02 4.461625920842322846e-04 9.311460112794585353e-02 2.019145143361989955e-02 9.997945264765217832e-01 1.791683822274864378e-03 1.416077570929947030e-02 -4.822490995240869124e-04 -1.782309676679391273e-03 9.999982954026178650e-01 2.327844097961140855e-03 9.998724460601806641e-01 -1.582197286188602448e-02 -2.190975239500403404e-03 9.657181799411773682e-02 1.582002453505992889e-02 9.998744726181030273e-01 -9.045191109180450439e-04 -2.986898878589272499e-03 2.205002587288618088e-03 8.697419543750584126e-04 9.999971985816955566e-01 1.752319931983947754e-01 4.745126342773437500e+01
4.781730000000000000e+06 9.997707024060886738e-01 -2.140706125289568509e-02 5.294931821678993842e-04 1.005051215127815006e-01 2.140604564271575069e-02 9.997691441254210609e-01 1.854639832314413511e-03 1.529254416195974936e-02 -5.690733319704631811e-04 -1.842880213255750164e-03 9.999981399723990583e-01 2.604655129010055668e-03 9.998110532760620117e-01 -1.939990743994712830e-02 -1.245589461177587509e-03 7.456982880830764771e-02 1.940041966736316681e-02 9.998117089271545410e-01 4.007787210866808891e-04 2.579231187701225281e-02 1.237588585354387760e-03 -4.248685436323285103e-04 9.999992251396179199e-01 1.832852661609649658e-01 4.762396621704101562e+01
4.885477000000000000e+06 9.996983653647630863e-01 -2.454902640268403005e-02 7.236161645138034643e-04 1.197396767107995197e-01 2.454745413578545907e-02 9.996964454610149931e-01 2.107002351899091644e-03 1.832316170934334548e-02 -7.751213612928586211e-04 -2.088603873337755920e-03 9.999975184574148024e-01 3.239273829472475927e-03 9.997619390487670898e-01 -2.181850932538509369e-02 3.405055758776143193e-05 1.114627197384834290e-01 2.181848138570785522e-02 9.997617006301879883e-01 7.202170672826468945e-04 1.837181113660335541e-02 -4.975636329618282616e-05 -7.193037890829145908e-04 9.999997615814208984e-01 1.802583932876586914e-01 4.756691360473632812e+01
4.989228000000000000e+06 9.996050562627428748e-01 -2.808524627363234716e-02 9.748956477020683398e-04 1.161390005493848770e-01 2.808176834234193953e-02 9.995997973725188057e-01 3.414581264724804010e-03 2.332479820589362235e-02 -1.070404849358532568e-03 -3.385855902986394540e-03 9.999936950866421537e-01 2.881409611232085052e-03 9.997201561927795410e-01 -2.363777160644531250e-02 9.380737319588661194e-04 1.183156445622444153e-01 2.363730408251285553e-02 9.997204542160034180e-01 4.935365868732333183e-04 2.662656269967556000e-02 -9.494797559455037117e-04 -4.712238442152738571e-04 9.999994039535522461e-01 1.800083220005035400e-01 4.745011138916015625e+01
5.092855000000000000e+06 9.995719743219003695e-01 -2.923757732750502034e-02 1.015964632601946581e-03 1.433253257653017698e-01 2.923473015899065788e-02 9.995688933291997369e-01 2.712563878343474209e-03 2.330690224537933924e-02 -1.094835443130830590e-03 -2.681701378091214030e-03 9.999958048975494673e-01 3.980366005528598351e-03 9.996391534805297852e-01 -2.683534659445285797e-02 1.198271987959742546e-03 1.606535166501998901e-01 2.683445066213607788e-02 9.996395707130432129e-01 7.360399467870593071e-04 1.626690477132797241e-02 -1.217592740431427956e-03 -7.036220631562173367e-04 9.999990463256835938e-01 1.788266897201538086e-01 4.771007919311523438e+01
5.196627000000000000e+06 9.995109906588125481e-01 -3.124862946509446987e-02 1.141373866853871884e-03 1.501574162429564208e-01 3.124495169969195713e-02 9.995069212630002253e-01 3.109238872542307783e-03 2.569445972633237207e-02 -1.237970530595984379e-03 -3.072056255318417542e-03 9.999945149347648776e-01 4.148593683559680112e-03 9.995425343513488770e-01 -3.020450659096240997e-02 1.554780174046754837e-03 1.591080725193023682e-01 3.020317479968070984e-02 9.995433092117309570e-01 9.258994832634925842e-04 3.474146127700805664e-02 -1.582038938067853451e-03 -8.785165846347808838e-04 9.999983310699462891e-01 1.798355132341384888e-01 4.822828674316406250e+01
5.300239000000000000e+06 9.993686835745433372e-01 -3.550678196467172559e-02 1.225877225596553807e-03 1.715126642824511549e-01 3.550231974955696951e-02 9.993635077195969219e-01 3.487804634377826042e-03 3.045226931959467420e-02 -1.348937678023272649e-03 -3.442081242596247391e-03 9.999931661988501475e-01 4.744208626761786327e-03 9.994312524795532227e-01 -3.359901160001754761e-02 2.867825794965028763e-03 1.978754848241806030e-01 3.360039740800857544e-02 9.994352459907531738e-01 -4.621680709533393383e-04 3.456511721014976501e-02 -2.850677818059921265e-03 5.582673475146293640e-04 9.999957680702209473e-01 1.796935051679611206e-01 4.792972946166992188e+01
5.403733000000000000e+06 9.991530259144967285e-01 -4.114159999481523805e-02 7.742980365663328394e-04 1.887839528206615713e-01 4.113897318676579956e-02 9.991484754276455105e-01 3.147843282245900692e-03 3.652327905246317841e-02 -9.031460133200585596e-04 -3.113323314022366142e-03 9.999947457587501365e-01 5.231044935577623851e-03 9.992937445640563965e-01 -3.743131086230278015e-02 3.280007280409336090e-03 2.183894813060760498e-01 3.743077814579010010e-02 9.992992281913757324e-01 2.255538711324334145e-04 3.295750543475151062e-02 -3.286149352788925171e-03 -1.026240133796818554e-04 9.999946355819702148e-01 1.792255491018295288e-01 4.808828735351562500e+01
5.507500000000000000e+06 9.990278131928351790e-01 -4.407984653990154600e-02 6.289479912945893092e-04 1.851520131669664726e-01 4.407742444216572464e-02 9.990221577820873611e-01 3.450926580370259657e-03 4.021326311458799790e-02 -7.804492950829224063e-04 -3.419849227182982475e-03 9.999938477460903474e-01 4.994861711150459446e-03 9.991527199745178223e-01 -4.087522998452186584e-02 4.811720922589302063e-03 2.113903313875198364e-01 4.087490960955619812e-02 9.991642832756042480e-01 1.757794234436005354e-04 5.475896224379539490e-02 -4.814886953681707382e-03 2.105458588630426675e-05 9.999883770942687988e-01 1.767637878656387329e-01 4.829996871948242188e+01
5.611107000000000000e+06 9.990761835451881234e-01 -4.296958544605261610e-02 6.278617489307567780e-04 1.967542476164882148e-01 4.296757146961532881e-02 9.990721707720103817e-01 2.930085656431634985e-03 3.837074181867474593e-02 -7.531837656811492775e-04 -2.900401100694722459e-03 9.999955101837826321e-01 5.471253520459252659e-03 9.990636706352233887e-01 -4.309574514627456665e-02 3.812159877270460129e-03 2.525523602962493896e-01 4.308521002531051636e-02 9.990674853324890137e-01 2.805006457492709160e-03 3.539322689175605774e-02 -3.929489292204380035e-03 -2.638129051774740219e-03 9.999887943267822266e-01 1.777840554714202881e-01 4.829849624633789062e+01
5.714602000000000000e+06 9.989760049615244997e-01 -4.524024245066484567e-02 5.119354617492767644e-04 2.002814897115855752e-01 4.523857837880063820e-02 9.989720172012434007e-01 2.894819398125933994e-03 4.097289893298464158e-02 -6.423715257116395646e-04 -2.868695886237775973e-03 9.999956789622509445e-01 5.467594408106656208e-03 9.990119934082031250e-01 -4.431867972016334534e-02 3.326159901916980743e-03 2.664081156253814697e-01 4.431079328060150146e-02 9.990149140357971191e-01 2.392028225585818291e-03 5.325462296605110168e-02 -3.428896656259894371e-03 -2.242285525426268578e-03 9.999915957450866699e-01 1.801756769418716431e-01 4.795056152343750000e+01
5.818230000000000000e+06 9.990293117988314764e-01 -4.404685373428108425e-02 5.556649096694215879e-04 1.995965412333388089e-01 4.404507577692357706e-02 9.990253794217718308e-01 2.884872838851454575e-03 3.955482510807330210e-02 -6.821929243617773104e-04 -2.857598222656835066e-03 9.999956843631171433e-01 5.533890719926561584e-03 9.989254474639892578e-01 -4.614044353365898132e-02 4.349096678197383881e-03 2.638876438140869141e-01 4.613634198904037476e-02 9.989346265792846680e-01 1.043479656800627708e-03 6.374236941337585449e-02 -4.392609931528568268e-03 -8.417084463872015476e-04 9.999899864196777344e-01 1.778436899185180664e-01 4.829158401489257812e+01
5.921818000000000000e+06 9.990382431146104247e-01 -4.384377136480911707e-02 5.590007139072727428e-04 2.041950794799075319e-01 4.384211907748056247e-02 9.990348574733665110e-01 2.687400731724171217e-03 3.906365568455714282e-02 -6.762869833288344922e-04 -2.660308329348392425e-03 9.999962326906088883e-01 5.727593822331912207e-03 9.988381266593933105e-01 -4.773209244012832642e-02 6.633275188505649567e-03 3.008639812469482422e-01 4.772927239537239075e-02 9.988601803779602051e-01 5.975321982987225056e-04 5.259645357728004456e-02 -6.654240656644105911e-03 -2.802452654577791691e-04 9.999777674674987793e-01 1.826810836791992188e-01 4.828428649902343750e+01
6.025500000000000000e+06 9.988578990027930926e-01 -4.777829924078173113e-02 3.630523536536653731e-04 2.213581170489812844e-01 4.777742801729164407e-02 9.988557650536930010e-01 2.116146696555124950e-03 4.315627466114681232e-02 -4.637428227941267286e-04 -2.096384136350389494e-03 9.999976950555036215e-01 5.927094514551390150e-03 9.988024234771728516e-01 -4.860530421137809753e-02 5.595571361482143402e-03 2.952159643173217773e-01 4.859485477209091187e-02 9.988165497779846191e-01 1.980506349354982376e-03 4.804776981472969055e-02 -5.685212090611457825e-03 -1.706212875433266163e-03 9.999823570251464844e-01 1.817377954721450806e-01 4.853494262695312500e+01
6.129102000000000000e+06 9.988133922314595958e-01 -4.869986318680370047e-02 3.618618989504956908e-04 2.245489663636802968e-01 4.869894706154615643e-02 9.988110498480234911e-01 2.213453452073595347e-03 4.451548755501826687e-02 -4.692265380770879279e-04 -2.193204658569912827e-03 9.999974848368542446e-01 5.694962319404770455e-03 9.987388849258422852e-01 -5.010610073804855347e-02 3.177625592797994614e-03 2.689192891120910645e-01 5.009459331631660461e-02 9.987379908561706543e-01 3.605282399803400040e-03 8.669424802064895630e-02 -3.354262560606002808e-03 -3.441549371927976608e-03 9.999884963035583496e-01 1.794537454843521118e-01 4.845052719116210938e+01
