0.000000000000000000e+00 9.999771232615380923e-01 6.752257020510306351e-03 -3.999731407467765659e-04 2.602140311335386369e-01 -6.752287404606070048e-03 9.999772002600556542e-01 -7.466373044202797562e-05 -7.479797262685199816e-03 3.994598727629495422e-04 7.736275599129558821e-05 9.999999172234032008e-01 2.563094345902376756e-03 9.999307990074157715e-01 1.170817390084266663e-02 1.198913552798330784e-03 2.882497608661651611e-01 -1.170451100915670395e-02 9.999269247055053711e-01 -3.019153838977217674e-03 -1.830119639635086060e-02 -1.234174589626491070e-03 3.004912519827485085e-03 9.999946951866149902e-01 6.838262081146240234e-03 9.262489318847656250e+01
1.037550000000000000e+05 9.999937125128399718e-01 3.525259575708298079e-03 -3.840297144514237819e-04 2.770137476853079539e-01 -3.525309002461875230e-03 9.999937778730083604e-01 -1.281047426769999550e-04 -4.382883149356373367e-03 3.835757224668324386e-04 1.294577607253809401e-04 9.999999180551675249e-01 2.622901751303297318e-03 9.999762773513793945e-01 6.884827278554439545e-03 3.434106474742293358e-04 2.929180860519409180e-01 -6.884114816784858704e-03 9.999743103981018066e-01 -2.028184244409203529e-03 -1.239887252449989319e-02 -3.573666326701641083e-04 2.025772118940949440e-03 9.999979138374328613e-01 5.173828452825546265e-03 4.996160125732421875e+01
2.073550000000000000e+05 9.999989953142278676e-01 1.365240189003718262e-03 -3.814311116567823995e-04 2.808458193014676252e-01 -1.365250032632926019e-03 9.999990677193600908e-01 -2.554791229582348123e-05 -2.440908854041690113e-03 3.813958770181345779e-04 2.606863548350548367e-05 9.999999269288004644e-01 2.832532786504520384e-03 9.999968409538269043e-01 2.124302089214324951e-03 -1.303723780438303947e-03 2.986506521701812744e-01 -2.128020161762833595e-03 9.999936223030090332e-01 -2.851367229595780373e-03 -9.906561113893985748e-03 1.297659124247729778e-03 2.854132791981101036e-03 9.999950528144836426e-01 2.994649345055222511e-03 4.975433731079101562e+01
3.109080000000000000e+05 9.999945954753700628e-01 -3.260896034414949730e-03 -4.190189576201353754e-04 2.821872252905494594e-01 3.261012904224736952e-03 9.999946440926311686e-01 2.785330779449655026e-04 1.462562675474903809e-03 4.181084459658244252e-04 -2.798979988613786263e-04 9.999998734212082185e-01 3.630308358070986549e-03 9.999969005584716797e-01 -1.670915749855339527e-03 -1.837256597355008125e-03 3.060050904750823975e-01 1.668163109570741653e-03 9.999974966049194336e-01 -1.498448080383241177e-03 -5.865473300218582153e-03 1.839756383560597897e-03 1.495379256084561348e-03 9.999971985816955566e-01 2.118128119036555290e-03 4.988694381713867188e+01
4.144830000000000000e+05 9.999709301261162642e-01 -7.603681272127598388e-03 -5.682709587291185065e-04 3.046661234055504375e-01 7.603892739995053197e-03 9.999710212049873759e-01 3.708955650688050532e-04 5.340583386727592967e-03 5.654343191648463201e-04 -3.752058547427086148e-04 9.999997697522644557e-01 4.396351926236746754e-03 9.999786019325256348e-01 -6.443595048040151596e-03 -1.192112104035913944e-03 3.156018555164337158e-01 6.440661381930112839e-03 9.999762773513793945e-01 -2.457419876009225845e-03 -2.283939858898520470e-03 1.207917812280356884e-03 2.449687803164124489e-03 9.999963045120239258e-01 1.122023561038076878e-03 5.000985717773437500e+01
5.181200000000000000e+05 9.998612519861749259e-01 -1.665296022928091854e-02 -3.945754895123529979e-04 2.763625423421404159e-01 1.665322409317076049e-02 9.998610974977462096e-01 6.751558920668771641e-04 1.388043485409684238e-02 3.832773376716942727e-04 -6.816331696329277785e-04 9.999996942373028386e-01 3.650019542224966756e-03 9.999251961708068848e-01 -1.203412376344203949e-02 -2.150418236851692200e-03 3.232847452163696289e-01 1.202918402850627899e-02 9.999250173568725586e-01 -2.293178113177418709e-03 6.844806921435520053e-05 2.177853602916002274e-03 2.267140196636319160e-03 9.999949932098388672e-01 1.804965781047940254e-03 4.993033599853515625e+01
6.217140000000000000e+05 9.998603767120898267e-01 -1.670409670132218943e-02 -4.474577907284003008e-04 3.231184291887475024e-01 1.670438374187750014e-02 9.998602635948383721e-01 6.456251041624395644e-04 1.436097597828719583e-02 4.366106797880628452e-04 -6.530094669323771714e-04 9.999996914748098265e-01 3.957645233093709351e-03 9.998709559440612793e-01 -1.606743223965167999e-02 -1.073501407518051565e-04 3.377104997634887695e-01 1.606748625636100769e-02 9.998707175254821777e-01 5.192992975935339928e-04 6.193014327436685562e-03 9.899132419377565384e-05 -5.209611263126134872e-04 9.999998807907104492e-01 4.906733985990285873e-03 4.987385559082031250e+01
7.252150000000000000e+05 9.998035134942662161e-01 -1.982007196680444366e-02 -3.149030537743251657e-04 3.098610651021781459e-01 1.982029638919997894e-02 9.998032948337277626e-01 7.262939224790514051e-04 1.709536702819345125e-02 3.004459133523522331e-04 -7.323926871946993692e-04 9.999996866665630257e-01 3.493324788304798950e-03 9.998168945312500000e-01 -1.912933588027954102e-02 2.674214483704417944e-04 3.552210330963134766e-01 1.912795752286911011e-02 9.998071789741516113e-01 4.445635247975587845e-03 1.075894944369792938e-02 -3.524089115671813488e-04 -4.439702723175287247e-03 9.999901056289672852e-01 6.525655277073383331e-03 4.976623916625976562e+01
8.289180000000000000e+05 9.998000052133207971e-01 -1.999644362820779397e-02 -3.030464274247799349e-04 3.218284722494352268e-01 1.999665290890136754e-02 9.997997990594038598e-01 7.040544767448213195e-04 1.713544247468741510e-02 2.889071722777826197e-04 -7.099735834563158411e-04 9.999997062350494126e-01 3.585240997678307111e-03 9.998085498809814453e-01 -1.952980086207389832e-02 -1.248406129889190197e-03 3.596095740795135498e-01 1.953415200114250183e-02 9.998028874397277832e-01 3.566348226740956306e-03 1.218103989958763123e-02 1.178507925942540169e-03 -3.590052248910069466e-03 9.999929070472717285e-01 4.435829352587461472e-03 4.983353424072265625e+01
9.325020000000000000e+05 9.997788803665029755e-01 -2.102680752471630665e-02 -2.524699391410449990e-04 3.234508959698230157e-01 2.102698342730492664e-02 9.997786524804936903e-01 7.155521565392549159e-04 1.799072641544730011e-02 2.373682781673079893e-04 -7.207026151040031451e-04 9.999997121219807994e-01 3.483175782123923599e-03 9.997987747192382812e-01 -2.005081064999103546e-02 -6.647572736255824566e-04 3.729647994041442871e-01 2.005118690431118011e-02 9.997987151145935059e-01 5.866627907380461693e-04 6.770215462893247604e-03 6.528600351884961128e-04 -5.998751148581504822e-04 9.999995827674865723e-01 2.877790248021483421e-03 4.982956695556640625e+01
1.036104000000000000e+06 9.997948404297865022e-01 -2.025335595806185274e-02 -2.804010198900299994e-04 3.292742667893302499e-01 2.025354693122540656e-02 9.997946337195329214e-01 6.958625224904299361e-04 1.731286603284165615e-02 2.662498836896108850e-04 -7.013988748190161599e-04 9.999997185752709239e-01 3.634896202093697987e-03 9.997805356979370117e-01 -2.094279788434505463e-02 5.114593659527599812e-04 3.855886459350585938e-01 2.094362489879131317e-02 9.997794032096862793e-01 -1.635190332308411598e-03 4.063850734382867813e-03 -4.771015665028244257e-04 1.645545125938951969e-03 9.999985098838806152e-01 1.653839950449764729e-03 5.003267288208007812e+01
1.139865000000000000e+06 9.998015267908352266e-01 -1.992078339014657570e-02 -2.635088390391767039e-04 3.452244537668960889e-01 1.992095779514280532e-02 9.998013290520857410e-01 6.766737017781009403e-04 1.696127730350512758e-02 2.499766179677253924e-04 -6.817887483665822576e-04 9.999997363378757553e-01 3.885064125644744747e-03 9.997981786727905273e-01 -2.007406763732433319e-02 8.269854588434100151e-04 3.944657742977142334e-01 2.007540315389633179e-02 9.997971057891845703e-01 -1.613827538676559925e-03 6.872806698083877563e-03 -7.944203098304569721e-04 1.630102633498609066e-03 9.999983906745910645e-01 3.029244719073176384e-03 5.009324645996093750e+01
1.243510000000000000e+06 9.998211528069096410e-01 -1.891053231195884143e-02 -2.327686924327438517e-04 3.880658104473945769e-01 1.891066044944013369e-02 9.998210199863795111e-01 5.611849030926409788e-04 1.552811140485671829e-02 2.221147266548455972e-04 -5.654863462887405479e-04 9.999998154451101851e-01 4.407456189988165525e-03 9.998337030410766602e-01 -1.822549104690551758e-02 4.599151143338531256e-04 4.020117819309234619e-01 1.822505518794059753e-02 9.998335838317871094e-01 8.857877110131084919e-04 1.718645729124546051e-02 -4.759832518175244331e-04 -8.772572036832571030e-04 9.999994039535522461e-01 5.025941878557205200e-03 4.984352111816406250e+01
1.347350000000000000e+06 9.998540900985711799e-01 -1.707896161962180193e-02 -3.280074804554585183e-04 3.608584303737670251e-01 1.707914345429845104e-02 9.998539840836513370e-01 5.598005668931497732e-04 1.409378233093266236e-02 3.183987739354647161e-04 -5.653209731515564237e-04 9.999997895171910400e-01 4.420872291266429548e-03 9.998729825019836426e-01 -1.590729318559169769e-02 1.039622817188501358e-03 4.168975353240966797e-01 1.590599305927753448e-02 9.998726248741149902e-01 1.279974938370287418e-03 1.706491969525814056e-02 -1.059851958416402340e-03 -1.263276441022753716e-03 9.999986290931701660e-01 5.201028194278478622e-03 4.998924636840820312e+01
1.451124000000000000e+06 9.998619945180695634e-01 -1.660997610351066037e-02 -3.172099524181241220e-04 3.789612493877131949e-01 1.661012220715386498e-02 9.998619349096615760e-01 4.636474312463990249e-04 1.335188048073071392e-02 3.094649843235573045e-04 -4.688523412462747980e-04 9.999998422044460433e-01 4.551159387227146982e-03 9.999026060104370117e-01 -1.395440939813852310e-02 -2.359816135140135884e-04 4.283077716827392578e-01 1.395456865429878235e-02 9.999023079872131348e-01 9.110424434766173363e-04 1.524612959474325180e-02 2.232467522844672203e-04 -9.142469498328864574e-04 9.999996423721313477e-01 4.985402803868055344e-03 4.984716796875000000e+01
1.555101000000000000e+06 9.998846978515155692e-01 -1.517795335966631680e-02 -4.698306210710946379e-04 4.493131531389911171e-01 1.517806601027292014e-02 9.998847784040226783e-01 2.371386490933908447e-04 1.260554282163001659e-02 4.661772071862181253e-04 -2.442424264740807515e-04 9.999998615122186463e-01 4.991230407041638388e-03 9.999226331710815430e-01 -1.242392230778932571e-02 -6.727899308316409588e-04 4.424991011619567871e-01 1.242321077734231949e-02 9.999220967292785645e-01 -1.126255840063095093e-03 8.640539832413196564e-03 6.867293850518763065e-04 1.117810141295194626e-03 9.999991059303283691e-01 4.508280660957098007e-03 4.990547180175781250e+01
1.659233000000000000e+06 9.999389516783739884e-01 -1.104173658729246110e-02 -4.158986743626422742e-04 4.492611530844315415e-01 1.104182489904454584e-02 9.999390150072501315e-01 2.106453014517613396e-04 8.943194164114421502e-03 4.135474208956941688e-04 -2.152247221645927180e-04 9.999998913284209312e-01 5.574720512733786874e-03 9.999455213546752930e-01 -1.018598303198814392e-02 -2.267125761136412621e-03 4.529043436050415039e-01 1.017847470939159393e-02 9.999428987503051758e-01 -3.278817515820264816e-03 3.050575964152812958e-03 2.300395630300045013e-03 3.255563788115978241e-03 9.999920725822448730e-01 2.811944810673594475e-03 4.988140869140625000e+01
1.762893000000000000e+06 9.999493129214287457e-01 -1.006055732768055058e-02 -3.959422339042641603e-04 4.905121069741226747e-01 1.006063123140007662e-02 9.999493734340400009e-01 1.851057396785851165e-04 8.596062607647315945e-03 3.940599217292746004e-04 -1.890797861691543365e-04 9.999999044827979633e-01 6.198991938130095358e-03 9.999653100967407227e-01 -8.055655285716056824e-03 -2.126881154254078865e-03 4.686108827590942383e-01 8.057027123868465424e-03 9.999673366546630859e-01 6.000155699439346790e-04 4.702163394540548325e-03 2.121976343914866447e-03 -6.171323475427925587e-04 9.999974966049194336e-01 1.307344995439052582e-03 4.994063949584960938e+01
1.867090000000000000e+06 9.999608244986749606e-01 -8.843064440672843141e-03 -3.868825277555312933e-04 4.869463130902785819e-01 8.843131569757488319e-03 9.999608839290162754e-01 1.721476229572338837e-04 7.456974589696933539e-03 3.853450818856618163e-04 -1.755621321323821949e-04 9.999999103435475156e-01 6.323842172114364085e-03 9.999704957008361816e-01 -7.495754864066839218e-03 -1.665242598392069340e-03 4.818924665451049805e-01 7.497685495764017105e-03 9.999710917472839355e-01 1.227839267812669277e-03 8.642846718430519104e-03 1.655991305597126484e-03 -1.240288955159485340e-03 9.999979138374328613e-01 1.660431502386927605e-03 4.983744049072265625e+01
1.970961000000000000e+06 9.999558511909056868e-01 -9.388856272662868957e-03 -3.808467800863796129e-04 4.829722115644396463e-01 9.388925516154503909e-03 9.999559067868096784e-01 1.804359499548180174e-04 7.898668779046807281e-03 3.791359000753904756e-04 -1.840037260826104246e-04 9.999999111992924350e-01 6.213620805045307754e-03 9.999615550041198730e-01 -8.335798978805541992e-03 -2.710049273446202278e-03 5.023853778839111328e-01 8.335487917065620422e-03 9.999652504920959473e-01 -1.525480620330199599e-04 3.648732090368866920e-03 2.711230656132102013e-03 1.299537543673068285e-04 9.999963045120239258e-01 1.390287652611732483e-03 5.003376007080078125e+01
2.076388000000000000e+06 9.999559750657650570e-01 -9.371955874781330229e-03 -4.630073746518386670e-04 5.386597296431182569e-01 9.372046471349123123e-03 9.999560626119565754e-01 1.938891423746888748e-04 8.711170286420977932e-03 4.611699108818183659e-04 -1.982199329281396285e-04 9.999998740155813248e-01 6.660448063332011746e-03 9.999672174453735352e-01 -7.945919409394264221e-03 -1.545266481116414070e-03 5.047191977500915527e-01 7.940587587654590607e-03 9.999625682830810547e-01 -3.447886323556303978e-03 -1.781919272616505623e-03 1.572607783600687981e-03 3.435501595959067345e-03 9.999928474426269531e-01 2.054949989542365074e-03 4.986777496337890625e+01
2.179116000000000000e+06 9.999649524581342153e-01 -8.361198220623181424e-03 -4.292088109777572667e-04 5.138069022128867180e-01 8.361269203396989522e-03 9.999650305535002781e-01 1.638533830029120916e-04 7.402735937636361480e-03 4.278237911784120375e-04 -1.674363707327939385e-04 9.999998944659278521e-01 6.637460827713211747e-03 9.999666810035705566e-01 -7.995328865945339203e-03 -1.658283872529864311e-03 5.252484083175659180e-01 7.984604686498641968e-03 9.999483227729797363e-01 -6.300461012870073318e-03 -6.740355398505926132e-03 1.708562718704342842e-03 6.287008058279752731e-03 9.999787211418151855e-01 2.314908662810921669e-03 5.000035095214843750e+01
2.283102000000000000e+06 9.999555950456682218e-01 -9.409735071917012944e-03 -5.146136814801090253e-04 5.943091582980325471e-01 9.409883869155744734e-03 9.999556847376503965e-01 2.874907264826056814e-04 9.515004504456437209e-03 5.118856648062379555e-04 -2.923204152054440213e-04 9.999998262609142152e-01 7.382789638849350869e-03 9.999594688415527344e-01 -8.937319740653038025e-03 -1.082650269381701946e-03 5.359042286872863770e-01 8.936615660786628723e-03 9.999597668647766113e-01 -7.280660211108624935e-04 1.394521794281899929e-03 1.089121098630130291e-03 7.183667621575295925e-04 9.999992251396179199e-01 1.807859051041305065e-03 4.989366531372070312e+01
2.387073000000000000e+06 9.999656274620035701e-01 -8.277967329817993020e-03 -4.681382691798644294e-04 5.502005412537896989e-01 8.278057666698930561e-03 9.999657179840797383e-01 1.913632052863127196e-04 7.789061731018796612e-03 4.665381221420547282e-04 -1.952319031212264050e-04 9.999998721133378510e-01 7.058758627038658889e-03 9.999495148658752441e-01 -8.839672431349754333e-03 -4.797264933586120605e-03 5.494813323020935059e-01 8.864815346896648407e-03 9.999469518661499023e-01 5.244394764304161072e-03 8.854003623127937317e-03 4.750655498355627060e-03 -5.286654923111200333e-03 9.999747276306152344e-01 2.834054408594965935e-03 4.996124649047851562e+01
2.491106000000000000e+06 9.999646076857731103e-01 -8.397596906041903189e-03 -5.135630159723183867e-04 5.904897767259131847e-01 8.397728106163361225e-03 9.999647062411051168e-01 2.538497810640564243e-04 8.433941409340180162e-03 5.114131624167181540e-04 -2.581535590066205135e-04 9.999998359066566422e-01 7.528760227984047232e-03 9.999528527259826660e-01 -9.019532240927219391e-03 -3.576481947675347328e-03 5.601937174797058105e-01 9.033557958900928497e-03 9.999514222145080566e-01 3.931255545467138290e-03 5.037021357566118240e-03 3.540844423696398735e-03 -3.963378723710775375e-03 9.999858736991882324e-01 6.527240853756666183e-03 4.985168075561523438e+01
2.595229000000000000e+06 9.999625054315670614e-01 -8.646114210156723504e-03 -4.821237622898202338e-04 5.605587569508836410e-01 8.646217922209526938e-03 9.999625979801175513e-01 2.134472335714326398e-04 8.290873343185997668e-03 4.802602408083440086e-04 -2.176077773943300129e-04 9.999998609984744879e-01 7.101280879835911337e-03 9.999616146087646484e-01 -8.625126443803310394e-03 -1.514476258307695389e-03 5.686273574829101562e-01 8.622391149401664734e-03 9.999611377716064453e-01 -1.818202435970306396e-03 -6.736749317497014999e-03 1.530105830170214176e-03 1.805068808607757092e-03 9.999971389770507812e-01 1.118874084204435349e-02 4.982940673828125000e+01
2.699213000000000000e+06 9.999670383625187675e-01 -8.103673948505063160e-03 -5.026528796564710619e-04 5.813248259772757498e-01 8.103791852661754516e-03 9.999671366022077068e-01 2.329722515733384058e-04 8.023470040011328880e-03 5.007484296925710995e-04 -2.370379665591947700e-04 9.999998465320012464e-01 7.463110194392186605e-03 9.999576210975646973e-01 -8.909025229513645172e-03 -2.350310329347848892e-03 5.806009769439697266e-01 8.902522735297679901e-03 9.999566078186035156e-01 -2.749606734141707420e-03 -9.145661257207393646e-03 2.374705160036683083e-03 2.728569786995649338e-03 9.999935030937194824e-01 7.481900975108146667e-03 4.983046340942382812e+01
2.803189000000000000e+06 9.999673759366904946e-01 -8.061874836234968547e-03 -5.032256694430527980e-04 5.840673159423628302e-01 8.061995231697248812e-03 9.999674733415829797e-01 2.376791866466678740e-04 8.017330060905217964e-03 5.012931613296029831e-04 -2.417284355544519077e-04 9.999998451362521745e-01 7.503001259300316056e-03 9.999629259109497070e-01 -8.238865062594413757e-03 -2.495103282853960991e-03 5.893901586532592773e-01 8.241528645157814026e-03 9.999655485153198242e-01 1.055094529874622822e-03 -4.070342984050512314e-03 2.486312994733452797e-03 -1.075616688467562199e-03 9.999963045120239258e-01 3.908055834472179413e-03 4.982659149169921875e+01
2.907234000000000000e+06 9.999771291803449813e-01 -6.744488998408135552e-03 -5.029759195605840519e-04 6.270137397733557272e-01 6.744620579609497332e-03 9.999772208911985594e-01 2.603696224366533127e-04 7.225000656404082650e-03 5.012084021784038099e-04 -2.637560492792382152e-04 9.999998396114305743e-01 7.917545540463125434e-03 9.999603629112243652e-01 -8.242840878665447235e-03 -3.349212463945150375e-03 6.065908670425415039e-01 8.249701000750064850e-03 9.999638795852661133e-01 2.046207664534449577e-03 1.765527267707511783e-04 3.332228865474462509e-03 -2.073759445920586586e-03 9.999922513961791992e-01 4.015699028968811035e-03 4.986630249023437500e+01
3.011247000000000000e+06 9.999636024243677701e-01 -8.516741052149117905e-03 -5.088722000577029910e-04 5.866624449345583248e-01 8.516869716023120832e-03 9.999636992539405744e-01 2.512114497638662236e-04 8.511316864885758171e-03 5.067142248268329463e-04 -2.555363043525754781e-04 9.999998389709384705e-01 7.471092128060265007e-03 9.999543428421020508e-01 -8.132143877446651459e-03 -5.040496122092008591e-03 6.156432032585144043e-01 8.134511299431324005e-03 9.999667406082153320e-01 4.454709705896675587e-04 -3.667857032269239426e-03 5.036704707890748978e-03 -4.864496004302054644e-04 9.999872446060180664e-01 1.898525399155914783e-03 4.983065414428710938e+01
3.115221000000000000e+06 9.999791001464177764e-01 -6.445758504264933846e-03 -5.014669845285634918e-04 6.259220982230917496e-01 6.445885380280578884e-03 9.999791933619111006e-01 2.518062559605509123e-04 6.897022982350617566e-03 4.998334684282120010e-04 -2.550333918373526537e-04 9.999998425622296239e-01 7.962852663159858055e-03 9.999539852142333984e-01 -6.107148248702287674e-03 -7.390865590423345566e-03 6.297119855880737305e-01 6.111707538366317749e-03 9.999811649322509766e-01 5.959307891316711903e-04 -2.438265597447752953e-03 7.387096062302589417e-03 -6.410811329260468483e-04 9.999725222587585449e-01 -3.632903797551989555e-03 4.988617706298828125e+01
3.219570000000000000e+06 9.999841717714270661e-01 -5.605050513419411462e-03 -4.895070438604097983e-04 6.064034377868733339e-01 5.605149535497296054e-03 9.999842707953985332e-01 2.011523286855896654e-04 5.746161933903630274e-03 4.883718754050054602e-04 -2.038929048250340769e-04 9.999998599602955007e-01 8.019117981806491227e-03 9.999565482139587402e-01 -4.383340477943420410e-03 -8.229888975620269775e-03 6.420314908027648926e-01 4.399796947836875916e-03 9.999883770942687988e-01 1.983029767870903015e-03 -2.824458526447415352e-03 8.221097290515899658e-03 -2.019150648266077042e-03 9.999641776084899902e-01 -1.076531503349542618e-02 4.992230224609375000e+01
3.323567000000000000e+06 9.999900265145240663e-01 -4.442132094615375108e-03 -4.629620045408924323e-04 6.650612873629163646e-01 4.442242068258312089e-03 9.999901051597472890e-01 2.367865870680928211e-04 5.233444991980732222e-03 4.619055863015895025e-04 -2.388408147852071148e-04 9.999998647991373835e-01 8.426625067139224823e-03 9.999548792839050293e-01 -4.197899252176284790e-03 -8.512736298143863678e-03 6.557186841964721680e-01 4.219720140099525452e-03 9.999878406524658203e-01 2.552504418417811394e-03 -9.210469434037804604e-04 8.501934818923473358e-03 -2.588313305750489235e-03 9.999606013298034668e-01 -7.977988570928573608e-03 5.000044631958007812e+01
3.427467000000000000e+06 9.999931162818130881e-01 -3.686441402035259187e-03 -4.213534049973322905e-04 6.612626472257219223e-01 3.686521202947287777e-03 9.999931869399530937e-01 1.887723800699011439e-04 4.329132227063920910e-03 4.206546359694827118e-04 -1.903244088851535620e-04 9.999998934131419936e-01 8.441106533503491688e-03 9.999495148658752441e-01 -4.383753985166549683e-03 -9.053606539964675903e-03 6.684220433235168457e-01 4.415680654346942902e-03 9.999841451644897461e-01 3.496733959764242172e-03 -4.475130117498338223e-04 9.038113057613372803e-03 -3.536538686603307724e-03 9.999527931213378906e-01 -9.847154840826988220e-03 4.989664077758789062e+01
3.531593000000000000e+06 9.999947939204614222e-01 -3.203787582533823737e-03 -3.845478962325027113e-04 6.862980928558705118e-01 3.203890906171767868e-03 9.999948315158679879e-01 2.683739872066097268e-04 3.954081974447369932e-03 3.836860954538449139e-04 -2.696046395398272945e-04 9.999998900491530174e-01 8.581365280578498456e-03 9.999646544456481934e-01 -4.412021022289991379e-03 -7.149172481149435043e-03 6.828341484069824219e-01 4.430976230651140213e-03 9.999867677688598633e-01 2.634518314152956009e-03 -3.788954054471105337e-04 7.137469016015529633e-03 -2.666099229827523232e-03 9.999709725379943848e-01 -6.104582920670509338e-03 4.997216033935546875e+01
3.635476000000000000e+06 9.999919622820265808e-01 -4.004428302444355131e-03 -1.998132703941764158e-04 7.541399037766053359e-01 4.004503994234073078e-03 9.999919097937934875e-01 3.798614911232538281e-04 4.700546176669565153e-03 1.982905257604418566e-04 -3.806585909416017235e-04 9.999999078899481919e-01 8.720122896078480804e-03 9.999645948410034180e-01 -5.422051530331373215e-03 -6.437865551561117172e-03 7.120819687843322754e-01 5.450857803225517273e-03 9.999750852584838867e-01 4.475644789636135101e-03 9.651285596191883087e-03 6.413438357412815094e-03 -4.510583821684122086e-03 9.999692440032958984e-01 -3.507513087242841721e-03 4.995027160644531250e+01
3.742035000000000000e+06 9.999905003372858703e-01 -4.354124938629891708e-03 -2.020681704038001104e-04 7.513729604705341458e-01 4.354201865477377517e-03 9.999904475197690656e-01 3.818319926607109107e-04 5.063029335096032660e-03 2.004036959799438821e-04 -3.827082109743225888e-04 9.999999066863892727e-01 8.693478440381043407e-03 9.999682903289794922e-01 -5.141819361597299576e-03 -6.078508682548999786e-03 6.895951032638549805e-01 5.160089582204818726e-03 9.999821782112121582e-01 2.996843308210372925e-03 1.109866797924041748e-02 6.062995642423629761e-03 -3.028107807040214539e-03 9.999770522117614746e-01 -3.042572934646159410e-04 5.004307174682617188e+01
3.843522000000000000e+06 9.999903178792149960e-01 -4.395661838971175878e-03 -2.056809570960870860e-04 7.504666456564256238e-01 4.395741534686570945e-03 9.999902631608874604e-01 3.886381484878868235e-04 5.117665048110170770e-03 2.039706325203990002e-04 -3.895385059801964177e-04 9.999999033278611504e-01 8.694886922487741338e-03 9.999715685844421387e-01 -5.306916777044534683e-03 -5.362267140299081802e-03 7.195150852203369141e-01 5.329044535756111145e-03 9.999772906303405762e-01 4.124012775719165802e-03 1.365032419562339783e-02 5.340265575796365738e-03 -4.152480047196149826e-03 9.999771118164062500e-01 -9.073535329662263393e-04 5.013299179077148438e+01
3.947360000000000000e+06 9.999887440326326038e-01 -4.742278310918100238e-03 -1.503434705878007357e-04 7.715643505416988068e-01 4.742335241928448929e-03 9.999886826332904377e-01 3.806054149971961728e-04 5.660031475276336779e-03 1.485368321866814112e-04 -3.813141100949694385e-04 9.999999162681710851e-01 8.498832117522676921e-03 9.999796152114868164e-01 -5.353612825274467468e-03 -3.476706100627779961e-03 7.364169359207153320e-01 5.367276258766651154e-03 9.999779462814331055e-01 3.928829450160264969e-03 1.225331984460353851e-02 3.455636091530323029e-03 -3.947406541556119919e-03 9.999862909317016602e-01 -2.528633223846554756e-03 5.032998275756835938e+01
4.051384000000000000e+06 9.999901935389808871e-01 -4.425569156540750705e-03 -1.648131314167235141e-04 7.641966118045304679e-01 4.425631906844731435e-03 9.999901337512892008e-01 3.823377554013417481e-04 5.209180191904814843e-03 1.631194431392715694e-04 -3.830634082794339714e-04 9.999999133272318153e-01 8.628447193687804537e-03 9.999848008155822754e-01 -5.343842785805463791e-03 -1.367098069749772549e-03 7.475165128707885742e-01 5.346640478819608688e-03 9.999834895133972168e-01 2.061915816739201546e-03 9.855446405708789825e-03 1.356019871309399605e-03 -2.069189678877592087e-03 9.999969601631164551e-01 -1.767491921782493591e-03 5.004796981811523438e+01
4.155286000000000000e+06 9.999910700796404983e-01 -4.223438125967789517e-03 -1.494352308121764004e-04 7.723775669213513995e-01 4.223496001290042920e-03 9.999910052923809411e-01 3.891212837205496890e-04 5.069212439104310228e-03 1.477904569761480770e-04 -3.897489480152554185e-04 9.999999131268630936e-01 8.619702625536969365e-03 9.999786019325256348e-01 -6.530856713652610779e-03 5.037442897446453571e-04 7.622044086456298828e-01 6.530968006700277328e-03 9.999786615371704102e-01 -1.047719852067530155e-04 3.951847553253173828e-03 -5.030535394325852394e-04 1.080389847629703581e-04 9.999998211860656738e-01 1.145722111687064171e-03 4.989936065673828125e+01
4.259272000000000000e+06 9.999890849679023974e-01 -4.670759630640186795e-03 -1.181087426936833966e-04 7.808253778933115230e-01 4.670802068987667081e-03 9.999890263558023351e-01 3.616298556892158034e-04 5.568676687464128860e-03 1.164183604904011433e-04 -3.621775710438357920e-04 9.999999276370840073e-01 8.438343023504804932e-03 9.999764561653137207e-01 -6.714294198900461197e-03 1.388079836033284664e-03 7.710531353950500488e-01 6.714537739753723145e-03 9.999774694442749023e-01 -1.192047275253571570e-04 3.798516932874917984e-03 -1.387269236147403717e-03 1.285458856727927923e-04 9.999989867210388184e-01 8.628292707726359367e-04 4.990547180175781250e+01
4.363183000000000000e+06 9.999777340684959936e-01 -6.672651364458208334e-03 -8.422302955259090742e-05 7.902528106062557400e-01 6.672668011141309752e-03 9.999777177150044327e-01 1.989412471241369142e-04 7.041251986549114210e-03 8.289368736202110913e-05 -1.994988097955749905e-04 9.999999766644317445e-01 8.107319594019274725e-03 9.999718070030212402e-01 -7.303476333618164062e-03 1.745258690789341927e-03 7.883024811744689941e-01 7.304729428142309189e-03 9.999731183052062988e-01 -7.348247454501688480e-04 4.028392955660820007e-03 -1.739787170663475990e-03 7.475322345271706581e-04 9.999982118606567383e-01 5.243996856734156609e-04 5.003551864624023438e+01
4.467802000000000000e+06 9.999703534697840235e-01 -7.699977696303750979e-03 -5.024014586374481590e-05 8.039410378544513680e-01 7.699982904469215850e-03 9.999703492514232517e-01 1.043088584529712568e-04 7.623624632227957339e-03 4.943548030971887437e-05 -1.046926143274669958e-04 9.999999932977947648e-01 8.230863221792266565e-03 9.999579191207885742e-01 -8.852412924170494080e-03 2.389598172158002853e-03 7.944731116294860840e-01 8.853364735841751099e-03 9.999606609344482422e-01 -3.800947451964020729e-04 3.252628957852721214e-03 -2.386195352301001549e-03 4.012504941783845425e-04 9.999970793724060059e-01 3.010957501828670502e-03 5.001696014404296875e+01
4.571450000000000000e+06 9.999693987121663907e-01 -7.823092794467806019e-03 -2.928029993714479344e-05 8.146002474375759750e-01 7.823094631539613195e-03 9.999693971317448193e-01 6.316121590311560383e-05 7.597704602649822669e-03 2.878528781469978344e-05 -6.338834564960692871e-05 9.999999975766623583e-01 8.384838551210836016e-03 9.999432563781738281e-01 -9.146684780716896057e-03 5.459367297589778900e-03 8.222492337226867676e-01 9.147990494966506958e-03 9.999582171440124512e-01 -2.266690280521288514e-04 1.740033179521560669e-02 -5.457040388137102127e-03 2.765949466265738010e-04 9.999850988388061523e-01 1.186906546354293823e-02 4.984288024902343750e+01
4.676366000000000000e+06 9.999651477948637845e-01 -8.348833276253584193e-03 -1.341750921297865661e-05 8.241872834219828858e-01 8.348833372797232269e-03 9.999651478584740127e-01 7.155516983422822563e-06 7.892598409244194757e-03 1.335730136705117644e-05 -7.267288144156135328e-06 9.999999998843844828e-01 8.504442867458992736e-03 9.999439120292663574e-01 -9.219250641763210297e-03 5.203453358262777328e-03 8.082246184349060059e-01 9.210817515850067139e-03 9.999561905860900879e-01 1.638549845665693283e-03 1.478126272559165955e-02 -5.218336358666419983e-03 -1.590523752383887768e-03 9.999850988388061523e-01 1.054863817989826202e-02 4.980595016479492188e+01
4.778763000000000000e+06 9.999597609419624833e-01 -8.970854440676105310e-03 1.629049858217630596e-05 8.330540858356223488e-01 8.970855111763461134e-03 9.999597602033180044e-01 -4.160011445494653237e-05 8.282540877096108978e-03 -1.591665447450064415e-05 4.174458021180592684e-05 9.999999990020250751e-01 8.608678926124309003e-03 9.999480843544006348e-01 -9.533241391181945801e-03 3.611044725403189659e-03 8.283478617668151855e-01 9.524263441562652588e-03 9.999516010284423828e-01 2.491296734660863876e-03 1.936302334070205688e-02 -3.634633496403694153e-03 -2.456774469465017319e-03 9.999903440475463867e-01 1.461486145853996277e-02 4.989350509643554688e+01
4.882642000000000000e+06 9.999628773981918961e-01 -8.616455090868788483e-03 -2.300033252635277003e-05 8.124581499695310294e-01 8.616455683719376549e-03 9.999628773247088986e-01 2.580231205907831336e-05 8.172891271772037003e-03 2.277715423484915139e-05 -2.599953555121230431e-05 9.999999994026127492e-01 8.377159048222421189e-03 9.999520182609558105e-01 -9.693473577499389648e-03 1.402649097144603729e-03 8.321058750152587891e-01 9.692630730569362640e-03 9.999527335166931152e-01 6.528932717628777027e-04 1.217320561408996582e-02 -1.408912590704858303e-03 -6.392743671312928200e-04 9.999988079071044922e-01 9.541381150484085083e-03 4.981679916381835938e+01
4.986477000000000000e+06 9.999654700862644630e-01 -8.310146799307695578e-03 9.692547564031173471e-06 8.399251983307890468e-01 8.310147110972864945e-03 9.999654696002032717e-01 -3.257076001135677433e-05 7.769169150771616794e-03 -9.421545073996141924e-06 3.265018184355277610e-05 9.999999994226000943e-01 8.690444492359929163e-03 9.999501109123229980e-01 -9.981389157474040985e-03 3.410853387322276831e-04 8.433065414428710938e-01 9.981499053537845612e-03 9.999500513076782227e-01 -5.231783725321292877e-04 1.215523295104503632e-02 -3.358411777298897505e-04 5.265542422421276569e-04 9.999998211860656738e-01 8.177986368536949158e-03 4.985894393920898438e+01
5.090371000000000000e+06 9.999594537733411670e-01 -9.004963607593573921e-03 3.795277954491535266e-05 8.612371994591440094e-01 9.004965425390244055e-03 9.999594533251280337e-01 -4.800067729663451578e-05 8.112765774776027269e-03 -3.751899633727096922e-05 4.834049451510025018e-05 9.999999981277607475e-01 8.848474463619871930e-03 9.999549388885498047e-01 -9.470574557781219482e-03 5.877116345800459385e-04 8.508696556091308594e-01 9.470821358263492584e-03 9.999551773071289062e-01 -3.243541286792606115e-04 9.029714390635490417e-03 -5.846129497513175011e-04 3.299177624285221100e-04 9.999997615814208984e-01 5.410298705101013184e-03 4.991251373291015625e+01
5.194245000000000000e+06 9.999562780570960818e-01 -9.350967134296851377e-03 3.723838517407949885e-05 8.550081910474538471e-01 9.350968947241451376e-03 9.999562775421633187e-01 -4.881200999264574848e-05 8.336461499693241517e-03 -3.678031751310057281e-05 4.915809082471328230e-05 9.999999981153451234e-01 8.773197023917007203e-03 9.999541640281677246e-01 -9.457150474190711975e-03 1.482919906266033649e-03 8.641917109489440918e-01 9.456169791519641876e-03 9.999549984931945801e-01 6.948304362595081329e-04 1.223812811076641083e-02 -1.489422051236033440e-03 -6.807904574088752270e-04 9.999987483024597168e-01 7.397083565592765808e-03 4.964540863037109375e+01
5.298151000000000000e+06 9.999565067785455286e-01 -9.326388089893420524e-03 5.514435288998906660e-05 8.815517144196586274e-01 9.326390708891265507e-03 9.999565071498481839e-01 -4.742863084222715737e-05 8.179123986553019782e-03 -5.469961670987843593e-05 4.794086577249407293e-05 9.999999973548128196e-01 9.175473873652896517e-03 9.999600052833557129e-01 -8.773764595389366150e-03 1.799514284357428551e-03 8.713849186897277832e-01 8.777522481977939606e-03 9.999593496322631836e-01 -2.098901430144906044e-03 5.429222714155912399e-03 -1.781033817678689957e-03 2.114622853696346283e-03 9.999961256980895996e-01 6.287289783358573914e-03 4.964316940307617188e+01
5.401997000000000000e+06 9.999574379211420005e-01 -9.225939696291913725e-03 6.620531140032788074e-05 8.916102832957191193e-01 9.225942638053768671e-03 9.999574391058424494e-01 -4.426694201395102180e-05 8.083504558173486634e-03 -6.579408950666423372e-05 4.487586432448896061e-05 9.999999968286472640e-01 9.354855872867299735e-03 9.999532699584960938e-01 -8.987465873360633850e-03 3.528161905705928802e-03 8.885249495506286621e-01 8.992128074169158936e-03 9.999586939811706543e-01 -1.307619502767920494e-03 5.955967586487531662e-03 -3.516247030347585678e-03 1.339273876510560513e-03 9.999929070472717285e-01 6.018285173922777176e-03 4.978470230102539062e+01
5.505885000000000000e+06 9.999698414786685197e-01 -7.766215743028419098e-03 4.505320769329909317e-05 8.895727280647924839e-01 7.766218937942011465e-03 9.999698399355445577e-01 -7.117809871828016145e-05 6.994639697466151218e-03 -4.449906444819656451e-05 7.152584514593328911e-05 9.999999964519435958e-01 9.369969844497096079e-03 9.999502897262573242e-01 -8.459626697003841400e-03 5.297017283737659454e-03 8.992533683776855469e-01 8.460513316094875336e-03 9.999641776084899902e-01 -1.607886515557765961e-04 7.040849421173334122e-03 -5.295492243021726608e-03 2.056062367046251893e-04 9.999859333038330078e-01 4.831351805478334427e-03 4.977363204956054688e+01
5.609757000000000000e+06 9.999614440883901612e-01 -8.780803305338827358e-03 8.849851084300950060e-05 9.329393419161501333e-01 8.780806591887558438e-03 9.999614472979068136e-01 -3.681689033108732613e-05 7.619475591595124137e-03 -8.817181712249841461e-05 3.759255910946043914e-05 9.999999954062651630e-01 1.015912763072561800e-02 9.999556541442871094e-01 -8.491288870573043823e-03 4.062142688781023026e-03 9.087320566177368164e-01 8.498967625200748444e-03 9.999620914459228516e-01 -1.874261419288814068e-03 4.511662293225526810e-03 -4.046064335852861404e-03 1.908708130940794945e-03 9.999900460243225098e-01 8.584982715547084808e-03 4.974729537963867188e+01
5.713619000000000000e+06 9.999807412222104785e-01 -6.205992848884682618e-03 5.325839399737985786e-05 9.167819004603485755e-01 6.205996293833460249e-03 9.999807405218554823e-01 -6.476403969696981067e-05 5.728223495211666114e-03 -5.285544309101087104e-05 6.509331382487557288e-05 9.999999964845812661e-01 9.924134308534849833e-03 9.999644160270690918e-01 -8.274228312075138092e-03 1.674057450145483017e-03 9.185062050819396973e-01 8.277078159153461456e-03 9.999642968177795410e-01 -1.710618962533771992e-03 3.197743324562907219e-03 -1.659838831983506680e-03 1.724405796267092228e-03 9.999971389770507812e-01 7.727469783276319504e-03 5.002048110961914062e+01
5.817477000000000000e+06 9.999837689938723129e-01 -5.697104046140791418e-03 6.895407450602063356e-05 9.381961770105032850e-01 5.697110222799259098e-03 9.999837673116924730e-01 -8.971394194766139029e-05 5.314784831188770070e-03 -6.844184554014905034e-05 9.010532475846574408e-05 9.999999935983722166e-01 1.033387174771202566e-02 9.999752640724182129e-01 -7.001516409218311310e-03 5.632583051919937134e-04 9.287384748458862305e-01 7.002451922744512558e-03 9.999741911888122559e-01 -1.597328926436603069e-03 2.794022904708981514e-03 -5.520662525668740273e-04 1.601238269358873367e-03 9.999985098838806152e-01 3.897035261616110802e-03 4.959743881225585938e+01
5.921350000000000000e+06 9.999820690437359882e-01 -5.988047917432723355e-03 6.981479341135150363e-05 9.395852855435908868e-01 5.988053997410661133e-03 9.999820676419202137e-01 -8.720591900823203876e-05 5.506712730204997575e-03 -6.929134825975385081e-05 8.762241006435238341e-05 9.999999937605112965e-01 1.035564521172598410e-02 9.999758005142211914e-01 -6.789375562220811844e-03 1.527937944047152996e-03 9.421182274818420410e-01 6.789651233702898026e-03 9.999770522117614746e-01 -1.719517604215070605e-04 4.843106027692556381e-03 -1.526732346974313259e-03 1.823277125367894769e-04 9.999988675117492676e-01 3.668018151074647903e-03 4.975123214721679688e+01
6.025285000000000000e+06 9.999820103155472317e-01 -5.997668640139073963e-03 8.376190531178730062e-05 9.547998455917809935e-01 5.997677107033375955e-03 9.999820086520266882e-01 -1.012001717845788918e-04 5.480277465331098719e-03 -8.315343322376893298e-05 1.017007280887865459e-04 9.999999913712341870e-01 1.064387475212789751e-02 9.999798536300659180e-01 -6.183619145303964615e-03 1.450329553335905075e-03 9.549687504768371582e-01 6.186427548527717590e-03 9.999788999557495117e-01 -1.941627124324440956e-03 9.293233742937445641e-04 -1.438300590962171555e-03 1.950552104972302914e-03 9.999970197677612305e-01 4.800916649401187897e-03 4.971379089355468750e+01
6.129103000000000000e+06 9.999895604408327587e-01 -4.568579317011909474e-03 8.421358649014816923e-05 9.678793260464788606e-01 4.568590005399228784e-03 9.999895558521191274e-01 -1.271675967805111006e-04 4.473599458906432798e-03 -8.363173168611897344e-05 1.275510065646105621e-04 9.999999883682367807e-01 1.090748340292474299e-02 9.999848008155822754e-01 -5.513507407158613205e-03 -2.987980224133934826e-05 9.692466855049133301e-01 5.513508338481187820e-03 9.999836683273315430e-01 -1.516056479886174202e-03 8.637161809019744396e-04 3.823999577434733510e-05 1.515869284048676491e-03 9.999989271163940430e-01 6.253432948142290115e-03 4.969952011108398438e+01
