0.000000000000000000e+00 9.998652150535997096e-01 1.641796473193903039e-02 4.644495667658937905e-05 8.803506675802816317e-02 -1.641798681833060713e-02 9.998650786182653460e-01 5.237039000515801785e-04 -1.327722371611875403e-02 -3.784053801019946449e-05 -5.243958453430237537e-04 9.999998617885346164e-01 -9.464545527294739545e-04 9.998809695243835449e-01 1.540730800479650497e-02 -8.754385635256767273e-04 1.267472654581069946e-01 -1.540600229054689407e-02 9.998802542686462402e-01 1.482315361499786377e-03 -7.077238988131284714e-03 8.981724386103451252e-04 -1.468649599701166153e-03 9.999984502792358398e-01 -1.674103667028248310e-03 9.018418884277343750e+01
1.038720000000000000e+05 9.998059484681091069e-01 1.969769681252360807e-02 2.571704052357590446e-04 1.038951770501034960e-01 -1.969785392550225597e-02 9.998057840954159836e-01 6.234008509829474945e-04 -1.536275633411323532e-02 -2.448408973338146418e-04 -6.283455843150009953e-04 9.999997726173482926e-01 -7.147092485767496828e-04 9.997869729995727539e-01 2.063241600990295410e-02 6.266154232434928417e-04 1.423365622758865356e-01 -2.063414454460144043e-02 9.997828602790832520e-01 2.896292833611369133e-03 -9.077743627130985260e-03 -5.667223595082759857e-04 -2.908609341830015182e-03 9.999956488609313965e-01 -1.576385460793972015e-03 4.858761596679687500e+01
2.077450000000000000e+05 9.996732910894309265e-01 2.555608237599810845e-02 4.446589132477183444e-04 1.018732443459481746e-01 -2.555637463655922176e-02 9.996731616634226825e-01 6.644929033038422415e-04 -1.907822623163018746e-02 -4.275317459138402261e-04 -6.756396775705781092e-04 9.999996803637579701e-01 -5.728669305892803310e-04 9.996421337127685547e-01 2.669783867895603180e-02 1.675662118941545486e-03 1.631966829299926758e-01 -2.670083194971084595e-02 9.996418356895446777e-01 1.790653681382536888e-03 -1.503607071936130524e-02 -1.627255813218653202e-03 -1.834755181334912777e-03 9.999970197677612305e-01 -2.249306533485651016e-03 4.901158523559570312e+01
3.118740000000000000e+05 9.995492466408660848e-01 3.001542748524184054e-02 6.145344810888631049e-04 1.267963732243785890e-01 -3.001565683906608564e-02 9.995493611227386221e-01 3.674557357835547822e-04 -2.333389267439384129e-02 -6.032282069697372795e-04 -3.857357599749700050e-04 9.999997436617941160e-01 2.892103409077274802e-04 9.994365572929382324e-01 3.345261141657829285e-02 2.737503265962004662e-03 1.758958101272583008e-01 -3.345292434096336365e-02 9.994403123855590820e-01 6.513100379379466176e-05 -2.336610853672027588e-02 -2.733792643994092941e-03 -1.566717110108584166e-04 9.999962449073791504e-01 -1.601919298991560936e-03 4.902921676635742188e+01
4.158720000000000000e+05 9.993309082578333280e-01 3.656423256355034734e-02 8.904107604669353080e-04 1.495952597605755274e-01 -3.656452518201799839e-02 9.993312447135067611e-01 3.145968998034119504e-04 -2.866279220897394522e-02 -8.783123005644029183e-04 -3.469438490570050438e-04 9.999995540986792442e-01 9.679888283510315692e-04 9.992759227752685547e-01 3.795365616679191589e-02 2.645299769937992096e-03 1.890251189470291138e-01 -3.794702887535095215e-02 9.992765784263610840e-01 -2.525480231270194054e-03 -3.018522635102272034e-02 -2.739237388595938683e-03 2.423272002488374710e-03 9.999933242797851562e-01 -2.273577032610774040e-03 4.858390426635742188e+01
5.199990000000000000e+05 9.991495512257085876e-01 4.121786197190288603e-02 1.123453378876024039e-03 1.820753547704407893e-01 -4.121812670940268319e-02 9.991501491024104009e-01 2.135105563196065457e-04 -3.185582654951255033e-02 -1.113698162417044212e-03 -2.596356200461751875e-04 9.999993461326630584e-01 -3.020772150315662171e-05 9.992054104804992676e-01 3.984622284770011902e-02 9.062464232556521893e-04 2.029566019773483276e-01 -3.984330222010612488e-02 9.992013573646545410e-01 -3.017930313944816589e-03 -3.551286831498146057e-02 -1.025776145979762077e-03 2.979425946250557899e-03 9.999949336051940918e-01 -2.817858709022402763e-03 4.885011291503906250e+01
6.241200000000000000e+05 9.989246144861828602e-01 4.634320998546721110e-02 1.386178675232353818e-03 2.054468628464313773e-01 -4.634332564641790303e-02 9.989255695764486243e-01 5.141806369737171936e-05 -3.549742037776994902e-02 -1.382306444621246534e-03 -1.156028983281954907e-04 9.999990379319818601e-01 -1.331394108621537613e-03 9.990375638008117676e-01 4.383242502808570862e-02 1.628466066904366016e-03 2.158565521240234375e-01 -4.383271187543869019e-02 9.990388751029968262e-01 1.627992314752191305e-04 -3.099139779806137085e-02 -1.619764487259089947e-03 -2.340239443583413959e-04 9.999987483024597168e-01 -3.581955563277006149e-03 4.847747039794921875e+01
7.282460000000000000e+05 9.987979600321337248e-01 4.899399417851228733e-02 1.491117183627633635e-03 2.134935729602825405e-01 -4.899380522513942238e-02 9.987990690519275017e-01 -1.630063313418891923e-04 -3.762764091420212759e-02 -1.497312786463277957e-03 8.975488209964959860e-05 9.999988749985421199e-01 -1.385215622487020667e-03 9.987792968750000000e-01 4.931394383311271667e-02 2.834476064890623093e-03 2.302617430686950684e-01 -4.931664094328880310e-02 9.987828135490417480e-01 8.782300865277647972e-04 -3.031134791672229767e-02 -2.787716919556260109e-03 -1.016943482682108879e-03 9.999955892562866211e-01 -2.881088992580771446e-03 4.876816177368164062e+01
8.324960000000000000e+05 9.987741841269849319e-01 4.947765538804041463e-02 1.445902744149377963e-03 2.030732179682959992e-01 -4.947700998071033474e-02 9.987751479321262948e-01 -4.788032760775606366e-04 -3.846869660482075959e-02 -1.467821791605804791e-03 4.066774038576908157e-04 9.999988400556166779e-01 -1.040516388922433548e-03 9.987288117408752441e-01 4.983948171138763428e-02 7.538804318755865097e-03 2.441897690296173096e-01 -4.983447492122650146e-02 9.987571239471435547e-01 -8.598624845035374165e-04 -3.639760985970497131e-02 -7.572297006845474243e-03 4.830758552998304367e-04 9.999712705612182617e-01 3.857931122183799744e-03 4.924505615234375000e+01
9.366220000000000000e+05 9.986593529774119293e-01 5.173834810944227813e-02 1.624839143817036072e-03 2.331883919697288754e-01 -5.173790679468454057e-02 9.986606487689626555e-01 -3.125018473319131525e-04 -4.011885874653266931e-02 -1.638831242576266464e-03 2.280171182649846744e-04 9.999986311192680111e-01 -1.514302920712325097e-03 9.987276196479797363e-01 4.970329999923706055e-02 8.530158549547195435e-03 2.573353350162506104e-01 -4.963946342468261719e-02 9.987387657165527344e-01 -7.538929581642150879e-03 -5.343773588538169861e-02 -8.894104510545730591e-03 7.105903699994087219e-03 9.999351501464843750e-01 5.501281470060348511e-03 4.924777603149414062e+01
1.040770000000000000e+06 9.984598417330493580e-01 5.546066303596965119e-02 1.435018467707794947e-03 2.692551599563872688e-01 -5.545931009597780681e-02 9.984604807652759373e-01 -9.660484668057647828e-04 -4.377950419643737018e-02 -1.486386918069103509e-03 8.849754644470256282e-04 9.999985037350475059e-01 -1.303193726584931994e-03 9.985021948814392090e-01 5.452883616089820862e-02 4.471478052437305450e-03 2.632122635841369629e-01 -5.450852215290069580e-02 9.985030293464660645e-01 -4.532684106379747391e-03 -4.854474216699600220e-02 -4.711944609880447388e-03 4.282165784388780594e-03 9.999797344207763672e-01 3.285495564341545105e-03 4.907993698120117188e+01
1.144873000000000000e+06 9.981952096689064025e-01 6.003219048432738292e-02 1.568306285978479826e-03 2.746813639820991360e-01 -6.002978818516270521e-02 9.981954036968956334e-01 -1.536441906553908266e-03 -4.650935511305630266e-02 -1.657712097351995810e-03 1.439523859179648712e-03 9.999975898779829286e-01 -1.426745119082397685e-03 9.983358383178710938e-01 5.755516141653060913e-02 3.599544987082481384e-03 2.732906043529510498e-01 -5.755543336272239685e-02 9.983422756195068359e-01 -2.886553738790098578e-05 -4.145846515893936157e-02 -3.595241578295826912e-03 -1.783572079148143530e-04 9.999935030937194824e-01 4.438582342118024826e-03 4.871599960327148438e+01
1.248998000000000000e+06 9.981469955602145783e-01 6.082933438029118622e-02 1.538546492654422043e-03 2.788544791870404271e-01 -6.082672296335307760e-02 9.981469085076098979e-01 -1.690740244134750648e-03 -4.715510187948288717e-02 -1.638542034501946649e-03 1.594022548261561211e-03 9.999973871324984165e-01 -1.289352247196622666e-03 9.983035922050476074e-01 5.801388248801231384e-02 4.935557022690773010e-03 2.886991798877716064e-01 -5.801492184400558472e-02 9.983156919479370117e-01 5.838485594722442329e-05 -4.471372440457344055e-02 -4.923861008137464523e-03 -3.446204063948243856e-04 9.999877810478210449e-01 4.158214200288057327e-03 4.891648101806640625e+01
1.353147000000000000e+06 9.980900724940028335e-01 6.175934392821286895e-02 1.410880425649650716e-03 2.968042762526729716e-01 -6.175683123144675574e-02 9.980896732861964660e-01 -1.760066134498972958e-03 -4.740120980251962685e-02 -1.516885714009923170e-03 1.669573030425474357e-03 9.999974557885482618e-01 -1.295259967757529272e-03 9.982262253761291504e-01 5.938060581684112549e-02 4.276927560567855835e-03 2.989794015884399414e-01 -5.936669930815696716e-02 9.982308149337768555e-01 -3.302893834188580513e-03 -5.003963783383369446e-02 -4.465480800718069077e-03 3.043127479031682014e-03 9.999853372573852539e-01 4.148078151047229767e-03 4.902304077148437500e+01
1.457124000000000000e+06 9.980919682764967105e-01 6.172877451658089626e-02 1.407535665635771451e-03 2.985488466104056493e-01 -6.172630470752602655e-02 9.980916047837582461e-01 -1.735415032943790842e-03 -4.731097001252702883e-02 -1.511974577357062463e-03 1.645221828213437381e-03 9.999975035858239547e-01 -1.310835448318130878e-03 9.981392025947570801e-01 6.088525056838989258e-02 3.359474241733551025e-03 3.103204667568206787e-01 -6.086970865726470947e-02 9.981353878974914551e-01 -4.553460050374269485e-03 -5.393020063638687134e-02 -3.630450926721096039e-03 4.340498242527246475e-03 9.999840855598449707e-01 6.329190451651811600e-03 4.867520141601562500e+01
1.561124000000000000e+06 9.980703221120121871e-01 6.207901335312027841e-02 1.352160634220618768e-03 3.029151145020048119e-01 -6.207650690544041366e-02 9.980697293078155674e-01 -1.822868051216832699e-03 -4.765126151724499021e-02 -1.462712444888068569e-03 1.735413096773367201e-03 9.999974244036055060e-01 -1.180895838883708540e-03 9.982206821441650391e-01 5.956889688968658447e-02 2.630422357469797134e-03 3.256781697273254395e-01 -5.955936759710311890e-02 9.982183575630187988e-01 -3.560540731996297836e-03 -5.365749076008796692e-02 -2.837847918272018433e-03 3.397537162527441978e-03 9.999901652336120605e-01 4.275043960660696030e-03 4.883596801757812500e+01
1.665128000000000000e+06 9.981360709820080723e-01 6.101302668721456796e-02 1.339526137449413568e-03 2.961273522967142746e-01 -6.101063624514350275e-02 9.981355672888893027e-01 -1.758274450867912224e-03 -4.726694590724717093e-02 -1.444306328467033322e-03 1.673271809071999114e-03 9.999975570673252934e-01 -1.071679715769084922e-03 9.982972741127014160e-01 5.832614749670028687e-02 7.985380361787974834e-04 3.401788771152496338e-01 -5.832271277904510498e-02 9.982906579971313477e-01 -3.786744549870491028e-03 -5.196486413478851318e-02 -1.018028706312179565e-03 3.733730176463723183e-03 9.999924898147583008e-01 7.815337157808244228e-04 4.885590362548828125e+01
1.768997000000000000e+06 9.981712703630506445e-01 6.044088199357632030e-02 1.007300707467746748e-03 3.539776145944009134e-01 -6.043971087938827813e-02 9.981711811288913605e-01 -1.155145716238557829e-03 -4.493857224723633165e-02 -1.075276565650852556e-03 1.092152300904696005e-03 9.999988254910913144e-01 -1.657062245997221669e-03 9.983131885528564453e-01 5.805354937911033630e-02 6.919208681210875511e-04 3.610456287860870361e-01 -5.805189162492752075e-02 9.983110427856445312e-01 -2.202601172029972076e-03 -4.831933602690696716e-02 -8.186226477846503258e-04 2.158716553822159767e-03 9.999973773956298828e-01 1.326596393482759595e-04 4.860825729370117188e+01
1.872875000000000000e+06 9.983353597798818591e-01 5.767191472201809582e-02 6.780979990156296711e-04 3.371426979918256683e-01 -5.767080806310615620e-02 9.983344480372815521e-01 -1.551744487331906033e-03 -4.545858159722982600e-02 -7.664606632872064673e-04 1.510054933393913199e-03 9.999985661351120658e-01 -2.581649266535663428e-04 9.984045624732971191e-01 5.641376599669456482e-02 2.412579488009214401e-03 3.799351751804351807e-01 -5.641862750053405762e-02 9.984051585197448730e-01 2.009668387472629547e-03 -3.878766298294067383e-02 -2.295352518558502197e-03 -2.142577432096004486e-03 9.999950528144836426e-01 1.062683761119842529e-03 4.861468887329101562e+01
1.976766000000000000e+06 9.984544256251497441e-01 5.557588730254091336e-02 2.841205040592281782e-04 4.107119938221305833e-01 -5.557560849849141338e-02 9.984540671885383523e-01 -9.096587641120205481e-04 -4.342308657354910367e-02 -3.342363654124965019e-04 8.924626490719500581e-04 9.999995458981365548e-01 4.605877008494238924e-04 9.986038208007812500e-01 5.280049145221710205e-02 1.589483232237398624e-03 4.019157290458679199e-01 -5.280129238963127136e-02 9.986050128936767578e-01 4.131478781346231699e-04 -3.973026573657989502e-02 -1.565456273965537548e-03 -4.964994150213897228e-04 9.999986290931701660e-01 3.532203845679759979e-03 4.840911865234375000e+01
2.080499000000000000e+06 9.986568366165561317e-01 5.181210299183788143e-02 1.692882030700256890e-04 4.162685927308639178e-01 -5.181198053105246643e-02 9.986566381241711587e-01 -6.616644896557338871e-04 -4.036262829763866133e-02 -2.033430164878083596e-04 6.520046090448287576e-04 9.999997667707761773e-01 6.358355569504691015e-04 9.988079071044921875e-01 4.880089312791824341e-02 1.143379835411906242e-03 4.235782623291015625e-01 -4.879997298121452332e-02 9.988083243370056152e-01 -7.625666912645101547e-04 -4.177881404757499695e-02 -1.179236336611211300e-03 7.058644550852477551e-04 9.999991059303283691e-01 3.982766065746545792e-03 4.805923080444335938e+01
2.184123000000000000e+06 9.987497935835536467e-01 4.998734429559244935e-02 3.392742415592888252e-04 4.814133397270126680e-01 -4.998730251235480176e-02 9.987498447690447145e-01 -1.305422555208904010e-04 -3.827894203734484579e-02 -3.453755570563111056e-04 1.134196457857054348e-04 9.999999339258489606e-01 1.639035844432956126e-03 9.989513754844665527e-01 4.571360349655151367e-02 2.506387885659933090e-03 4.465171694755554199e-01 -4.571108147501945496e-02 9.989541172981262207e-01 -1.071072649210691452e-03 -3.810005635023117065e-02 -2.552727237343788147e-03 9.553794516250491142e-04 9.999962449073791504e-01 7.099129725247621536e-03 4.809027099609375000e+01
2.287894000000000000e+06 9.989956654176419537e-01 4.480692464921019053e-02 -1.723560757221297260e-06 4.525635348238074562e-01 -4.480692412110851702e-02 9.989956460767482893e-01 -1.967059576525758725e-04 -3.462187823909144979e-02 -7.091959230630082132e-06 1.965856265141779826e-04 9.999999806518977685e-01 1.415650326521561593e-03 9.990755915641784668e-01 4.298717528581619263e-02 4.097115888725966215e-04 4.712058007717132568e-01 -4.298739880323410034e-02 9.990754127502441406e-01 6.233687163330614567e-04 -3.378672897815704346e-02 -3.825304447673261166e-04 -6.404032465070486069e-04 9.999997615814208984e-01 5.374152213335037231e-03 4.822435379028320312e+01
2.391499000000000000e+06 9.991556468483361320e-01 4.108373791429731359e-02 -3.462301802146957566e-04 4.712721759739018634e-01 -4.108394119327617167e-02 9.991555171110324540e-01 -6.020198352173367767e-04 -3.329202937764969006e-02 3.212045699969994796e-04 6.157360180301723815e-04 9.999997588483646727e-01 3.113496293048238339e-03 9.991627931594848633e-01 4.090029001235961914e-02 -9.043387253768742085e-04 4.928146302700042725e-01 -4.090095683932304382e-02 9.991629719734191895e-01 -7.054636953398585320e-04 -3.283537551760673523e-02 8.747219108045101166e-04 7.418646709993481636e-04 9.999993443489074707e-01 4.301706794649362564e-03 4.809715270996093750e+01
2.495127000000000000e+06 9.992435854503650683e-01 3.888485303030216056e-02 -4.745188840131364552e-04 5.003126096819092705e-01 -3.888520329867742320e-02 9.992434009866866251e-01 -7.527124599028279508e-04 -3.242497002142845364e-02 4.448907506462627362e-04 7.705948602005099858e-04 9.999996041278194081e-01 4.520199669824435419e-03 9.993030428886413574e-01 3.722140565514564514e-02 -2.851123688742518425e-03 5.152742266654968262e-01 -3.723029047250747681e-02 9.993019104003906250e-01 -3.101004054769873619e-03 -3.440634533762931824e-02 2.733711153268814087e-03 3.204985521733760834e-03 9.999911785125732422e-01 2.792106010019779205e-03 4.809852981567382812e+01
2.598751000000000000e+06 9.993716377722612343e-01 3.543994536405565415e-02 -5.830422364517226551e-04 5.039457827332148865e-01 -3.544050845195360205e-02 9.993713018850196583e-01 -9.855854111851872212e-04 -3.074008240347236853e-02 5.477465871564251481e-04 1.005629419063598130e-03 9.999993443413845995e-01 5.323428241525304805e-03 9.994810819625854492e-01 3.206098452210426331e-02 -3.099446650594472885e-03 5.409390330314636230e-01 -3.207170963287353516e-02 9.994794130325317383e-01 -3.497199388220906258e-03 -3.239639475941658020e-02 2.985714701935648918e-03 3.594790818169713020e-03 9.999890327453613281e-01 3.998073225375264883e-04 4.792377471923828125e+01
2.702273000000000000e+06 9.996108793014988336e-01 2.789114428951620234e-02 -4.171984077397961630e-04 5.094089532378490714e-01 -2.789174674535457171e-02 9.996098005745315263e-01 -1.515605835986180185e-03 -2.634025735917823810e-02 3.747636362235300935e-04 1.526652474684564963e-03 9.999987644414594090e-01 7.107543371650024144e-03 9.996169805526733398e-01 2.752454206347465515e-02 -2.875672886148095131e-03 5.682319402694702148e-01 -2.753163129091262817e-02 9.996178150177001953e-01 -2.485524863004684448e-03 -2.617163769900798798e-02 2.806153846904635429e-03 2.563745481893420219e-03 9.999927878379821777e-01 -1.839420583564788103e-04 4.799407958984375000e+01
2.805874000000000000e+06 9.997526777054756009e-01 2.223918950010015522e-02 4.319375721761053186e-05 5.471931662980099587e-01 -2.223908426555372408e-02 9.997512417395229001e-01 -1.696397910504159794e-03 -2.185255281382747494e-02 -8.090952742543232898e-05 1.695017763858906084e-03 9.999985601831620219e-01 7.645119806277751728e-03 9.997557997703552246e-01 2.205491438508033752e-02 -1.379557768814265728e-03 5.935623645782470703e-01 -2.205777168273925781e-02 9.997546672821044922e-01 -2.039305400103330612e-03 -1.972251944243907928e-02 1.334243686869740486e-03 2.069234149530529976e-03 9.999969005584716797e-01 -1.768816728144884109e-04 4.806854248046875000e+01
2.909375000000000000e+06 9.999016626682036835e-01 1.402077385223623497e-02 2.879416596902039933e-04 6.245719300158528720e-01 -1.402046877044191807e-02 9.999011721820011411e-01 -1.035539015457995595e-03 -1.444968821242471023e-02 -3.024322601829302075e-04 1.031400106613097499e-03 9.999994223741555111e-01 9.093402085586210423e-03 9.998731017112731934e-01 1.592956855893135071e-02 1.357412547804415226e-04 6.222267746925354004e-01 -1.592935435473918915e-02 9.998719692230224609e-01 -1.568167936056852341e-03 -1.652882620692253113e-02 -1.607002195669338107e-04 1.565809361636638641e-03 9.999987483024597168e-01 1.577893621288239956e-03 4.792959976196289062e+01
3.012876000000000000e+06 9.999140115450428912e-01 1.311080446432652535e-02 2.762619877869788160e-04 6.333670875457332317e-01 -1.311054582798737433e-02 9.999136316202147379e-01 -9.180885833640978688e-04 -1.330878690881042749e-02 -2.882750074897363164e-04 9.143876928613493609e-04 9.999995403962239626e-01 9.089458847735940386e-03 9.999258518218994141e-01 1.211918052285909653e-02 1.165193738415837288e-03 6.464377641677856445e-01 -1.211708877235651016e-02 9.999248981475830078e-01 -1.797507167793810368e-03 -1.249383389949798584e-02 -1.186896581202745438e-03 1.783256419003009796e-03 9.999977350234985352e-01 2.980897435918450356e-03 4.804259109497070312e+01
3.116499000000000000e+06 9.999266173936885993e-01 1.211254948251497786e-02 2.144181895687524795e-04 6.542869470965956280e-01 -1.211237343443080129e-02 9.999263191686749153e-01 -8.041430786725855921e-04 -1.206973620177338724e-02 -2.241426137233931606e-04 8.014869554198692132e-04 9.999996536893204224e-01 9.249283225277869780e-03 9.999313354492187500e-01 1.148105785250663757e-02 2.383889630436897278e-03 6.715447306632995605e-01 -1.148266624659299850e-02 9.999338388442993164e-01 6.976762670092284679e-04 -7.109963335096836090e-03 -2.375714946538209915e-03 -7.249984773807227612e-04 9.999969601631164551e-01 3.676205407828092575e-03 4.804800033569335938e+01
3.220123000000000000e+06 9.999257068861212572e-01 1.218856134799604397e-02 1.402916493358239227e-04 6.968071258731244333e-01 -1.218844020453591949e-02 9.999253702344542694e-01 -8.341990562442427566e-04 -1.182324378033043286e-02 -1.504488656950526916e-04 8.324271446338249404e-04 9.999996422150326802e-01 9.745350650522998162e-03 9.999360442161560059e-01 1.107834000140428543e-02 2.261589281260967255e-03 6.968422532081604004e-01 -1.108104642480611801e-02 9.999379515647888184e-01 1.160081941634416580e-03 -5.077249836176633835e-03 -2.248597098514437675e-03 -1.185075961984694004e-03 9.999967813491821289e-01 4.021581262350082397e-03 4.806908798217773438e+01
3.323750000000000000e+06 9.999231562207936408e-01 1.239619857727898393e-02 1.261431883590200605e-04 7.084495794425962334e-01 -1.239608471557295151e-02 9.999227900731004759e-01 -8.665875404561992597e-04 -1.198895671804530230e-02 -1.368758402406457849e-04 8.649572669223152708e-04 9.999996165568864059e-01 1.006770360676486134e-02 9.999431967735290527e-01 1.048982143402099609e-02 1.928959391079843044e-03 7.163515090942382812e-01 -1.049028616398572922e-02 9.999449253082275391e-01 2.536387182772159576e-04 -5.999388638883829117e-03 -1.926197553984820843e-03 -2.738575276453047991e-04 9.999980926513671875e-01 4.615150392055511475e-03 4.807958221435546875e+01
3.427371000000000000e+06 9.999343501651646315e-01 1.145823332349450371e-02 6.518569713832083278e-05 7.338420286647636681e-01 -1.145818163564066294e-02 9.999340756319438084e-01 -7.446233927385948219e-04 -1.077062928152165353e-02 -7.371346836501635729e-05 7.438275987798141078e-04 9.999997206433756114e-01 1.033408212669783416e-02 9.999414682388305664e-01 1.058738771826028824e-02 2.224166644737124443e-03 7.388367652893066406e-01 -1.058865524828433990e-02 9.999438524246215820e-01 5.171693046577274799e-04 -6.851248443126678467e-03 -2.218562178313732147e-03 -5.406841519288718700e-04 9.999973177909851074e-01 5.585657898336648941e-03 4.811878585815429688e+01
3.531001000000000000e+06 9.999329686670137551e-01 1.157814626516608970e-02 6.861515696135114936e-05 7.513957442653633745e-01 -1.157809017405002187e-02 9.999326766305333125e-01 -7.681410354707689713e-04 -1.091449713685923098e-02 -7.750418640735973089e-05 7.672951135177841263e-04 9.999997026256244315e-01 1.054329815685414902e-02 9.999390244483947754e-01 1.090722251683473587e-02 1.696712570264935493e-03 7.571392655372619629e-01 -1.090643741190433502e-02 9.999403953552246094e-01 -4.061882791575044394e-04 -7.668834179639816284e-03 -1.701043220236897469e-03 3.876577538903802633e-04 9.999985098838806152e-01 4.779288079589605331e-03 4.859222412109375000e+01
3.634758000000000000e+06 9.999279838555596989e-01 1.200083078476411880e-02 8.463331372037419687e-05 7.653147469466742292e-01 -1.200075691233350519e-02 9.999276478652279199e-01 -8.251472653075122123e-04 -1.147822330720330367e-02 -9.452964303894749107e-05 8.240721775564847267e-04 9.999996559845366617e-01 1.067133350645573311e-02 9.999441504478454590e-01 1.051543653011322021e-02 1.108413329347968102e-03 7.738974690437316895e-01 -1.051490567624568939e-02 9.999446272850036621e-01 -5.130103672854602337e-04 -7.210365496575832367e-03 -1.113743055611848831e-03 5.013262270949780941e-04 9.999992847442626953e-01 4.109327681362628937e-03 4.812543869018554688e+01
3.738395000000000000e+06 9.999308681555828526e-01 1.175760283390335503e-02 1.330067073006037945e-04 8.074640894169776706e-01 -1.175749128176641067e-02 9.999305498364607914e-01 -8.104986733574982231e-04 -1.128157559553741654e-02 -1.425269910788248265e-04 8.088788169529658508e-04 9.999996627005148797e-01 1.034679477234465121e-02 9.999349713325500488e-01 1.083461102098226547e-02 3.559779608622193336e-03 7.921352386474609375e-01 -1.083758380264043808e-02 9.999408721923828125e-01 8.114270167425274849e-04 -6.006042938679456711e-03 -3.550780238583683968e-03 -8.499594987370073795e-04 9.999933838844299316e-01 4.052345175296068192e-03 4.820505523681640625e+01
3.842137000000000000e+06 9.999334289644488116e-01 1.153770761791056768e-02 1.376320710629970663e-04 8.101165613285649103e-01 -1.153759589530630944e-02 9.999331302906488972e-01 -7.866564469808343422e-04 -1.101708165177906276e-02 -1.466990797094604128e-04 7.850161352316254110e-04 9.999996811144734599e-01 1.028684589505788304e-02 9.999264478683471680e-01 1.159930694848299026e-02 3.538120770826935768e-03 7.997995615005493164e-01 -1.160338241606950760e-02 9.999319911003112793e-01 1.150170690380036831e-03 -4.454683046787977219e-03 -3.524542320519685745e-03 -1.191142480820417404e-03 9.999930858612060547e-01 4.652997478842735291e-03 4.873065567016601562e+01
3.945774000000000000e+06 9.999114884722984931e-01 1.330423427957893624e-02 1.121530700422387276e-04 7.989674439310027187e-01 -1.330411593615771736e-02 9.999109992234760380e-01 -9.970647270164988488e-04 -1.301589217323928169e-02 -1.254082705305577022e-04 9.954843779100296976e-04 9.999994966417026232e-01 1.083322576490048164e-02 9.999115467071533203e-01 1.239355187863111496e-02 4.829051904380321503e-03 8.057713508605957031e-01 -1.239494606852531433e-02 9.999231696128845215e-01 2.523057046346366405e-04 -6.505966652184724808e-03 -4.825551994144916534e-03 -3.121405316051095724e-04 9.999883174896240234e-01 7.552716881036758423e-03 4.879536056518554688e+01
4.049501000000000000e+06 9.999034760787868237e-01 1.389347940409151917e-02 9.878183985100947228e-05 8.102162570014888043e-01 -1.389336984002615370e-02 9.999029471730013219e-01 -1.034655252459144728e-03 -1.358229328303979869e-02 -1.131472140675255527e-04 1.033182970859665558e-03 9.999994598651887889e-01 1.094661079390657835e-02 9.999104142189025879e-01 1.313496194779872894e-02 2.570939948782324791e-03 8.098316788673400879e-01 -1.313528884202241898e-02 9.999136924743652344e-01 8.835514745442196727e-05 -8.037336170673370361e-03 -2.569557633250951767e-03 -1.221194688696414232e-04 9.999966621398925781e-01 1.029428374022245407e-02 4.847046279907226562e+01
4.153250000000000000e+06 9.998935284149056413e-01 1.459182147324879046e-02 1.027889718730884687e-04 8.050321457206059961e-01 -1.459171854651990750e-02 9.998930937904918492e-01 -9.395346551666147608e-04 -1.425475298998434177e-02 -1.164875059832870053e-04 9.379347535663501304e-04 9.999995533543992732e-01 1.125572649391148872e-02 9.998980760574340820e-01 1.426223944872617722e-02 6.642238004133105278e-04 8.101344704627990723e-01 -1.426189299672842026e-02 9.998982548713684082e-01 -4.453071451280266047e-04 -8.601076900959014893e-03 -6.705069681629538536e-04 4.357947327662259340e-04 9.999996423721313477e-01 1.183025352656841278e-02 4.873190307617187500e+01
4.257002000000000000e+06 9.998979665431182440e-01 1.427829481999221863e-02 4.322083789258636746e-04 8.198282740975144645e-01 -1.427861824419117930e-02 9.998977705167982899e-01 7.547056995714591845e-04 -1.012167804651615752e-02 -4.213882842238848500e-04 -7.608000326618151541e-04 9.999996218075482002e-01 9.787117412149999585e-03 9.998931288719177246e-01 1.459392812103033066e-02 -8.355019381269812584e-04 8.160827755928039551e-01 -1.459362171590328217e-02 9.998933672904968262e-01 4.055856261402368546e-04 -8.530764840543270111e-03 8.413257310166954994e-04 -3.933483385480940342e-04 9.999995827674865723e-01 1.046048104763031006e-02 4.859436798095703125e+01
4.360751000000000000e+06 9.998720649809879069e-01 1.598918034205247182e-02 4.469697376615442840e-04 8.011801603669634897e-01 -1.598946494789222836e-02 9.998719551272433614e-01 6.405934790098158187e-04 -1.168787923908216377e-02 -4.366699407884313600e-04 -6.476583316432800701e-04 9.999996949289767789e-01 1.019791184516620139e-02 9.998621344566345215e-01 1.657344028353691101e-02 -9.854956297203898430e-04 8.198852539062500000e-01 -1.657387427985668182e-02 9.998625516891479492e-01 -4.258244880475103855e-04 -1.171915978193283081e-02 9.782961569726467133e-04 4.420955374371260405e-04 9.999994635581970215e-01 1.124972663819789886e-02 4.854188919067382812e+01
4.464541000000000000e+06 9.997339049058595606e-01 2.305529681950676743e-02 7.567450748005590498e-04 8.583662159333956820e-01 -2.305657054999461428e-02 9.997326824006000923e-01 1.719967268094663420e-03 -1.405802848470904046e-02 -7.168884271034708065e-04 -1.736957539675922785e-03 9.999982345231620551e-01 9.864118888678236746e-03 9.997884631156921387e-01 2.052626572549343109e-02 -1.323409611359238625e-03 8.223639726638793945e-01 -2.052470296621322632e-02 9.997887015342712402e-01 1.191222690977156162e-03 -1.293501723557710648e-02 1.347593264654278755e-03 -1.163801294751465321e-03 9.999983310699462891e-01 1.249306090176105499e-02 4.872268676757812500e+01
4.568398000000000000e+06 9.996536998456435619e-01 2.628970659378445859e-02 1.154006855950826232e-03 8.443048551366602039e-01 -2.629362055004037454e-02 9.996480702226222537e-01 3.518698420277756398e-03 -1.248884822436316724e-02 -1.061095180155868702e-03 -3.547822912026003719e-03 9.999931434914909323e-01 7.957763122359505850e-03 9.996734857559204102e-01 2.554260566830635071e-02 -7.052377332001924515e-04 8.277322053909301758e-01 -2.554042823612689972e-02 9.996694922447204590e-01 2.936806762591004372e-03 -1.325904764235019684e-02 7.800235180184245110e-04 -2.917833393439650536e-03 9.999954104423522949e-01 1.078680157661437988e-02 4.918399810791015625e+01
4.672274000000000000e+06 9.995418139315184192e-01 3.025316206688668727e-02 9.531171124277559772e-04 8.368339889989142577e-01 -3.025589595233390758e-02 9.995376896607961470e-01 2.997958116498639514e-03 -1.689379593548120256e-02 -8.619787682182119236e-04 -3.025421904697542502e-03 9.999950518954507928e-01 8.872940417183358339e-03 9.995449781417846680e-01 3.016400337219238281e-02 1.903245574794709682e-04 8.289836049079895020e-01 -3.016438335180282593e-02 9.995417594909667969e-01 2.517630346119403839e-03 -1.512144692242145538e-02 -1.143003100878559053e-04 -2.522239927202463150e-03 9.999968409538269043e-01 9.766380302608013153e-03 4.934092712402343750e+01
4.776128000000000000e+06 9.993713163451209969e-01 3.545052544555034324e-02 4.819842126734408955e-04 8.586477798813202389e-01 -3.545128281602698272e-02 9.993700171758832518e-01 1.665927097034093207e-03 -2.418021201619845184e-02 -4.226225797901526221e-04 -1.681966714578618950e-03 9.999984961879281320e-01 1.091524161121018230e-02 9.994527697563171387e-01 3.307594358921051025e-02 -7.774919504299759865e-05 8.352388143539428711e-01 -3.307580575346946716e-02 9.994519352912902832e-01 1.328883110545575619e-03 -2.004544809460639954e-02 1.216598611790686846e-04 -1.325573888607323170e-03 9.999991059303283691e-01 1.039040833711624146e-02 4.913199996948242188e+01
4.880125000000000000e+06 9.993873489707021385e-01 3.499781871031865804e-02 2.818414099418278394e-04 8.633208263431753071e-01 -3.499806964079230781e-02 9.993869369692707227e-01 9.409401506795590266e-04 -2.547518622770605229e-02 -2.487377714398659946e-04 -9.502275877798947376e-04 9.999995175984224272e-01 1.173705940022960054e-02 9.994117021560668945e-01 3.429880738258361816e-02 -5.324135054252110422e-05 8.367519974708557129e-01 -3.429882228374481201e-02 9.994116425514221191e-01 -6.993456918280571699e-05 -2.327519468963146210e-02 5.081584822619333863e-05 7.171688048401847482e-05 1.000000000000000000e+00 1.241294573992490768e-02 4.887862396240234375e+01
4.984148000000000000e+06 9.993638466034058254e-01 3.566276551774227865e-02 -2.633276509133977749e-04 8.744374856964278742e-01 -3.566303757033460753e-02 9.993632517696631190e-01 -1.113035256004916984e-03 -3.106662199323890344e-02 2.234660647746653591e-04 1.121718258182340805e-03 9.999993459053627687e-01 1.390454575978575247e-02 9.994227886199951172e-01 3.395960107445716858e-02 -8.270770194940268993e-04 8.381923437118530273e-01 -3.396043553948402405e-02 9.994227290153503418e-01 -1.015443238429725170e-03 -2.461939677596092224e-02 7.921056239865720272e-04 1.042948802933096886e-03 9.999991655349731445e-01 1.213285699486732483e-02 4.874399948120117188e+01
5.088126000000000000e+06 9.993713716480955300e-01 3.545000714695235866e-02 -3.981313406312995615e-04 8.763090554268534449e-01 -3.545063155774651198e-02 9.993700008212692554e-01 -1.689427624907774471e-03 -3.237908773833544918e-02 3.379902961226964944e-04 1.702479610427476376e-03 9.999984936617154485e-01 1.443828466479718520e-02 9.994572401046752930e-01 3.289036452770233154e-02 -1.881341799162328243e-03 8.405036926269531250e-01 -3.289029747247695923e-02 9.994589686393737793e-01 6.641644722549244761e-05 -2.242556959390640259e-02 1.882513985037803650e-03 -4.510297458182321861e-06 9.999982714653015137e-01 1.198297273367643356e-02 4.893814468383789062e+01
5.192023000000000000e+06 9.993545139421430301e-01 3.591732772508743343e-02 -7.078312804285587581e-04 8.867392828766853530e-01 -3.591944803586782919e-02 9.993493925276339951e-01 -3.253444322337300382e-03 -3.685511725491436713e-02 5.905157334724240800e-04 3.276769178416977929e-03 9.999944570220657969e-01 1.576562369066769262e-02 9.994674324989318848e-01 3.254225105047225952e-02 -2.408947562798857689e-03 8.409947156906127930e-01 -3.253961727023124695e-02 9.994698166847229004e-01 1.124475500546395779e-03 -2.054456621408462524e-02 2.444266341626644135e-03 -1.045480952598154545e-03 9.999964237213134766e-01 1.138967927545309067e-02 4.887955093383789062e+01
5.295877000000000000e+06 9.993637223876397080e-01 3.566025229806758096e-02 -7.048200821852563126e-04 8.732163773079471003e-01 -3.566253178030032861e-02 9.993576161738267905e-01 -3.541018508391394030e-03 -3.765581274418028368e-02 5.780937027459263477e-04 3.563901106353478503e-03 9.999934821869942425e-01 1.581121506755849698e-02 9.994645714759826660e-01 3.251156955957412720e-02 -3.692102618515491486e-03 8.418132662773132324e-01 -3.252466022968292236e-02 9.994646906852722168e-01 -3.544928273186087608e-03 -2.591914124786853790e-02 3.574866801500320435e-03 3.663108451291918755e-03 9.999869465827941895e-01 1.051115710288286209e-02 4.898716735839843750e+01
5.399752000000000000e+06 9.994182768753091528e-01 3.409726330315193676e-02 -6.960605738848524814e-04 8.783228184685353268e-01 -3.409956140726165541e-02 9.994119165396742055e-01 -3.611233586738949678e-03 -3.667354792965572818e-02 5.725180515759025618e-04 3.632868208609844277e-03 9.999932372230638800e-01 1.583574641071539696e-02 9.994864463806152344e-01 3.171650320291519165e-02 -4.571177065372467041e-03 8.431248068809509277e-01 -3.174606710672378540e-02 9.994744658470153809e-01 -6.552269682288169861e-03 -3.169369325041770935e-02 4.360969178378582001e-03 6.694031879305839539e-03 9.999680519104003906e-01 9.057827293872833252e-03 4.899699020385742188e+01
5.503628000000000000e+06 9.994876985155344284e-01 3.199887451276247491e-02 -6.423263428488858130e-04 8.691997308862929872e-01 -3.200102232012517339e-02 9.994810942265827114e-01 -3.671088622193679693e-03 -3.532357548042928952e-02 5.245223361192693839e-04 3.689763017001159578e-03 9.999930552387351623e-01 1.572035496455788037e-02 9.995125532150268555e-01 3.071575053036212921e-02 -5.594443995505571365e-03 8.402280211448669434e-01 -3.075401298701763153e-02 9.995033144950866699e-01 -6.874709855765104294e-03 -3.114794567227363586e-02 5.380508024245500565e-03 7.043403107672929764e-03 9.999606609344482422e-01 1.010437868535518646e-02 4.913795089721679688e+01
5.607400000000000000e+06 9.994949241646791105e-01 3.177325809758158731e-02 -5.971781642274045371e-04 8.540884983633321159e-01 -3.177529805793658652e-02 9.994878493837991984e-01 -3.790692560752200336e-03 -3.536021808990327808e-02 4.764296639115871666e-04 3.807753487992254337e-03 9.999926369868430420e-01 1.567077671267012862e-02 9.995648860931396484e-01 2.923963963985443115e-02 -3.879332216456532478e-03 8.434756994247436523e-01 -2.926581539213657379e-02 9.995480179786682129e-01 -6.880804430693387985e-03 -3.141238912940025330e-02 3.676384687423706055e-03 6.991341244429349899e-03 9.999688267707824707e-01 9.961904957890510559e-03 4.923900985717773438e+01
5.711251000000000000e+06 9.995065744022038068e-01 3.140446728190895292e-02 -6.059801134427203820e-04 8.621136734487574449e-01 -3.140649498502898901e-02 9.994998770945454636e-01 -3.691586625608480991e-03 -3.481023388934188084e-02 4.897447434402254704e-04 3.708796812786072268e-03 9.999930024640183435e-01 1.559114809903386183e-02 9.995827078819274902e-01 2.861655130982398987e-02 -3.946030512452125549e-03 8.502045273780822754e-01 -2.865035645663738251e-02 9.995509386062622070e-01 -8.774780668318271637e-03 -3.705010190606117249e-02 3.693157341331243515e-03 8.884179405868053436e-03 9.999536871910095215e-01 1.246251352131366730e-02 4.916521453857421875e+01
5.815003000000000000e+06 9.995271080962880861e-01 3.074456558057582153e-02 -5.760908774651816999e-04 8.630670008630247914e-01 -3.074645156675236482e-02 9.995206774044680387e-01 -3.615407294701095293e-03 -3.396684811171507556e-02 4.646606189221934302e-04 3.631410347908830931e-03 9.999932984523322022e-01 1.541370529865592962e-02 9.996013045310974121e-01 2.716101333498954773e-02 -7.705722935497760773e-03 8.430604934692382812e-01 -2.721091918647289276e-02 9.996088743209838867e-01 -6.458927877247333527e-03 -3.261204063892364502e-02 7.527281530201435089e-03 6.666036322712898254e-03 9.999494552612304688e-01 1.616594381630420685e-02 4.924588775634765625e+01
5.918752000000000000e+06 9.996048781948378981e-01 2.810552375311957049e-02 -4.086512911945550694e-04 8.552261218931896947e-01 -2.810668490791731408e-02 9.995998517252259186e-01 -3.186011028214681771e-03 -3.054012102093954517e-02 3.189432583019733152e-04 3.196237999224130297e-03 9.999948411554370198e-01 1.494844030343397967e-02 9.995393753051757812e-01 2.665097825229167938e-02 -1.451456360518932343e-02 8.336136341094970703e-01 -2.672138810157775879e-02 9.996320605278015137e-01 -4.679450299590826035e-03 -3.015574812889099121e-02 1.438450999557971954e-02 5.065142177045345306e-03 9.998837113380432129e-01 1.470023952424526215e-02 4.960620880126953125e+01
6.022375000000000000e+06 9.996171064180080501e-01 2.766710759228891564e-02 -4.143806856016922805e-04 8.524432921294906595e-01 -2.766826604515514737e-02 9.996123067021414066e-01 -3.115018624800715719e-03 -2.991554258321274529e-02 3.280364772481744393e-04 3.125291099249744801e-03 9.999950624616007477e-01 1.464235924655725267e-02 9.994930028915405273e-01 2.627472020685672760e-02 -1.798331923782825470e-02 8.282617330551147461e-01 -2.629566751420497894e-02 9.996537566184997559e-01 -9.273898322135210037e-04 -2.337446995079517365e-02 1.795272342860698700e-02 1.399805187247693539e-03 9.998378753662109375e-01 9.085897356271743774e-03 4.982329559326171875e+01
6.126131000000000000e+06 9.996621387901954980e-01 2.598968514401830271e-02 -3.802095205472622551e-04 8.491899383580469030e-01 -2.599066599438130259e-02 9.996581109189105474e-01 -2.854221301764549214e-03 -2.769562182343931339e-02 3.058992207115745522e-04 2.863138869445446075e-03 9.999958544222933288e-01 1.439299507519921188e-02 9.995040893554687500e-01 2.681609056890010834e-02 -1.650575362145900726e-02 8.246240019798278809e-01 -2.680420130491256714e-02 9.996402859687805176e-01 9.371445048600435257e-04 -1.921942271292209625e-02 1.652496308088302612e-02 -4.942550440318882465e-04 9.998633265495300293e-01 3.786790417507290840e-03 4.989855957031250000e+01
