1.000000000000000000e+00 0.000000000000000000e+00 0.000000000000000000e+00 0.000000000000000000e+00 0.000000000000000000e+00 1.000000000000000000e+00 0.000000000000000000e+00 0.000000000000000000e+00 0.000000000000000000e+00 0.000000000000000000e+00 1.000000000000000000e+00 0.000000000000000000e+00
9.999999883497150410e-01 -1.437761127940575688e-04 -5.127376835282345898e-05 1.440669447808728965e-02 1.437778229833383949e-04 9.999999891077924197e-01 3.335195233089579647e-05 1.233172641674537768e-03 5.126897258030796759e-05 -3.335932397308097774e-05 9.999999981293239415e-01 4.204054070511276109e-04
9.999999650486498526e-01 -2.523427961108010522e-04 -7.890381763661340349e-05 2.386843491379586624e-02 2.523482090877418615e-04 9.999999658072246111e-01 6.859979031084416389e-05 2.228610854224641769e-03 7.888650427581568819e-05 -6.861969915020432569e-05 9.999999945341281338e-01 7.449484971191466798e-04
9.999997649071957762e-01 -6.656319505952328162e-04 -1.646805021114450891e-04 6.230040562085803479e-02 6.656397273233937741e-04 9.999997773492181885e-01 4.717282469692223832e-05 5.760580762706542408e-03 1.646490657055321629e-04 -4.728243148981296106e-05 9.999999853275285400e-01 6.072856661729630900e-04
9.999835333049997832e-01 -5.693617146178427645e-03 -7.182214452059292042e-04 2.942622238706411597e-01 5.693464500245324841e-03 9.999837691154888075e-01 -2.143990991513717019e-04 1.478160440281954709e-02 7.194304942541960169e-04 2.103064003409246656e-04 9.999997190954472703e-01 1.188786529909613421e-03
9.999814160996448598e-01 -6.046014908946166326e-03 -7.830443648063188265e-04 3.266605200871530723e-01 6.045840301574257995e-03 9.999816983910724266e-01 -2.251607569376972741e-04 1.802578167988581892e-02 7.843913591583783363e-04 2.204224113304115292e-04 9.999996680720188991e-01 1.210865021303852984e-03
9.999546973685283779e-01 -9.423154991529616650e-03 -1.344381259991712365e-03 5.124482624425320543e-01 9.422568451485176591e-03 9.999555089485403503e-01 -4.419587961474441399e-04 2.684763324300672854e-02 1.348486093264615084e-03 4.292712498934603662e-04 9.999989986552342280e-01 8.580550713035428601e-04
9.998538117551424298e-01 -1.703480237279056744e-02 -1.473305570145552789e-03 1.051793593516471947e+00 1.703465944564218348e-02 9.998548936662634556e-01 -1.095064080565058670e-04 4.375943648995155033e-02 1.474957204261976521e-03 8.439314098473194882e-05 9.999989086889391476e-01 1.504955064505875129e-03
9.997587755062635750e-01 -2.191160977098007348e-02 -1.507367787385522576e-03 1.419821366824357334e+00 2.191142836006233427e-02 9.997599064805074986e-01 -1.367606696297524031e-04 5.968872784435912127e-02 1.510002524641686954e-03 1.036990984430981940e-04 9.999988545687932273e-01 3.041969301989411179e-03
9.995331019242341686e-01 -3.051692758136639178e-02 -1.515023508155585426e-03 1.876964525572007547e+00 3.051720162808900516e-02 9.995342292380424709e-01 1.580943206828682075e-04 8.294376889063583003e-02 1.509493301818726468e-03 -2.042547844962291134e-04 9.999988398543206980e-01 3.532173910239411185e-03
9.993094468275053321e-01 -3.712045884931761131e-02 -1.643479590920512382e-03 2.412389188499722614e+00 3.712125938615217641e-02 9.993106629872625657e-01 4.592935708496753049e-04 1.104302123423179793e-01 1.625297491834984138e-03 -5.199844362575105046e-04 9.999985440110829016e-01 4.139259929322847142e-03
9.991188230387447744e-01 -4.192231978120972147e-02 -2.023996649190697855e-03 2.704604113709963009e+00 4.192286537908055527e-02 9.991208242445769327e-01 2.278768150860118261e-04 1.306750881454158963e-01 2.012664076034619085e-03 -3.125277542274208049e-04 9.999979257527251697e-01 5.813600090976311918e-03
9.987619993732482770e-01 -4.969354561988388597e-02 -2.240567448625389174e-03 3.338773670064578702e+00 4.969496667267001011e-02 9.987642716598901238e-01 5.830556648179407910e-04 1.686682743396414608e-01 2.208824613095260181e-03 -6.936787660584914708e-04 9.999973199482274921e-01 7.700285527592498624e-03
9.983995132670091532e-01 -5.650384680286785199e-02 -2.393159935033520400e-03 3.884550195529631544e+00 5.650612468998111870e-02 9.984018512933583445e-01 8.951068716443798343e-04 2.069265978876815848e-01 2.338758328425566500e-03 -1.028902458515328078e-03 9.999967357792968192e-01 8.816338302471304900e-03
9.979068292582831123e-01 -6.461533112038707338e-02 -2.611343122161485265e-03 4.527600490416819667e+00 6.461877725639735004e-02 9.979092305051514566e-01 1.257500505852871464e-03 2.551646114579160796e-01 2.524629594409365935e-03 -1.423610142007130730e-03 9.999957997809836296e-01 1.109952117698664864e-02
9.973111938658604236e-01 -7.322864983818355711e-02 -2.819120326332201758e-03 5.203854178148176857e+00 7.323340559442446940e-02 9.973135096534423427e-01 1.622274470055691141e-03 3.117283772285047716e-01 2.692749817935916404e-03 -1.824366270705835794e-03 9.999947103790883807e-01 1.389430054200158082e-02
9.966884860706873850e-01 -8.125874940219093845e-02 -3.012869354402939338e-03 5.895172661753060872e+00 8.126485357501210538e-02 9.966906110126186880e-01 1.962012932166152818e-03 3.744252980950715237e-01 2.843467880613003221e-03 -2.200356085952763236e-03 9.999935365408737509e-01 1.700779657551887425e-02
9.959871357664888958e-01 -8.943770109542120705e-02 -3.243918998577613108e-03 6.535626251684237609e+00 8.944544427780792839e-02 9.959890075493313955e-01 2.325798543630300079e-03 4.385696804159290862e-01 3.022893588967680203e-03 -2.606619205932013753e-03 9.999920337936077930e-01 1.963604213181424640e-02
9.952509239045436162e-01 -9.728121446024724783e-02 -3.458869843829600645e-03 7.109334669330529266e+00 9.729063228758326465e-02 9.952524396786338601e-01 2.667242602267535546e-03 5.016718456469377863e-01 3.182976050962595376e-03 -2.991091298347240118e-03 9.999904609726613103e-01 2.148401264028354518e-02
9.943217201763187019e-01 -1.063532268551571486e-01 -3.648002389040559332e-03 7.834236136502466863e+00 1.063644130382947056e-01 9.943226211209799104e-01 3.022708129082330147e-03 5.863157609330189590e-01 3.305816533844872437e-03 -3.393561979461487410e-03 9.999887775941005419e-01 2.531764840207628708e-02
9.933716755468208204e-01 -1.148831108779457544e-01 -3.819038783163218598e-03 8.583190236267101980e+00 1.148959735979763752e-01 9.933719194788007689e-01 3.338389264555311452e-03 6.795884916360296346e-01 3.410201342548745303e-03 -3.755053516606429893e-03 9.999871349671969334e-01 2.927441055308799278e-02
9.924110735486767476e-01 -1.228968430755283670e-01 -4.077629401901548649e-03 9.173567805678086273e+00 1.229119877772214264e-01 9.924106868001177917e-01 3.697565018273213985e-03 7.597571064064905233e-01 3.592263927460334714e-03 -4.170694004538732201e-03 9.999848503609491956e-01 3.148326250893340728e-02
9.913645437052872600e-01 -1.310665720403885182e-01 -4.230269866639164988e-03 9.959890053789752784e+00 1.310833133656715555e-01 9.913634588540587433e-01 3.956944722909766336e-03 8.702849167412803899e-01 3.675111786443065187e-03 -4.477292490217623343e-03 9.999832235619425802e-01 3.558470016229042798e-02
9.908861804521617023e-01 -1.346290399746016275e-01 -4.427074698966833657e-03 1.063323001447294658e+01 1.346473401828029159e-01 9.908849640247663348e-01 4.133020357021051881e-03 9.649031249576587310e-01 3.830297191131074811e-03 -4.691446588259983418e-03 9.999816594079908860e-01 3.905332790029136802e-02
9.898459272685679045e-01 -1.420692056743665665e-01 -4.623967915099999777e-03 1.134495606644232701e+01 1.420895781339849839e-01 9.898439228696660486e-01 4.422686297933913976e-03 1.073085774589517483e+00 3.948679011368646553e-03 -5.034795669819643223e-03 9.999795291738029501e-01 4.306131987816064211e-02
9.889974494083653145e-01 -1.478586945058687485e-01 -4.674562273123281965e-03 1.244665192138909759e+01 1.478795469769401127e-01 9.889952221333990767e-01 4.482208482131935616e-03 1.244137105571917257e+00 3.960386259362010802e-03 -5.124164907678103315e-03 9.999790289174605995e-01 4.786961952794310804e-02
9.882395011790406913e-01 -1.528412001346018678e-01 -4.717611824950418767e-03 1.349378403525690651e+01 1.528623736808284173e-01 9.882371949548416357e-01 4.510125381995630685e-03 1.411743992069616205e+00 3.972786500988213440e-03 -5.178229399288121135e-03 9.999787012270501263e-01 5.300817006267255493e-02
9.868930208201662779e-01 -1.613062883889365418e-01 -4.737804778993390600e-03 1.469020256473067221e+01 1.613278633902054116e-01 9.868901904727054308e-01 4.590474287847473925e-03 1.615502384952896664e+00 3.935220691811408197e-03 -5.294646958950515424e-03 9.999782401391137387e-01 5.744731175265416212e-02
9.860154381205488150e-01 -1.665873798257456184e-01 -4.711760032707756375e-03 1.597607699740819420e+01 1.666088911285626140e-01 9.860122671911248915e-01 4.613714056678687447e-03 1.837351469939858095e+00 3.877266656711419058e-03 -5.334214401140639251e-03 9.999782562436184685e-01 6.255838109486822063e-02
9.852484963419735342e-01 -1.710639454185486352e-01 -4.746266429485933649e-03 1.714702745072672840e+01 1.710857406308860518e-01 9.852452039615847701e-01 4.642998467951568731e-03 2.046317357932957215e+00 3.881986600238735916e-03 -5.386525766260748943e-03 9.999779575171831025e-01 6.763556705642681521e-02
9.848135903151804538e-01 -1.735501326962534674e-01 -4.748029402789889081e-03 1.838755478786271524e+01 1.735719289708357871e-01 9.848102498573163555e-01 4.642979741890995021e-03 2.268643528853766966e+00 3.870118272544442392e-03 -5.396594171498799754e-03 9.999779492348503940e-01 7.287537671886923363e-02
9.845720545374535559e-01 -1.749148177410865534e-01 -4.761929239238138663e-03 1.956811760790152377e+01 1.749366428438971222e-01 9.845687956241834238e-01 4.632244081278749995e-03 2.481140552682069789e+00 3.878198807079381426e-03 -5.393813986670608837e-03 9.999779329288833729e-01 7.867351827960078481e-02
9.843089049060410600e-01 -1.763891141594953471e-01 -4.781227896623410807e-03 2.062724247201746053e+01 1.764109048720040318e-01 9.843058732367864216e-01 4.597887047986991271e-03 2.673428551349850579e+00 3.895173476895846202e-03 -5.369201904605079741e-03 9.999779994052493404e-01 8.445684988628077150e-02
9.843279713495141081e-01 -1.762831100802205730e-01 -4.765493772493041742e-03 2.184216871192243659e+01 1.763047994056258783e-01 9.843249047106112926e-01 4.593439287309081416e-03 2.891445660592811606e+00 3.881048440342564718e-03 -5.361630198699018218e-03 9.999780949524087470e-01 9.085787728905492244e-02
9.838265613049239633e-01 -1.790608178966420494e-01 -4.745606003323388743e-03 2.313500902441368012e+01 1.790823756182441939e-01 9.838233791562170927e-01 4.589267892618208687e-03 3.130260765401468692e+00 3.847080072301797479e-03 -5.364898046401066038e-03 9.999782086845200313e-01 9.612906831544743014e-02
9.837328140415843025e-01 -1.795759399843817050e-01 -4.715121182118803614e-03 2.441216846844808330e+01 1.795973806009078244e-01 9.837294361727177971e-01 4.601880029662728903e-03 3.364356850449531589e+00 3.812016570317140404e-03 -5.373843804861587643e-03 9.999782949306754709e-01 1.023795380698011570e-01
9.837323778878759306e-01 -1.795783463926701184e-01 -4.714468490741726206e-03 2.559390681053055872e+01 1.795997230853012272e-01 9.837290824944627810e-01 4.586036795914258044e-03 3.580850731571845635e+00 3.814206858907577546e-03 -5.358150117633105405e-03 9.999783707927820675e-01 1.085555248856286958e-01
9.836175663368950106e-01 -1.802055467180783410e-01 -4.737524324565733566e-03 2.675971564715880291e+01 1.802270061494429532e-01 9.836143996690697167e-01 4.575918406711058928e-03 3.796076737171078630e+00 3.835291266573910302e-03 -5.354783552418034172e-03 9.999783081817523733e-01 1.144454923544659941e-01
9.836627858613382624e-01 -1.799593239490632213e-01 -4.708019383082568191e-03 2.802209428923547208e+01 1.799806934333287589e-01 9.836594172778493350e-01 4.593561043649847971e-03 4.026969250955628077e+00 3.804433463329375594e-03 -5.365867646361179716e-03 9.999783666412275229e-01 1.208748055801667221e-01
9.840549785031489360e-01 -1.778022020136921511e-01 -4.709166964837419034e-03 2.921023535084514933e+01 1.778234371162685790e-01 9.840518677687101201e-01 4.554861613768486014e-03 4.240228971411021064e+00 3.824200122955318491e-03 -5.319634502939042144e-03 9.999785382608004092e-01 1.282283346750987540e-01
9.841742485188882394e-01 -1.771413000496757650e-01 -4.691309011682175470e-03 3.039962034944604241e+01 1.771623661747688816e-01 9.841711897855955904e-01 4.534889040596188151e-03 4.454059541668672573e+00 3.813735031814901363e-03 -5.294244418487494691e-03 9.999787129740196345e-01 1.346977845573205101e-01
9.842473944569878341e-01 -1.767351254350419953e-01 -4.664970882923013401e-03 3.163921391964035834e+01 1.767560796894145914e-01 9.842442076580991683e-01 4.541805318945301047e-03 4.676484422130084972e+00 3.788774038033597934e-03 -5.294822016309120964e-03 9.999788048009501384e-01 1.411224685340939367e-01
9.842962563349851868e-01 -1.764634732764133740e-01 -4.639221422530905893e-03 3.287984331004258109e+01 1.764843152689656858e-01 9.842929455526222560e-01 4.547945759774046047e-03 4.898946730574814445e+00 3.763806614379832782e-03 -5.295275801371968245e-03 9.999788966843197180e-01 1.474633945870444940e-01
9.846713857806395076e-01 -1.743582865418417671e-01 -4.631409108345389478e-03 3.406727875379715442e+01 1.743789539569530755e-01 9.846682861190301228e-01 4.510736036249510771e-03 5.107649083835878123e+00 3.773917463076700146e-03 -5.249212979239379316e-03 9.999791014366815611e-01 1.546275024184620150e-01
9.848427083042428087e-01 -1.733882159165092418e-01 -4.622390351260979163e-03 3.522717344545342399e+01 1.734087079854113034e-01 9.848397765496974543e-01 4.475995048564836154e-03 5.311161633233210999e+00 3.776229085108808326e-03 -5.209713824476329587e-03 9.999792992736382669e-01 1.611013797848008799e-01
9.855703407489588841e-01 -1.692023446061220737e-01 -4.655107601934494778e-03 3.646583791672885155e+01 1.692228828075961478e-01 9.855678049146773256e-01 4.440479812104613372e-03 5.520808289556416781e+00 3.836584585862222539e-03 -5.164155929554816934e-03 9.999793058420176628e-01 1.695145770126083029e-01
9.860559310523326904e-01 -1.663486993212373866e-01 -4.670233585637481415e-03 3.762647632683169263e+01 1.663691277416161074e-01 9.860537715342880816e-01 4.390101205177458776e-03 5.714266210662704459e+00 3.874813816061031205e-03 -5.105868019148538176e-03 9.999794577538553275e-01 1.769206408588970270e-01
9.868466241662097183e-01 -1.615897098237584761e-01 -4.744055382770472930e-03 3.881526538412189353e+01 1.616102323033430377e-01 9.868452255250789174e-01 4.316675092998334580e-03 5.906098795736978602e+00 3.984118128792329266e-03 -5.026584135479439906e-03 9.999794299157843680e-01 1.860226000506925992e-01
9.877891834297551910e-01 -1.557206790627617965e-01 -4.857903127512247510e-03 3.994280114935470749e+01 1.557412730916730992e-01 9.877889781783886214e-01 4.194097812860932140e-03 6.079991272379775324e+00 4.145475407310962764e-03 -4.899460471302807124e-03 9.999794049483072822e-01 1.956599141779875595e-01
9.885900837082660653e-01 -1.505499751114194318e-01 -4.934713830334259976e-03 4.103949746107149821e+01 1.505703818408519190e-01 9.885909477223008279e-01 4.061798465501803047e-03 6.243083370560327694e+00 4.266909764783851852e-03 -4.758475430631100081e-03 9.999795749877447015e-01 2.047570692014626381e-01
9.893221231734384835e-01 -1.456596777443712187e-01 -4.999489257787956970e-03 4.225857592802174878e+01 1.456801155606177456e-01 9.893236618741686472e-01 3.999499964004978383e-03 6.419719416583915539e+00 4.363547144531860177e-03 -4.685119968757636352e-03 9.999795043435798503e-01 2.145274817749496243e-01
9.900310165380161731e-01 -1.407580981969530076e-01 -5.073864249643583561e-03 4.345544939658514494e+01 1.407785596212578760e-01 9.900333134787674405e-01 3.928786957793682991e-03 6.587018905513041922e+00 4.470286055225538950e-03 -4.603912246279213104e-03 9.999794100553515142e-01 2.243222117304366492e-01
9.908691159181133301e-01 -1.347277792977422117e-01 -5.178862615262125324e-03 4.465267009833348766e+01 1.347482572541030543e-01 9.908724590574768953e-01 3.831065282895236568e-03 6.746361797475472599e+00 4.615441417191474584e-03 -4.493926981747843261e-03 9.999792509451594924e-01 2.350269637046751292e-01
9.913562032425742299e-01 -1.310940296176451303e-01 -5.218592169647475083e-03 4.585076076267544209e+01 1.311144274643011587e-01 9.913600404463853710e-01 3.778508965943009473e-03 6.902602427181115274e+00 4.678163778481217797e-03 -4.430081026787427954e-03 9.999792443674984099e-01 2.442271797543953404e-01
9.920039046092395951e-01 -1.260964345602365311e-01 -5.286061266539974872e-03 4.708575215593037200e+01 1.261168542235122647e-01 9.920083995963175916e-01 3.724811889466261676e-03 7.056596374670411898e+00 4.774131678909969943e-03 -4.361689356342238894e-03 9.999790914477693082e-01 2.544821082165440451e-01
9.922522733825910324e-01 -1.241280723557747490e-01 -5.258101625240477715e-03 4.830649264141921151e+01 1.241482436558721952e-01 9.922567828988206884e-01 3.700054165209482309e-03 7.207297203507436301e+00 4.758106412066093714e-03 -4.324171238694517194e-03 9.999793307696438482e-01 2.626266515141835178e-01
9.924924915989370433e-01 -1.221932682654434804e-01 -5.240164379344292370e-03 4.939169722870846613e+01 1.222129115672233313e-01 9.924973515542037106e-01 3.607134116102772483e-03 7.338585548477137621e+00 4.760081761878577795e-03 -4.220469272202294689e-03 9.999797644256495088e-01 2.703685060438183463e-01
9.925375041833276457e-01 -1.218285854439115495e-01 -5.205628746894186594e-03 5.070068704125779391e+01 1.218482453285970324e-01 9.925420606321461170e-01 3.641840031907354284e-03 7.498845821676892953e+00 4.723125264217132441e-03 -4.248959544433820144e-03 9.999798190116454544e-01 2.780661702920275147e-01
9.926740986680024914e-01 -1.207123505920691259e-01 -5.163551155795490823e-03 5.197038655459077461e+01 1.207318525698105049e-01 9.926784559097844296e-01 3.647322299798329975e-03 7.651929565545371403e+00 4.685469140560259878e-03 -4.244007473272109164e-03 9.999800171901108703e-01 2.858774487838555700e-01
9.928813002342956606e-01 -1.189965887854663174e-01 -5.151263410694620348e-03 5.318219095104727501e+01 1.190159062709044008e-01 9.928857461793438866e-01 3.620649202918780826e-03 7.795890721692763314e+00 4.683771111345842036e-03 -4.207957171440259575e-03 9.999801774958614331e-01 2.939729180532739683e-01
9.934562001824739363e-01 -1.140942124024764415e-01 -5.223890108954101948e-03 5.437774237214853912e+01 1.141134796524502920e-01 9.934613747704872377e-01 3.551142541992314931e-03 7.930092745498294349e+00 4.784568238224981736e-03 -4.124020853623526842e-03 9.999800499804021303e-01 3.039560867008765932e-01
9.934761609656832526e-01 -1.139212885859045149e-01 -5.201693226895277161e-03 5.563145964134127297e+01 1.139405157991693757e-01 9.934811875704430140e-01 3.562136388721826898e-03 8.074057136239952470e+00 4.761981197302413323e-03 -4.131581193499551941e-03 9.999801265885002177e-01 3.115019149574025370e-01
9.935523479937161673e-01 -1.132558186313001314e-01 -5.181829304038748814e-03 5.683932334079079851e+01 1.132748860650096417e-01 9.935573576068957857e-01 3.546455240005951751e-03 8.211431673338815074e+00 4.746787939835950092e-03 -4.110560054680429537e-03 9.999802854558312859e-01 3.190538913241027785e-01
9.936139026877447433e-01 -1.127154586603391351e-01 -5.161179829362651586e-03 5.807016280996059265e+01 1.127344191963631642e-01 9.936188416215195884e-01 3.542360199055465727e-03 8.350837033778061524e+00 4.728966769266616799e-03 -4.101580952434711463e-03 9.999804067615627456e-01 3.266013905258118299e-01
9.936408472156482707e-01 -1.124788141880352782e-01 -5.136449750132350729e-03 5.932294652315079020e+01 1.124977026875978448e-01 9.936456474013911633e-01 3.548845290425664111e-03 8.492731580271628999e+00 4.704641027702996872e-03 -4.104116437770060320e-03 9.999805111006416780e-01 3.341072571788261669e-01
9.937114360799305102e-01 -1.118541638837542429e-01 -5.121312178944584237e-03 6.052296185720445720e+01 1.118729041215795333e-01 9.937162494891120801e-01 3.531124084618229159e-03 8.627629888594318786e+00 4.694160199260713137e-03 -4.081854451368382986e-03 9.999806514749655095e-01 3.415423776824497715e-01
9.937944347743865592e-01 -1.111143647306012394e-01 -5.120485776680475283e-03 6.169108689827523051e+01 1.111329611416020102e-01 9.937993766433909082e-01 3.501991393767164146e-03 8.757911577279227089e+00 4.699614024357996918e-03 -4.049314304493898883e-03 9.999807581557359493e-01 3.489571402406492773e-01
9.938242704034908614e-01 -1.108482668211513839e-01 -5.097186707762366153e-03 6.293144096484925143e+01 1.108667621629324113e-01 9.938291127181917428e-01 3.500824745097218769e-03 8.896367140544287011e+00 4.677672188088150863e-03 -4.044313184430449112e-03 9.999808812741382003e-01 3.564228936475974940e-01
9.937304085447674629e-01 -1.116863759843920584e-01 -5.101819830430982285e-03 6.414027861479348758e+01 1.117048623181549905e-01 9.937352844562296061e-01 3.494019724705322780e-03 9.034138449775481305e+00 4.679623980159501248e-03 -4.042011730119535011e-03 9.999808814475469321e-01 3.634237401755315844e-01
9.898608049448396340e-01 -1.419323594239763064e-01 -5.549070972014751371e-03 6.522359209547747128e+01 1.419544729862184662e-01 9.898658317615216529e-01 3.816112764174527886e-03 9.211818977442334244e+00 4.951205865082158007e-03 -4.565135897886301447e-03 9.999773222902347269e-01 3.709880711048625379e-01
9.899288000725322556e-01 -1.414584243925558760e-01 -5.521318835816445454e-03 6.646825519564799833e+01 1.414804300293147910e-01 9.899336808896227469e-01 3.820388121013713455e-03 9.389450171486970476e+00 4.925313394650818709e-03 -4.563070791651354513e-03 9.999774595824384438e-01 3.788965575106835182e-01
9.767266763342247193e-01 -2.143966370306019942e-01 -6.251543094961232484e-03 6.767687341413618185e+01 2.144261330512303998e-01 9.767298424994893535e-01 4.499806620399166360e-03 9.703413118005196125e+00 5.141325296317901181e-03 -5.735575375805234723e-03 9.999703345346515615e-01 3.976130100058510308e-01
9.488121035573572337e-01 -3.157600952142196049e-01 -7.152186743639528908e-03 6.884960146808047909e+01 3.158001446534627887e-01 9.488104424129242265e-01 5.386312908428300336e-03 1.016636141299618323e+01 5.085286785242324782e-03 -7.369260493167080830e-03 9.999599161256278457e-01 4.179847658692295020e-01
9.051327687559107549e-01 -4.250491905299593198e-01 -8.237542000337202963e-03 6.995752823622876804e+01 4.251035165364645541e-01 9.051207570221432297e-01 6.589080386594008305e-03 1.077305419313479362e+01 4.655286975452119919e-03 -9.465800644276928591e-03 9.999443619130050642e-01 4.390665866390479621e-01
8.430719561687005648e-01 -5.377167890616310064e-01 -9.504324671864433638e-03 7.092990882584189194e+01 5.377881813554659107e-01 8.430415063058249725e-01 8.055516408891603281e-03 1.149707888786495324e+01 3.680953781265945430e-03 -1.190269345512433123e-02 9.999223852220271436e-01 4.579671623011929427e-01
7.667010526423586603e-01 -6.419098944215224645e-01 -1.100839086996899252e-02 7.179938551502237942e+01 6.420005062299796172e-01 7.666426276299324050e-01 9.717656633581603712e-03 1.233857279916105654e+01 2.201641781165248214e-03 -1.451793007823787632e-02 9.998921854282060151e-01 4.750850762535079319e-01
6.743997337370161160e-01 -7.382603874335414984e-01 -1.251397003969649015e-02 7.253237903126709796e+01 7.383660317583414789e-01 6.743203097724977946e-01 1.037896614513618768e-02 1.327953830618220188e+01 7.760445922656861867e-04 -1.623946240868992183e-02 9.998678300734363811e-01 4.869507587835046891e-01
5.682407469217980456e-01 -8.227365692090197191e-01 -1.438722113508593241e-02 7.317134139230827827e+01 8.228617181869227748e-01 5.681317007599154811e-01 1.117874066075860186e-02 1.436067945557677739e+01 -1.023322307489728895e-03 -1.819090944715169925e-02 9.998340080361322046e-01 5.001765031012470608e-01
4.649419429475105670e-01 -8.852047717438695784e-01 -1.554033087375030278e-02 7.361147201120674310e+01 8.853389492028345131e-01 4.648298170702246934e-01 1.040126439439144519e-02 1.539662081365099411e+01 -1.983639702946193590e-03 -1.859444429395735662e-02 9.998251406198609414e-01 5.023152941774420288e-01
3.684336800664134715e-01 -9.294989897881993368e-01 -1.697798188212932061e-02 7.403319349436813468e+01 9.296460505327146517e-01 3.682933821128838714e-01 1.087225435791988604e-02 1.663946121456437410e+01 -3.852871055613624283e-03 -1.978921849835437244e-02 9.997967504531187766e-01 5.149916897769466484e-01
2.966325001960312124e-01 -9.548241461413224940e-01 -1.788883915053650353e-02 7.435372652056312859e+01 9.549804555509624482e-01 2.964860303580803547e-01 1.040980845746332720e-02 1.783851113320431025e+01 -4.635745544995275615e-03 -2.017137928052708390e-02 9.997857897179600606e-01 5.201606107626759457e-01
2.350189469259945652e-01 -9.718136741071722318e-01 -1.855473978280433589e-02 7.460653940981244148e+01 9.719770958622886425e-01 2.348714809212336108e-01 9.793545528171299086e-03 1.906050298097697038e+01 -5.159522231928862120e-03 -2.033645085400258984e-02 9.997798798224615258e-01 5.195458252294982149e-01
1.751642311530544893e-01 -9.843530490038086000e-01 -1.914596711037375512e-02 7.479134720382933210e+01 9.845229171283882419e-01 1.750162640013138704e-01 9.161550081950855032e-03 2.031919315657200897e+01 -5.667344103872688603e-03 -2.045441927585628025e-02 9.997747235971282675e-01 5.179864252821002601e-01
1.228284489976224497e-01 -9.922343384263040411e-01 -1.960078271057845781e-02 7.490983926843011886e+01 9.924094719023714983e-01 1.226817892161981977e-01 8.521712986469637610e-03 2.155606378632551312e+01 -6.050877137712782662e-03 -2.049871121831256179e-02 9.997715687721200339e-01 5.133805427042421599e-01
7.559765413582894555e-02 -9.969378622442593985e-01 -1.999735987159335926e-02 7.497578910449564660e+01 9.971177699010357331e-01 7.545187156060068068e-02 7.947887464944054445e-03 2.281998987939556400e+01 -6.414711694662231407e-03 -2.054056453829645329e-02 9.997684415319050277e-01 5.081243752760649102e-01
3.269784817373504182e-02 -9.992566368448008163e-01 -2.042119785426399492e-02 7.498411080563232645e+01 9.994424365453362658e-01 3.255212525104785731e-02 7.428058297962560411e-03 2.398302362584040281e+01 -6.757783148474082700e-03 -2.065269327509139732e-02 9.997638714357575118e-01 5.028126512395574288e-01
-1.373236693262907919e-02 -9.996899366722268310e-01 -2.077146175126253283e-02 7.493738426746777748e+01 9.998802819973449107e-01 -1.387719444660284740e-02 6.844425215162011807e-03 2.523686683343823489e+01 -7.130552609349005352e-03 -2.067498488550466307e-02 9.997608215069686555e-01 4.964861675243588124e-01
-3.372440457860217261e-02 -9.992123725368414755e-01 -2.091172232541027229e-02 7.488165946697431252e+01 9.994039870457007702e-01 -3.387042679138665274e-02 6.668275067514910746e-03 2.646133858892190460e+01 -7.371311897094391143e-03 -2.067437507243062231e-02 9.997590879692477284e-01 4.883518441086609485e-01
-5.323572932457808216e-02 -9.983606053695673888e-01 -2.102521813567828982e-02 7.480136814007001078e+01 9.985529443207088462e-01 -5.338292515036444780e-02 6.502439530373969184e-03 2.770286303605002232e+01 -7.614167098337188029e-03 -2.064863137434191920e-02 9.997577999108520075e-01 4.791090861486893004e-01
-7.254103692810620618e-02 -9.971415942927139842e-01 -2.112912481803855616e-02 7.469712894777417489e+01 9.973345054967847068e-01 -7.268933125296385411e-02 6.336110086410777671e-03 2.894376562390006669e+01 -7.853860852974318615e-03 -2.061317726717001864e-02 9.997566772937680479e-01 4.696308696321345177e-01
-9.680036910596788446e-02 -9.950775207987949678e-01 -2.122303440351663503e-02 7.455619837757096491e+01 9.952707792431406686e-01 -9.694888587521907630e-02 6.081986556919567050e-03 3.022174516884685858e+01 -8.109597632119956712e-03 -2.053392745598413630e-02 9.997562664221223416e-01 4.591897082250102624e-01
-1.110540147988531567e-01 -9.935855220622665795e-01 -2.132644342717172556e-02 7.441033444279219111e+01 9.937795598010638054e-01 -1.112041665822988412e-01 5.985056477163604519e-03 3.142180921332757038e+01 -8.318254819408196429e-03 -2.052911902157350879e-02 9.997546508567893842e-01 4.488829220169603396e-01
-1.160375754261054465e-01 -9.930153843224666099e-01 -2.134780156012008184e-02 7.426041055936165947e+01 9.932091155842790453e-01 -1.161888509838903960e-01 5.983700477487989035e-03 3.265890874478066053e+01 -8.422283151172740151e-03 -2.050849702273539049e-02 9.997542031405585172e-01 4.384515925870473563e-01
-1.231402979230383776e-01 -9.921590467405946301e-01 -2.137507990243231806e-02 7.409295866802746389e+01 9.923522761212459908e-01 -1.232931245414256582e-01 5.980515125065526995e-03 3.396100041898341004e+01 -8.569022561624931381e-03 -2.047516679030212186e-02 9.997536393522508114e-01 4.265790356727368060e-01
-1.302770280174974371e-01 -9.912464956795754567e-01 -2.140751770042209623e-02 7.391629222277352085e+01 9.914393302027900701e-01 -1.304314135785616946e-01 5.975108358481926243e-03 3.526030583226298631e+01 -8.715018004246058089e-03 -2.044583566232391000e-02 9.997529776230109633e-01 4.144742347456045195e-01
-1.306869798495551571e-01 -9.911919598694294287e-01 -2.143392237116450647e-02 7.374741533178523412e+01 9.913850913359569805e-01 -1.308420958968201098e-01 5.995636670566350211e-03 3.653481462830810500e+01 -8.747286176196978832e-03 -2.046571944999281759e-02 9.997522889760082077e-01 4.044966422802112049e-01
-1.320246765751423301e-01 -9.910144928426077859e-01 -2.144203328311856255e-02 7.355902298044485121e+01 9.912070069862181088e-01 -1.321814569203792478e-01 6.060758100771065394e-03 3.793876887566447920e+01 -8.840538301822369396e-03 -2.045332401733945468e-02 9.997517223891126958e-01 3.923196291074437791e-01
-1.320320668274893583e-01 -9.910127520184537353e-01 -2.147695756499341802e-02 7.338338987608349839e+01 9.912056335519353611e-01 -1.321899582798151396e-01 6.099834900542338775e-03 3.925689904776189820e+01 -8.884052283740629871e-03 -2.048270753185682524e-02 9.997507350875046717e-01 3.818029089053991409e-01
-1.315286746066952617e-01 -9.910788103013873362e-01 -2.151744798927591670e-02 7.319577379410139883e+01 9.912717284833905129e-01 -1.316888366793746434e-01 6.197712845309176141e-03 4.068109835189947887e+01 -8.976029554825428608e-03 -2.051446091581412071e-02 9.997492624591358679e-01 3.702940097366698158e-01
-1.332102538320812934e-01 -9.908541370959130790e-01 -2.151995153587565185e-02 7.300171942384319834e+01 9.910461132172749821e-01 -1.333723991650136997e-01 6.277392679377271148e-03 4.211219398302267081e+01 -9.090148060217621839e-03 -2.049105126513046243e-02 9.997487114405874120e-01 3.572524059151171993e-01
-1.331355957261840806e-01 -9.908636862473103601e-01 -2.154227163570187481e-02 7.282844016696573419e+01 9.910558453755881070e-01 -1.332985757853163977e-01 6.308889080909272154e-03 4.340156979504055101e+01 -9.122803206444738550e-03 -2.050965653215447090e-02 9.997480324818905917e-01 3.467811234580955304e-01
-1.310280470642233575e-01 -9.911451935591172324e-01 -2.151411646776484055e-02 7.266902714874112235e+01 9.913370286153896371e-01 -1.311905713168538268e-01 6.319077029940361155e-03 4.461970799449950675e+01 -9.085572044098613742e-03 -2.049976398104223427e-02 9.997485744216767500e-01 3.382008230525026526e-01
-1.309678108367508809e-01 -9.911527901790558870e-01 -2.153090999224725050e-02 7.250316448803378933e+01 9.913448067086546578e-01 -1.311308659964151024e-01 6.338078238154611944e-03 4.587254284214237288e+01 -9.105370790431787514e-03 -2.051447158383142705e-02 9.997480926109471033e-01 3.281522976984589945e-01
-1.288561081617599635e-01 -9.914296510855211686e-01 -2.152559820414843422e-02 7.233914582249596492e+01 9.916216110610639456e-01 -1.290193714765562605e-01 6.370502445183038112e-03 4.715046397142922530e+01 -9.093124154704519332e-03 -2.052437022918108742e-02 9.997480009085412123e-01 3.188787378945749929e-01
-1.287820320034898658e-01 -9.914387684563483738e-01 -2.154895995195811945e-02 7.217267789820922985e+01 9.916310017934121257e-01 -1.289459869315551788e-01 6.394511505243965881e-03 4.843103269793190435e+01 -9.118418507245219448e-03 -2.054511857048103157e-02 9.997473443563995588e-01 3.085183967275448857e-01
-1.278256912928653344e-01 -9.915620426884199645e-01 -2.157102652318299008e-02 7.200374106047131306e+01 9.917543686924942259e-01 -1.279908316967660609e-01 6.451373641840180660e-03 4.975249534656849448e+01 -9.157830838884545646e-03 -2.056850850699412300e-02 9.997465031661505463e-01 2.980927654594589526e-01
-1.246000302176658719e-01 -9.919726537138839895e-01 -2.156589423183779414e-02 7.184229573482886622e+01 9.921654043325845995e-01 -1.247645105790597536e-01 6.452006409128668157e-03 5.105773814074077421e+01 -9.090872145621362033e-03 -2.059301398774924033e-02 9.997466098063819695e-01 2.892209963445875331e-01
-1.233999115691220144e-01 -9.921215409076066249e-01 -2.161737570316602311e-02 7.166287005670530164e+01 9.923145017025696291e-01 -1.235670025301730257e-01 6.567087458052089412e-03 5.252115627680822740e+01 -9.186543233372238340e-03 -2.064085739832478145e-02 9.997447486384238857e-01 2.772337943695557527e-01
-1.177788598530571940e-01 -9.928030295065622957e-01 -2.168607420708613259e-02 7.146442872150099390e+01 9.929999813680233656e-01 -1.179417265422129518e-01 6.386484502900684201e-03 5.422333252396580150e+01 -8.898214183401460461e-03 -2.078207843109788552e-02 9.997444308428286019e-01 2.286187176909109109e-01
-1.168811470422576465e-01 -9.929092692108871798e-01 -2.167905951415212765e-02 7.131906292859908092e+01 9.931058987174443686e-01 -1.170445293683456678e-01 6.422859062681502730e-03 5.546549299558288482e+01 -8.914731603225877626e-03 -2.077889075834990149e-02 9.997443499515845655e-01 2.194309062069419447e-01
-1.154846906106862386e-01 -9.930731919386199813e-01 -2.165462370163928271e-02 7.117951174210880083e+01 9.932693002872555743e-01 -1.156481459885595892e-01 6.450153276360018340e-03 5.667570613389289491e+01 -8.909791372853635358e-03 -2.076397898734475347e-02 9.997447038094909866e-01 2.108173525075869303e-01
-1.076885853943145982e-01 -9.939479922612598495e-01 -2.169235567818944208e-02 7.101347738268665921e+01 9.941479372244251822e-01 -1.078465461226673777e-01 6.245193501077447341e-03 5.825281852611825428e+01 -8.546843165983421600e-03 -2.089287460792238135e-02 9.997451871668764367e-01 1.804607988412998409e-01
-9.997693163582099807e-02 -9.947544919068089797e-01 -2.163596573212566224e-02 7.088776040073508966e+01 9.949555525691912150e-01 -1.001301552896624175e-01 6.115672931261390000e-03 5.955170668117131783e+01 -8.250005715199515421e-03 -2.091539803635493813e-02 9.997472098143119767e-01 1.753181065935578431e-01
-9.503923540730462027e-02 -9.952381810092472136e-01 -2.164504184157533054e-02 7.076057478296189629e+01 9.954404472163718154e-01 -9.519086974431054116e-02 6.084028719944865014e-03 6.091912806413225212e+01 -8.115468022173244825e-03 -2.096812870351740660e-02 9.997472064268427827e-01 1.679016488483058289e-01
-8.943171929346672988e-02 -9.957593258301046246e-01 -2.157159356181759247e-02 7.065399267099566316e+01 9.959616970886260301e-01 -8.957952717590954295e-02 5.983918970140193402e-03 6.214036603053173735e+01 -7.890916258449572063e-03 -2.094932878158732581e-02 9.997493981318650302e-01 1.631131748855689789e-01
-8.861248625108582300e-02 -9.958321084650126886e-01 -2.159259300706422441e-02 7.053620806753325212e+01 9.960345177499410063e-01 -8.876168236283030200e-02 6.050143614295960467e-03 6.347856813228400341e+01 -7.941522140966987553e-03 -2.097084970535987788e-02 9.997485462302724279e-01 1.542275661194902892e-01
-8.159192941130423427e-02 -9.964323648113094789e-01 -2.157082416680661252e-02 7.043043352559573123e+01 9.966361407131683059e-01 -8.173741506502088527e-02 5.949709854779248325e-03 6.482400438701422729e+01 -7.691626855929435853e-03 -2.101281465350147287e-02 9.997496189033892033e-01 1.489308653023917461e-01
-7.645093106331075916e-02 -9.968396870325612058e-01 -2.158459032629621993e-02 7.032771107861239557e+01 9.970447293608846184e-01 -7.659483150138061969e-02 5.919500391364955483e-03 6.620940352942953666e+01 -7.554060963735251787e-03 -2.106825071419367312e-02 9.997495011129661213e-01 1.422498259725986092e-01
-7.341727174745012185e-02 -9.970672818771616486e-01 -2.160418159366217852e-02 7.023119487881930922e+01 9.972730602015668078e-01 -7.356101647773455321e-02 5.934753137150481153e-03 6.755403478781096283e+01 -7.506573724369627540e-03 -2.110955491747534482e-02 9.997489875178325880e-01 1.349799948892125290e-01
-6.390209368142225899e-02 -9.977237146670928647e-01 -2.153863177338797424e-02 7.015434711425909597e+01 9.979309557991630220e-01 -6.403902514381348832e-02 5.728155182558081031e-03 6.883650676902114185e+01 -7.094429235844443987e-03 -2.112802629332877213e-02 9.997516069402406780e-01 1.334014277055786124e-01
-5.410508316360561343e-02 -9.983019480170957083e-01 -2.158382748976303556e-02 7.007765220622886204e+01 9.985125999643275074e-01 -5.423679747925823358e-02 5.564041733200617013e-03 7.035459142219001194e+01 -6.725231368793558109e-03 -2.125068077335951974e-02 9.997515590538169628e-01 1.189161537883096642e-01
-4.826590797836939617e-02 -9.986024748216804081e-01 -2.152906068969383940e-02 7.001998064614524253e+01 9.988132964713393180e-01 -4.839418716296310652e-02 5.477452764972743846e-03 7.161735293864910545e+01 -6.511679266623815292e-03 -2.123913785633565685e-02 9.997532180778814226e-01 1.155202097982048759e-01
-3.090416845461400885e-02 -9.992910124445317788e-01 -2.150362462025371194e-02 6.999465039025318447e+01 9.995053538833881257e-01 -3.102196156421342665e-02 5.165898955142393494e-03 7.286049867022252613e+01 -5.829321001025156677e-03 -2.133334013423811987e-02 9.997554238993772158e-01 1.289755126085923020e-01
-1.017509487852968735e-02 -9.997143356786625246e-01 -2.162673204416938957e-02 6.999889537548340002e+01 9.999350251955545499e-01 -1.028374135802355600e-02 4.918445663423095561e-03 7.408908987949895675e+01 -5.139444345316941665e-03 -2.157528120978273456e-02 9.997540164227322057e-01 1.503818470522797490e-01
2.396303386035457048e-02 -9.994855605019208333e-01 -2.131639041712717064e-02 7.005307300393455705e+01 9.997042716500366133e-01 2.386907003054785162e-02 4.651654053930209115e-03 7.539318354919500109e+01 -4.140458630413366981e-03 -2.142155430992819659e-02 9.997619584752154287e-01 1.853179552673744901e-01
5.849770037928375688e-02 -9.980673534781226985e-01 -2.096611933657646296e-02 7.015199289749759259e+01 9.982828582879680335e-01 5.842017579389775089e-02 4.291747665629392153e-03 7.668588448486747211e+01 -3.058608843371537090e-03 -2.118117491814042186e-02 9.997709751448068394e-01 2.212280053878246111e-01
1.012736510328616363e-01 -9.946387889374407321e-01 -2.091239605391958037e-02 7.031842678504008859e+01 9.948579166755959768e-01 1.012264332324015886e-01 3.306963101401793649e-03 7.804596227461600222e+01 -1.172346498458520011e-03 -2.113977100753754168e-02 9.997758427199324727e-01 2.327408254521428077e-01
1.351676915847168647e-01 -9.906079072505208361e-01 -2.063178271685149959e-02 7.052049412626826097e+01 9.908227353994659703e-01 1.351371622259346650e-01 2.873258708501143233e-03 7.936130656934760452e+01 -5.815221493107042018e-05 -2.083081114471867917e-02 9.997830134215862641e-01 2.678523054995129993e-01
1.795027616688117111e-01 -9.835397262150979980e-01 -2.069702465572470854e-02 7.079275324272157377e+01 9.837554158458324816e-01 1.795056504036186551e-01 1.733374709037270069e-03 8.068941924259235066e+01 2.010389998095374591e-03 -2.067195565657416884e-02 9.997842910261138805e-01 2.803455152236189463e-01
2.182749049883984105e-01 -9.756686249528905286e-01 -2.065917503057939850e-02 7.111544022785236052e+01 9.758807044330263247e-01 2.183024760811651810e-01 9.386327542291959250e-04 8.201457792418207760e+01 3.594154546673538914e-03 -2.036577027033643905e-02 9.997861358589089642e-01 3.054978130872094688e-01
2.489669030403988959e-01 -9.682972791453151595e-01 -2.039269116975304594e-02 7.145781689074689780e+01 9.685016347987426277e-01 2.490064315350891122e-01 6.179890805506547914e-04 8.325889128666059946e+01 4.479514125669707691e-03 -1.990421357732952146e-02 9.997918564563571531e-01 3.541079149854384767e-01
