1.000000000000000000e+00 0.000000000000000000e+00 0.000000000000000000e+00 0.000000000000000000e+00 0.000000000000000000e+00 1.000000000000000000e+00 0.000000000000000000e+00 0.000000000000000000e+00 0.000000000000000000e+00 0.000000000000000000e+00 1.000000000000000000e+00 0.000000000000000000e+00
9.999977800227762836e-01 2.106907170775401076e-03 2.986512765266888464e-05 2.641876203536928092e-01 -2.106914505632923647e-03 9.999977497673216975e-01 2.477333144046270971e-04 -6.753868085582710734e-03 -2.934310938000459943e-05 -2.477956877097039438e-04 9.999999688681406873e-01 1.198044882259718946e-03
9.999870948064883969e-01 5.080123721908445973e-03 -5.063403399603677661e-05 5.034530359610406292e-01 -5.080101878242011294e-03 9.999870069118087512e-01 4.225787837567995375e-04 -1.597286307255869550e-02 5.278012857267082682e-05 -4.223161042447422871e-04 9.999999094316808224e-01 1.848402753393152409e-03
9.999710726619210899e-01 7.605836665160279654e-03 -7.133518310676458072e-05 7.494415791988049413e-01 -7.605789632092950850e-03 9.999708720869796563e-01 6.379203731225749829e-04 -2.490304447868222498e-02 7.618502335956927349e-05 -6.373593593915032052e-04 9.999997939844266215e-01 2.668476094883853733e-03
9.999540995599582871e-01 9.580037463758305644e-03 -1.471605706818541700e-04 9.323136446088560181e-01 -9.579934161361118930e-03 9.999538751561973804e-01 6.873298929313549199e-04 -3.173338991559983974e-02 1.537384289799825017e-04 -6.858885556153685500e-04 9.999997529606651225e-01 2.063530548450209778e-03
9.999406830542103553e-01 1.089175484632288332e-02 7.084034088058615791e-06 1.019946791971347189e+00 -1.089175713460305804e-02 9.999404354815516482e-01 7.036449598651964548e-04 -3.574999276953907262e-02 5.803162040316196262e-07 -7.036803793891970721e-04 9.999997524167655305e-01 9.307422985913582636e-04
9.999172978686410307e-01 1.286069194033881945e-02 -5.155522011716095557e-06 1.385868164062825869e+00 -1.286067928233272303e-02 9.999167379673951084e-01 1.058329690854352238e-03 -4.633663510192381069e-02 1.876594481990103154e-05 -1.058175861232697962e-03 9.999994399556880742e-01 3.382846561802210772e-03
9.998893966852957504e-01 1.487254937114154858e-02 4.089339971506182706e-05 1.660752865204639495e+00 -1.487259026855979049e-02 9.998885337380967187e-01 1.313833528531727210e-03 -5.647752558233033737e-02 -2.134878752808843630e-05 -1.314296404980338498e-03 9.999991360842237498e-01 4.821888729461765166e-03
9.998424097612121919e-01 1.775254970082298933e-02 5.121112087163984700e-05 2.013543053496619883e+00 -1.775261230114784372e-02 9.998408648916820018e-01 1.757739943058936631e-03 -7.094127540628809847e-02 -1.999860572152268047e-05 -1.758372071589163867e-03 9.999984538626617292e-01 7.350197727896912170e-03
9.998077843141400800e-01 1.960592855886877581e-02 4.461921685254157359e-05 2.263089580939106060e+00 -1.960597822813495497e-02 9.998059022966556686e-01 1.939935867847505501e-03 -8.110070275838535125e-02 -6.576312379730741409e-06 -1.940437785152124891e-03 9.999981173272055601e-01 8.213029016877371191e-03
9.997685202550681272e-01 2.151485489577529761e-02 1.301024088091962615e-04 2.574498035794714035e+00 -2.151509236627367413e-02 9.997660168789330726e-01 2.238815611426752880e-03 -9.396165811821909075e-02 -8.190417409553087265e-05 -2.241096536310091536e-03 9.999974853858517587e-01 1.028085784860777174e-02
9.996989786527231692e-01 2.453442598377452918e-02 1.184207361871547702e-04 2.842342092744079451e+00 -2.453464500613939531e-02 9.996958736668222212e-01 2.492261840667304388e-03 -1.091031140716445108e-01 -5.723850775742042921e-05 -2.494417027383085458e-03 9.999968872988826973e-01 1.157307134131047022e-02
9.996042745183638667e-01 2.812990288622798513e-02 5.412893641513879725e-05 3.321732120993631909e+00 -2.812994329337985266e-02 9.996002562439161299e-01 2.834432771662800943e-03 -1.303399481970368146e-01 2.562501974092969522e-05 -2.834833758322105775e-03 9.999959815223931070e-01 1.481116428410622632e-02
9.994319330510037513e-01 3.370178876266892443e-02 2.513856118621021556e-05 3.834543733066852589e+00 -3.370169478482533398e-02 9.994267427546338345e-01 3.222054517709874773e-03 -1.578388058107370873e-01 8.346485039274096566e-05 -3.221071387154317549e-03 9.999948088528967105e-01 1.879535261295073312e-02
9.992802631668326052e-01 3.793356080109479972e-02 -2.470758409219108288e-05 4.283170764790193097e+00 -3.793319945501194557e-02 9.992731947651719571e-01 3.762260386360770977e-03 -1.843352205081036366e-01 1.674055595252511375e-04 -3.758615311284616012e-03 9.999929223681196522e-01 2.219422578877017216e-02
9.990325817887578674e-01 4.397612387166184578e-02 -3.248164709482369121e-05 4.779347604393383797e+00 -4.397558439594684287e-02 9.990234801912122320e-01 4.270129393544755923e-03 -2.173402442034899629e-01 2.202336671121542179e-04 -4.264569993212563581e-03 9.999908824283969544e-01 2.595639458720366832e-02
9.989960834453291971e-01 4.479760254438971967e-02 -8.279369637906569790e-06 5.308024251627294632e+00 -4.479713600049232969e-02 9.989864894663871286e-01 4.382975151428775661e-03 -2.443111209818698282e-01 2.046177570308689640e-04 -4.378204118087647423e-03 9.999903946840158486e-01 2.845491214112438882e-02
9.987347803565653770e-01 5.028755159729735719e-02 -2.573187988389854445e-05 5.841084302169859299e+00 -5.028687245989591631e-02 9.987237030602228449e-01 4.711200012381179004e-03 -2.810103110280006700e-01 2.626137518813909978e-04 -4.703945333841431237e-03 9.999889019045833383e-01 3.287130883701960826e-02
9.985643976771689800e-01 5.356437550721197816e-02 3.701295519642372489e-05 6.479029347789975191e+00 -5.356393069389558254e-02 9.985527722763394287e-01 4.823516319207635066e-03 -3.207911074185438860e-01 2.214092501699324795e-04 -4.818574227362327697e-03 9.999883660925162898e-01 3.715886935848855543e-02
9.984024450507597015e-01 5.650263942110821808e-02 9.724767325470793700e-05 7.115916009162565281e+00 -5.650243383353046461e-02 9.983903474436947034e-01 4.918241979043330193e-03 -3.619842628485178126e-01 1.808025146367761549e-04 -4.915879547468323015e-03 9.999879006461762643e-01 4.123628463329520599e-02
9.979501017901846183e-01 6.399668702186538105e-02 1.356122378383932013e-04 7.922733642766425888e+00 -6.399656532192260494e-02 9.979376203058289985e-01 4.994557923485278862e-03 -4.231059689476428520e-01 1.843026061116139814e-04 -4.992998305587662174e-03 9.999875179223445265e-01 4.788266370537330729e-02
9.975687976518824440e-01 6.968831373976440424e-02 1.813392765416308285e-04 8.687826985195069796e+00 -6.968834948553838393e-02 9.975563175393921123e-01 4.992723474988395096e-03 -4.838395479428547197e-01 1.670383387913169091e-04 -4.993222388836453772e-03 9.999875198363180617e-01 5.374658338821314274e-02
9.971230827737697089e-01 7.579928194796420327e-02 1.632765246968832047e-04 9.511818815532173232e+00 -7.579916857782936779e-02 9.971110142591479431e-01 4.910324769367830494e-03 -5.537028020366684400e-01 2.093942702713014409e-04 -4.908574396277101161e-03 9.999879309528976190e-01 5.967802454608417406e-02
9.965392368847985072e-01 8.312369500287032642e-02 2.614590428780526218e-05 1.048339524497657393e+01 -8.312289171336377513e-02 9.965281215935605230e-01 4.720990564960282979e-03 -6.417133421832558193e-01 3.663710507712876117e-04 -4.706825658159161270e-03 9.999888557201529471e-01 6.639883852725647628e-02
9.959307866437432377e-01 9.012140442164766341e-02 2.618287334076776414e-05 1.130857727425151182e+01 -9.012052435408376971e-02 9.959196902436480148e-01 4.718228529928454942e-03 -7.248952996832509488e-01 3.991373422178392280e-04 -4.701388665694855931e-03 9.999888687550577693e-01 7.292031261538545195e-02
9.949859103711549135e-01 1.000148872215975565e-01 -2.459795856872360256e-04 1.247971409577392699e+01 -1.000126830712473325e-01 9.949753767250665293e-01 4.632811753246008669e-03 -8.481563381195165174e-01 7.080937758218141522e-04 -4.584981341680709893e-03 9.999892382167566707e-01 8.158335202285238452e-02
9.941731762237359105e-01 1.077937479197568077e-01 -4.512189411811618443e-04 1.362445168448263288e+01 -1.077906178578027646e-01 9.941632832280616894e-01 4.533099928436696950e-03 -9.768644899723583075e-01 9.372251349104075788e-04 -4.458049185752513584e-03 9.999896236494333346e-01 8.879287672547109267e-02
9.927713459572515831e-01 1.200188019731379535e-01 -7.360944454070721902e-04 1.479274648806122094e+01 -1.200142454269010062e-01 9.927616650924078190e-01 4.566972021581053656e-03 -1.125800222050989063e+00 1.278888857871564528e-03 -4.445617141697106103e-03 9.999893004085359527e-01 1.005585563911672864e-01
9.918071959842131857e-01 1.277406515419315380e-01 -9.010848320606776492e-04 1.604236984053516224e+01 -1.277353539853549325e-01 9.917979725672774194e-01 4.523380371464123806e-03 -1.291081332990683617e+00 1.471513665284096073e-03 -4.371220812919589596e-03 9.999893634815184562e-01 1.084792963315623915e-01
9.910787781392212947e-01 1.332736774835688032e-01 -9.911749400040368967e-04 1.731061218846913263e+01 -1.332679823064807367e-01 9.910698499986553278e-01 4.494144112278429005e-03 -1.464888849555121331e+00 1.581274712005025602e-03 -4.321958971525017429e-03 9.999894100644106665e-01 1.150998179424584933e-01
9.903535735218453873e-01 1.385590250343597674e-01 -1.093621853901071295e-03 1.851956755775456287e+01 -1.385529250354701480e-01 9.903450561339619540e-01 4.444858813081134855e-03 -1.636957426835009999e+00 1.698938299744033077e-03 -4.250457302892182709e-03 9.999895235558239337e-01 1.219232625075004073e-01
9.903399460579290770e-01 1.386567592289121853e-01 -1.046124674371711307e-03 1.980949397815050261e+01 -1.386508682779660218e-01 9.903313699043863050e-01 4.440104030397278717e-03 -1.817606788779945637e+00 1.651660517253310820e-03 -4.252166291824480311e-03 9.999895954955713151e-01 1.257309845859269082e-01
9.890672809752925065e-01 1.474594397730724926e-01 -1.275672726323755744e-03 2.099021505439166191e+01 -1.474526404284249026e-01 9.890594689641943882e-01 4.368718108880269117e-03 -1.998550637634284755e+00 1.905924914031866283e-03 -4.132854829784707133e-03 9.999896434269767154e-01 1.350347462101431084e-01
9.886704899911682443e-01 1.500967703273893838e-01 -1.273488434259438442e-03 2.226523057785418658e+01 -1.500900019241562244e-01 9.886627839244234162e-01 4.346380115657302694e-03 -2.194068922887078887e+00 1.911428238586196544e-03 -4.105999877393061784e-03 9.999897435509674803e-01 1.405413419986705215e-01
9.885780864125772727e-01 1.507043806609281444e-01 -1.247689595081432224e-03 2.348833258221875298e+01 -1.506977604315479502e-01 9.885704374222781254e-01 4.321489387516292899e-03 -2.380908840542738325e+00 1.884696430355963914e-03 -4.084105681778085577e-03 9.999898839489225200e-01 1.448034978650620808e-01
9.885194757055877357e-01 1.510885251470088786e-01 -1.226268535524121768e-03 2.471585158817653749e+01 -1.510820213644308851e-01 9.885118589382609899e-01 4.304366822536049263e-03 -2.568609070932684979e+00 1.862521424418165554e-03 -4.069683305883204337e-03 9.999899842957264973e-01 1.489072865324381212e-01
9.884969109126594544e-01 1.512363689048099036e-01 -1.190735691883193156e-03 2.597144785883581974e+01 -1.512300237817865989e-01 9.884892631889662384e-01 4.296100787546008187e-03 -2.760626080651839231e+00 1.826756130181591761e-03 -4.066607370765306338e-03 9.999900627839092282e-01 1.529300730672091824e-01
9.884595550180579338e-01 1.514806654826612309e-01 -1.147211098182790217e-03 2.724025936581785601e+01 -1.514745147645989998e-01 9.884518739626916295e-01 4.285353119089805284e-03 -2.955214989286722549e+00 1.783111102039871328e-03 -4.062124993068816706e-03 9.999901597792711927e-01 1.569803100234792304e-01
9.885959298126995032e-01 1.505882785751583575e-01 -1.121574084099697874e-03 2.850997511421926944e+01 -1.505822514270413193e-01 9.885882266559072873e-01 4.278280892473601722e-03 -3.147069637661675134e+00 1.753033889624352895e-03 -4.060601926477310289e-03 9.999902191442725519e-01 1.603883482495964685e-01
9.887137882092000840e-01 1.498126481894711259e-01 -1.102480105782368408e-03 2.976648230276017415e+01 -1.498067070384166144e-01 9.887060526484922063e-01 4.276914479786956408e-03 -3.335981479649343218e+00 1.730764637710856431e-03 -4.063485403243159710e-03 9.999902462225220834e-01 1.638355568301976817e-01
9.886988198421960972e-01 1.499115534885470669e-01 -1.081567479274270086e-03 3.100459434965366512e+01 -1.499057205256632830e-01 9.886911057750330523e-01 4.262901587936157588e-03 -3.523419144754975640e+00 1.708394346373170829e-03 -4.052592617127171240e-03 9.999903288941701662e-01 1.676420431420413415e-01
9.889160346991439088e-01 1.484720865455227690e-01 -1.056336483394211762e-03 3.230609596850991494e+01 -1.484663794296816886e-01 9.889082991302644565e-01 4.255596945909817866e-03 -3.716625867097973490e+00 1.676457273061144346e-03 -4.051597604188831442e-03 9.999903869777444498e-01 1.705036407486733019e-01
9.890987800415287357e-01 1.472499332302239505e-01 -1.029805378250396673e-03 3.359338163547499789e+01 -1.472443520382209214e-01 9.890910150251079891e-01 4.250271111343508108e-03 -3.906313942479814560e+00 1.644423384110207291e-03 -4.052304945741300873e-03 9.999904373024746107e-01 1.734764288557371081e-01
9.891623219420708768e-01 1.468228023506209234e-01 -9.826368370274111974e-04 3.491350196819094265e+01 -1.468174006158991796e-01 9.891544393522452294e-01 4.259812345461948951e-03 -4.101649067068398047e+00 1.597417175568613098e-03 -4.069377684825119246e-03 9.999904441661727761e-01 1.767476002979750938e-01
9.891924637886628791e-01 1.466198299460218513e-01 -9.460789540021984642e-04 3.619569683909126212e+01 -1.466145627031494314e-01 9.891844805582958866e-01 4.270063355707245066e-03 -4.291230862187489947e+00 1.561922581658234692e-03 -4.085205539554146760e-03 9.999904357010533928e-01 1.802238115090446513e-01
9.891732706116994622e-01 1.467494765469727902e-01 -9.120611907451139661e-04 3.746218275074679838e+01 -1.467443474765345313e-01 9.891652359504751191e-01 4.269951499747235910e-03 -4.479031762461213262e+00 1.528792370317973723e-03 -4.089882066375757734e-03 9.999904677838713507e-01 1.837762941082319301e-01
9.891989514385806093e-01 1.465763037955477022e-01 -9.064510582040668498e-04 3.867512915833654574e+01 -1.465712161900200039e-01 9.891909532577045638e-01 4.258707876283233940e-03 -4.657882912530953767e+00 1.520878845701402601e-03 -4.079849731997062766e-03 9.999905208319402883e-01 1.871706180831962385e-01
9.891795796141669150e-01 1.467069139328464888e-01 -9.168935125807365413e-04 3.985025489138214283e+01 -1.467018153332969865e-01 9.891716848521494576e-01 4.237367078592117753e-03 -4.831663678076074220e+00 1.528616147874813308e-03 -4.057007043022265932e-03 9.999906019691182646e-01 1.906673692040823376e-01
9.891774834142489370e-01 1.467212679969090716e-01 -8.808170669709727060e-04 4.112603212910378403e+01 -1.467163087379855790e-01 9.891695151625258253e-01 4.242055930454334892e-03 -5.020683831713506962e+00 1.493677216017584358e-03 -4.066915981362282176e-03 9.999906145173609318e-01 1.941192086748442236e-01
9.891580010066274298e-01 1.468526633721897179e-01 -8.627399030500688135e-04 4.234408414038041713e+01 -1.468478075427801233e-01 9.891500917436942819e-01 4.221070765022040018e-03 -5.201156179355561626e+00 1.473254738284223916e-03 -4.048614457106788911e-03 9.999907190776763377e-01 1.976393595038081763e-01
9.888808451125169485e-01 1.487074232304773369e-01 -8.811702104938972909e-04 4.348152859203012355e+01 -1.487025650785685493e-01 9.888732061939004003e-01 4.162838706260247636e-03 -5.373849791689335298e+00 1.490410628496656367e-03 -3.985519187657021734e-03 9.999909471155216112e-01 2.018184818399775260e-01
9.889518387150593171e-01 1.482346837831567954e-01 -8.597912795044327771e-04 4.473679398330850177e+01 -1.482298980306569758e-01 9.889441209596574467e-01 4.174082461518630570e-03 -5.560940189750481544e+00 1.469029324797402032e-03 -4.000519751892815494e-03 9.999909188560625051e-01 2.049957532828505791e-01
9.890012187607790661e-01 1.479049900092062886e-01 -8.385912633466612856e-04 4.599494216182851858e+01 -1.479002712423793942e-01 9.889934118813128450e-01 4.188202124737876522e-03 -5.748260043702130062e+00 1.448817228038385948e-03 -4.018109130785943450e-03 9.999908778222366124e-01 2.081744983919322500e-01
9.891079034674041814e-01 1.471900633055010787e-01 -8.003609696230193143e-04 4.731662471400662895e+01 -1.471854793246138993e-01 9.890999681671883703e-01 4.205670327554904969e-03 -5.943895864362843895e+00 1.410669891243187136e-03 -4.042060247730275627e-03 9.999908358377321838e-01 2.109153002821875234e-01
9.891231342152958517e-01 1.470878347427650445e-01 -7.708735550788938093e-04 4.857859596956219406e+01 -1.470833648927089843e-01 9.891151398553266194e-01 4.209975780141770978e-03 -6.131102113874762338e+00 1.381718925975498630e-03 -4.050801762550421820e-03 9.999908408870177290e-01 2.141899439823160556e-01
9.892905781607623794e-01 1.459575064992883475e-01 -7.471774453461719600e-04 4.986095274585285608e+01 -1.459531386112460083e-01 9.892825366281030597e-01 4.212370767508237523e-03 -6.318426489397514167e+00 1.353996732031875977e-03 -4.058205819082392682e-03 9.999908487873347962e-01 2.167888777447473103e-01
9.894126619609394657e-01 1.451277328458581706e-01 -7.249315202787609937e-04 5.114497589508658848e+01 -1.451234416708865049e-01 9.894045246073468469e-01 4.227691975252616946e-03 -6.505323820524043121e+00 1.330805877646757144e-03 -4.077727414302101047e-03 9.999908005051273419e-01 2.194499255535062865e-01
9.896256088591312006e-01 1.436686119055543276e-01 -6.958868670268555283e-04 5.245410743533130926e+01 -1.436644601867252125e-01 9.896174551530269037e-01 4.220823488498287243e-03 -6.693181584755578228e+00 1.295061642026057230e-03 -4.077060803902287159e-03 9.999908501534298111e-01 2.217647755179217306e-01
9.897842534676656312e-01 1.425716384466435283e-01 -6.778740590321503381e-04 5.372080694368000309e+01 -1.425675666244763384e-01 9.897760636395267486e-01 4.222890973556023969e-03 -6.873723905304307991e+00 1.273008002786894582e-03 -4.083108134973969724e-03 9.999908537974823153e-01 2.243410964161145493e-01
9.898358593649971837e-01 1.422129801675553196e-01 -6.631758204038005642e-04 5.495859762878482968e+01 -1.422089610613651578e-01 9.898276160203487439e-01 4.231072261256354008e-03 -7.050548535212717738e+00 1.258143136803667982e-03 -4.093757503646963496e-03 9.999908290706387426e-01 2.272594782101875488e-01
9.899706533357074401e-01 1.412716774353509619e-01 -6.470732665687260396e-04 5.623271492829533713e+01 -1.412677119128726566e-01 9.899623191517452625e-01 4.247381045821872064e-03 -7.230672164177297745e+00 1.240612796597030405e-03 -4.113372029400828682e-03 9.999907704826437316e-01 2.297528312731373923e-01
9.902120842820287816e-01 1.395694645119194832e-01 -6.266840547880127418e-04 5.753530891285256388e+01 -1.395655825477789824e-01 9.902036683577517540e-01 4.259501633994382773e-03 -7.411648883634446960e+00 1.215041212010184836e-03 -4.130346466131777292e-03 9.999907319135300510e-01 2.316817005491564885e-01
9.904834336094349156e-01 1.376305944368174938e-01 -6.222824584115061721e-04 5.880964998253237042e+01 -1.376267478075945960e-01 9.904750070639243287e-01 4.258953493607799817e-03 -7.585575470462054604e+00 1.202517523307895667e-03 -4.132780169273916025e-03 9.999907369969550652e-01 2.336176943253716054e-01
9.906786748887574934e-01 1.362182601905357338e-01 -5.905307859939635173e-04 6.013681427457479600e+01 -1.362145477951936801e-01 9.906701729256717215e-01 4.266785636941151233e-03 -7.766022913317828902e+00 1.166235351862228648e-03 -4.146574657178250280e-03 9.999907228638430512e-01 2.356458656906972315e-01
9.910565039572843959e-01 1.334415749479470059e-01 -5.933423173075858719e-04 6.139400381375124027e+01 -1.334378674485399430e-01 9.910479687766888812e-01 4.273070339291472862e-03 -7.931528732432046702e+00 1.158235934208899772e-03 -4.155679818444688554e-03 9.999906943641037049e-01 2.373743516800170816e-01
9.914763935798760475e-01 1.302851801134851661e-01 -5.769160103918319436e-04 6.268284426476624560e+01 -1.302815681690314420e-01 9.914678280297783974e-01 4.273054268995115333e-03 -8.097175042985163884e+00 1.128709308762142899e-03 -4.161470913968345030e-03 9.999907040443742900e-01 2.390449590958492188e-01
9.918556176583424033e-01 1.273660593626787796e-01 -5.662663968929556235e-04 6.396409026005277099e+01 -1.273625231046149053e-01 9.918470526377933805e-01 4.267540015119881264e-03 -8.258029709683723851e+00 1.105189411576104922e-03 -4.160662420830905581e-03 9.999907336793772972e-01 2.407477988458337492e-01
9.922768281739319240e-01 1.240419225325836566e-01 -5.456542092160929268e-04 6.526574445772865829e+01 -1.240384946272788391e-01 9.922682048236834973e-01 4.273354842270726296e-03 -8.417041071127037810e+00 1.071510472841918525e-03 -4.172668862158036840e-03 9.999907203068977291e-01 2.422641641258413969e-01
9.923059124382676011e-01 1.238090790518451279e-01 -5.367489231722755811e-04 6.649455787300571785e+01 -1.238056870634284129e-01 9.922972659210615998e-01 4.276436760230368020e-03 -8.569446459886586709e+00 1.062076185766962265e-03 -4.177080912437117731e-03 9.999907119514968024e-01 2.449868690193830467e-01
9.923532483124917203e-01 1.234290528680777599e-01 -5.472538235738251718e-04 6.768100435829556716e+01 -1.234256322012189655e-01 9.923446580172243792e-01 4.265329463218651800e-03 -8.715749582432650300e+00 1.069529984127686731e-03 -4.165168399105173731e-03 9.999907536961804011e-01 2.477486861321658296e-01
9.924515244237681610e-01 1.226364975303812360e-01 -5.110356714430823021e-04 6.900167745468860403e+01 -1.226332282893168313e-01 9.924428675106439224e-01 4.271540897472238772e-03 -8.877772690295449465e+00 1.031020521800920077e-03 -4.176627321481939624e-03 9.999907463476529479e-01 2.500159788719948928e-01
9.924908191533114987e-01 1.223181775135244176e-01 -4.871972899743882827e-04 7.025402802227293364e+01 -1.223150098393343682e-01 9.924821335352937979e-01 4.272352546983567909e-03 -9.031273936821046178e+00 1.006120982958918358e-03 -4.180679138057863398e-03 9.999907547785364947e-01 2.527597224467390546e-01
9.925722070657728713e-01 1.216561171223239368e-01 -4.504912176442118642e-04 7.157167099098921881e+01 -1.216530940566844937e-01 9.925634192739759554e-01 4.287591472665582340e-03 -9.191762150705095280e+00 9.687528336195629433e-04 -4.200940480855073003e-03 9.999907067653471815e-01 2.550240699023733626e-01
9.926074915300521218e-01 1.213679892711383851e-01 -4.230292394137573245e-04 7.283766553855389247e+01 -1.213650770278263125e-01 9.925986446872637758e-01 4.295190110600073316e-03 -9.345837325506677118e+00 9.411968368768083501e-04 -4.212096905407715190e-03 9.999906861507305011e-01 2.576292336643652980e-01
9.926340973800841239e-01 1.211503413425882164e-01 -3.788483068485157148e-04 7.414819916828066937e+01 -1.211476028637616387e-01 9.926251415324576222e-01 4.311233359805350697e-03 -9.505390115471803014e+00 8.983617472642522941e-04 -4.233580670788138385e-03 9.999906348266018874e-01 2.600989778354465543e-01
9.926790941463222717e-01 1.207811750120234007e-01 -3.518843511104917626e-04 7.541994949686835525e+01 -1.207785424535362251e-01 9.926700568452675455e-01 4.324574044631561767e-03 -9.659298653626899878e+00 8.716321932688288979e-04 -4.250414166460805311e-03 9.999905870740827263e-01 2.625560251854408556e-01
9.927612284617899352e-01 1.201042366890147095e-01 -3.400109264436818805e-04 7.666226186211812887e+01 -1.201016597678546682e-01 9.927521741188835014e-01 4.325750604233512785e-03 -9.808135386386034327e+00 8.570875607915303751e-04 -4.253601607579560531e-03 9.999905860928454127e-01 2.649401857916107161e-01
9.927633621491765981e-01 1.200866595296976452e-01 -3.177928643377011392e-04 7.791177893499575191e+01 -1.200841785125174449e-01 9.927542951164203267e-01 4.324305022411156774e-03 -9.958822899802498796e+00 8.347815758696607025e-04 -4.254849698262778111e-03 9.999905996527173047e-01 2.674986259120135657e-01
9.928948364426011253e-01 1.189947639600060225e-01 -2.998844769376342334e-04 7.919392810073625810e+01 -1.189923628795608035e-01 9.928857191066839949e-01 4.332018620534682646e-03 -1.011064612252430450e+01 8.132385476655604531e-04 -4.265554957505550068e-03 9.999905717975566821e-01 2.694030877144943936e-01
9.929615321322148302e-01 1.184369851455320533e-01 -2.761706820903815250e-04 8.048110345225941842e+01 -1.184346772051087099e-01 9.929523229945370622e-01 4.348736603692872349e-03 -1.026314548030294738e+01 7.892755727692786017e-04 -4.285419975559778306e-03 9.999905060648017763e-01 2.715410827477038325e-01
9.929692029204068016e-01 1.183727067237449887e-01 -2.537113917498856749e-04 8.174618388926487000e+01 -1.183704895538920110e-01 9.929599420128988330e-01 4.356693182520210775e-03 -1.041350854732325004e+01 7.676388131313270939e-04 -4.296030215473217555e-03 9.999904773821975956e-01 2.739321791725690680e-01
9.929663293123892620e-01 1.183968930012913867e-01 -2.111740623221450926e-04 8.303830203067450100e+01 -1.183948496891067403e-01 9.929569847178389974e-01 4.368762081552947547e-03 -1.056747049872766908e+01 7.269346168038995576e-04 -4.313031726695848618e-03 9.999904346159629309e-01 2.763724489729688649e-01
9.930300784003193160e-01 1.178610614637166931e-01 -1.832972165348202565e-04 8.432629182426961734e+01 -1.178591344062750040e-01 9.930206566371285737e-01 4.381774063978190539e-03 -1.071935868120229252e+01 6.984584645103248442e-04 -4.329630191308708569e-03 9.999903831828658163e-01 2.784690570403678400e-01
9.931089110037170098e-01 1.171949815006233242e-01 -1.649577057570388288e-04 8.559029776513622778e+01 -1.171931331498066303e-01 9.930994302893518810e-01 4.392165351103105748e-03 -1.086721318721193619e+01 6.785591405918624990e-04 -4.342566638710905307e-03 9.999903407896078011e-01 2.805356451780349758e-01
9.931677773657879849e-01 1.166951076143080551e-01 -1.337017251018058684e-04 8.687832605399098895e+01 -1.166933938681776334e-01 9.931582348725560561e-01 4.401402882190421847e-03 -1.101761943798467591e+01 6.464091522054846769e-04 -4.355729410031612854e-03 9.999903048412766005e-01 2.826310667385301123e-01
9.932089756149152793e-01 1.163439574626292383e-01 -1.197283352786668255e-04 8.811923284723050642e+01 -1.163423050548983984e-01 9.931994034736912891e-01 4.406019631945627506e-03 -1.116199527592389629e+01 6.315278717292449953e-04 -4.362168774980579311e-03 9.999902862809021409e-01 2.848317543132594665e-01
9.933755848899978869e-01 1.149127367303879460e-01 -1.014723834231052844e-04 8.940416386511016356e+01 -1.149111792178109243e-01 9.933660094093251791e-01 4.403663932761195041e-03 -1.130831397967209639e+01 6.068362906535630956e-04 -4.362831923932811509e-03 9.999902986766194823e-01 2.862954854562271834e-01
9.934098589651292333e-01 1.146160789882528647e-01 -8.101419743885691059e-05 9.065721350068952233e+01 -1.146146119502031435e-01 9.934002583936354380e-01 4.406514045463431895e-03 -1.145206156573142309e+01 5.855368864800484380e-04 -4.368189085934168388e-03 9.999902879881877871e-01 2.884451282331181865e-01
9.934689759415210597e-01 1.141025489248026076e-01 -4.675072391526081662e-05 9.195113352114570660e+01 -1.141012276864134672e-01 9.934592842693238390e-01 4.422708967162819471e-03 -1.159974502515566108e+01 5.510873069392444382e-04 -4.388489833804839167e-03 9.999902186820595062e-01 2.903346628432514898e-01
9.934841623336010397e-01 1.139702557483201484e-01 -3.468042641449611940e-06 9.326115313826494457e+01 -1.139691199908343527e-01 9.934743968128219027e-01 4.434250893512529414e-03 -1.174977174393019475e+01 5.088181198712309625e-04 -4.404962785054320276e-03 9.999901686551810887e-01 2.923943147707595003e-01
9.935238185119491527e-01 1.136240312921159290e-01 3.971686426599391298e-05 9.456413893438264040e+01 -1.136230883307996348e-01 9.935140226073271297e-01 4.436293030774388253e-03 -1.189823833441193557e+01 4.646102364821144476e-04 -4.412075545053899261e-03 9.999901588149491261e-01 2.943727891601946034e-01
9.935315370301689430e-01 1.135564944299284479e-01 8.668518484242542443e-05 9.587131768186037561e+01 -1.135557544933009921e-01 9.935216675245831519e-01 4.448235122502344242e-03 -1.204747903906549311e+01 4.190023774324561361e-04 -4.429305480203512939e-03 9.999901027960252931e-01 2.963590492081715766e-01
9.935360520031125686e-01 1.135169554530258834e-01 1.192049060451392167e-04 9.714457316772941908e+01 -1.135163577718453359e-01 9.935261437144009555e-01 4.454019452387388868e-03 -1.219262932636685370e+01 3.871735370644997939e-04 -4.438760609336670458e-03 9.999900737012041851e-01 2.983721078111525316e-01
9.936176165730546961e-01 1.128007591814280813e-01 1.441486960310147823e-04 9.842627627882497166e+01 -1.128002753449817291e-01 9.936076484167376544e-01 4.465300095068780277e-03 -1.233686991378774422e+01 3.604619937269851020e-04 -4.453060850652367127e-03 9.999900201083238294e-01 2.999470561325696671e-01
9.936427477398594998e-01 1.125791295868358299e-01 1.716406824435414596e-04 9.971031014410192483e+01 -1.125787649560850839e-01 9.936326964379466054e-01 4.481770353387305034e-03 -1.248180561730485927e+01 3.340060111940132458e-04 -4.472601705028049490e-03 9.999899420864226673e-01 3.017033074829837958e-01
9.936459475833263610e-01 1.125508134777571390e-01 2.127247048612807435e-04 1.010091375080435228e+02 -1.125506282882418468e-01 9.936358117859717121e-01 4.497735367661861994e-03 -1.262876289742717262e+01 2.948528895532415758e-04 -4.493098820867203261e-03 9.999898625110125172e-01 3.034752475511970360e-01
9.936622915304770265e-01 1.124063456902264085e-01 2.526935733960671330e-04 1.023096665595403323e+02 -1.124063376574768597e-01 9.936520743019021662e-01 4.513369588563092942e-03 -1.277558056232682304e+01 2.562418887495501794e-04 -4.513169527333544054e-03 9.999897827682772133e-01 3.051852543388600125e-01
9.936740171285785017e-01 1.123025228834501482e-01 3.017492952269652438e-04 1.036287557382132576e+02 -1.123027334080545503e-01 9.936637005682538160e-01 4.532797940096600260e-03 -1.292451521583100416e+01 2.092073229728781420e-04 -4.538010808928453176e-03 9.999896812918762645e-01 3.067491373742421423e-01
9.938040530369309788e-01 1.111457792417587243e-01 3.463223316925671119e-04 1.049830459194427164e+02 -1.111462034926310460e-01 9.937937093937831978e-01 4.537029157650173880e-03 -1.307449872459840634e+01 1.600986864292724835e-04 -4.547410378273226104e-03 9.999896476600627082e-01 3.075418540213128438e-01
9.938236358337813048e-01 1.109703110866486764e-01 4.134374229028193234e-04 1.063568365267366573e+02 -1.109710405949484030e-01 9.938131854575266155e-01 4.558571607027837695e-03 -1.322795649332509882e+01 9.498654701952570652e-05 -4.576295790046528388e-03 9.999895241923447697e-01 3.086838511915432903e-01
9.938887126648549009e-01 1.103858015220403610e-01 4.490821410269477771e-04 1.076603133791017086e+02 -1.103866996528042876e-01 9.938782029748524094e-01 4.571018079905485483e-03 -1.337176999856020743e+01 5.824254312945124684e-05 -4.592655970726139403e-03 9.999894520038572487e-01 3.098455838268305840e-01
9.939201448715692111e-01 1.101022593547925088e-01 4.879738576212078812e-04 1.089688557316751201e+02 -1.101033388694449972e-01 9.939095584718676823e-01 4.587413552975878883e-03 -1.351622218892386407e+01 2.008271532323009122e-05 -4.613250294464689774e-03 9.999893587026009723e-01 3.111039507942017224e-01
9.940041895530740135e-01 1.093404634611810505e-01 5.781142492592426015e-04 1.104123125700596404e+02 -1.093419680086158002e-01 9.939935661205744344e-01 4.596145991204060068e-03 -1.367462955417679815e+01 -7.209711151138882492e-05 -4.631800521103912778e-03 9.999892705554261907e-01 3.115520593745344513e-01
9.940645160339677266e-01 1.087903768441862151e-01 6.260058413073184150e-04 1.117482415875026760e+02 -1.087921107949752358e-01 9.940538378904633099e-01 4.609123461795304813e-03 -1.382011292084589016e+01 -1.208552308411695378e-04 -4.649870580537978325e-03 9.999891819903011791e-01 3.123741651669085240e-01
9.941424690813058795e-01 1.080753752349850744e-01 6.815070121273024504e-04 1.131080176309100693e+02 -1.080773765883892845e-01 9.941317618575373771e-01 4.617439861792641681e-03 -1.396713050476276941e+01 -1.784762210733247705e-04 -4.664048555336260983e-03 9.999891073393480934e-01 3.129905003839654754e-01
9.941988884325838605e-01 1.075549192036189261e-01 7.138694344074636737e-04 1.144026720980256755e+02 -1.075570806013486647e-01 9.941881127109765126e-01 4.633677995419616634e-03 -1.410628526487515444e+01 -2.113456433800431063e-04 -4.683579224996941431e-03 9.999890096489542080e-01 3.138541527231306638e-01
9.942396055068647431e-01 1.071775919694255702e-01 7.554046902731148105e-04 1.157125908899278244e+02 -1.071799547524914381e-01 9.942287908966849219e-01 4.644207837571105377e-03 -1.424689119646912339e+01 -2.532900792882014206e-04 -4.698419609143011759e-03 9.999889302874038766e-01 3.147726454670183305e-01
9.942113437753273830e-01 1.074390957017154202e-01 8.028937126213281025e-04 1.170203354220588352e+02 -1.074416838420044207e-01 9.942004634014999231e-01 4.660811142672117990e-03 -1.438851987876846472e+01 -2.974839668211248659e-04 -4.720095561969873954e-03 9.999888160380643320e-01 3.158710974809735283e-01
9.942535923367370465e-01 1.070470790957384760e-01 8.467571248962935679e-04 1.183369832781733493e+02 -1.070498834848968295e-01 9.942426604006229240e-01 4.674901115286219343e-03 -1.452969630146293945e+01 -3.414475471924890049e-04 -4.738682479553453508e-03 9.999887140872965041e-01 3.165888184732057464e-01
9.943297347211684789e-01 1.063372699269193311e-01 8.738929503955002826e-04 1.196208126556124540e+02 -1.063402162208674090e-01 9.943187443661470892e-01 4.689672835942100028e-03 -1.466573379078804074e+01 -3.702411349981071429e-04 -4.756011112491119810e-03 9.999886215751827567e-01 3.171800120905687859e-01
9.943705825717170654e-01 1.059548269675645027e-01 8.480408731434964072e-04 1.207930791991353061e+02 -1.059576515562975912e-01 9.943596253923991934e-01 4.680970117281244187e-03 -1.478939871005967177e+01 -3.472862261948684269e-04 -4.744475402164936503e-03 9.999886846087157055e-01 3.181670192606100844e-01
9.943950436206414611e-01 1.057248441267615996e-01 8.686611192674153440e-04 1.220451390682076749e+02 -1.057277715144245983e-01 9.943840634073747298e-01 4.687513958325143990e-03 -1.492177743938565726e+01 -3.681960909902622504e-04 -4.753082251703530901e-03 9.999886362558233488e-01 3.190960487830221126e-01
9.944150597385256196e-01 1.055363023802348282e-01 8.819638302716061723e-04 1.232900976461750275e+02 -1.055392979176952295e-01 9.944040498142083795e-01 4.694925262372739820e-03 -1.505315863497687445e+01 -3.815433525442948936e-04 -4.761786228986907184e-03 9.999885898432111508e-01 3.200177736842440002e-01
9.944003581702995920e-01 1.056746090019233808e-01 8.970496844261990075e-04 1.245299550813698914e+02 -1.056776728435076668e-01 9.943893778804502315e-01 4.689843919541930410e-03 -1.518462307486228191e+01 -3.964192552214341157e-04 -4.758380596731452000e-03 9.999886002679756469e-01 3.210875437190243709e-01
9.944789796784411218e-01 1.049320965849562248e-01 9.022743979801707385e-04 1.257666427879008353e+02 -1.049351950907493475e-01 9.944679849097649571e-01 4.693808247785826414e-03 -1.531350808222989635e+01 -4.047518620618235788e-04 -4.762573977342677255e-03 9.999885769672945957e-01 3.218387748330386877e-01
9.945441873968464686e-01 1.043122511820904208e-01 9.019886582830505175e-04 1.269818599916957709e+02 -1.043153531687961572e-01 9.945332179162357233e-01 4.688877213893219258e-03 -1.543940421266759522e+01 -4.079503452234348767e-04 -4.757386844239029980e-03 9.999886003585062300e-01 3.226844997245665869e-01
9.945546436884485919e-01 1.042126318519737693e-01 8.877473159330508080e-04 1.281265062769389544e+02 -1.042156542453395035e-01 9.945438238297075184e-01 4.656168755532200630e-03 -1.555880879946988316e+01 -3.976720098967320444e-04 -4.723331425247587027e-03 9.999887659355249925e-01 3.236985006730614955e-01
9.945996012680599074e-01 1.037829015274776556e-01 8.616977548648292002e-04 1.292857631194760017e+02 -1.037857984284149965e-01 9.945888627144112704e-01 4.637049073329089187e-03 -1.567862563126152864e+01 -3.757885827346056336e-04 -4.701439149188048165e-03 9.999888775645966454e-01 3.246850709299380355e-01
9.946339550756023717e-01 1.034530965847853951e-01 8.673135265776434500e-04 1.305042144538148250e+02 -1.034560228015807132e-01 9.946232275702745484e-01 4.635357467329036252e-03 -1.580423410618073099e+01 -3.831080954228671502e-04 -4.700212739202377747e-03 9.999888805523927671e-01 3.256474340207144991e-01
9.946158037105609084e-01 1.036273501092542793e-01 8.805302941639587362e-04 1.317297564794551761e+02 -1.036303326198668440e-01 9.946051277849168315e-01 4.625360540190292906e-03 -1.593161237408454589e+01 -3.964660897407787680e-04 -4.691706338700621717e-03 9.999889152917171842e-01 3.267941607798476866e-01
9.946232889707216085e-01 1.035554622197537994e-01 8.827777680327432604e-04 1.329302399714911758e+02 -1.035584512193928469e-01 9.946126707526063981e-01 4.613282398659202671e-03 -1.605578420292592412e+01 -4.002913624758070127e-04 -4.679897211035770159e-03 9.999889691036363271e-01 3.278651723280923136e-01
9.946973094365083590e-01 1.028422659957281410e-01 8.549501216303603433e-04 1.340978538578816313e+02 -1.028451273690956375e-01 9.946867452088424821e-01 4.599858406580671980e-03 -1.617483305836509544e+01 -3.773476920840191534e-04 -4.663394235270236846e-03 9.999890551215847578e-01 3.287873421682334651e-01
9.946990881642445714e-01 1.028250978139238353e-01 8.504586132278118540e-04 1.351918277861514639e+02 -1.028279184680558622e-01 9.946887685946962376e-01 4.546738411292711515e-03 -1.628784875032352986e+01 -3.784228089326861387e-04 -4.610087441078692359e-03 9.999893018877739070e-01 3.302068735771936936e-01
9.947515586501007867e-01 1.023162487239807072e-01 8.496030394968247463e-04 1.361828846489488569e+02 -1.023190435293092893e-01 9.947415644067660878e-01 4.475867280865781714e-03 -1.638909430476817519e+01 -3.871815067453974937e-04 -4.539306524637223318e-03 9.999896223395472461e-01 3.320209456680343063e-01
9.947128295671299192e-01 1.026920636258882163e-01 8.525126886999166882e-04 1.372678022718247917e+02 -1.026948408876910274e-01 9.947031455315149540e-01 4.407032998194398629e-03 -1.650171969364176761e+01 -3.954297400798622870e-04 -4.471280918855668855e-03 9.999899255904027839e-01 3.337191031273951669e-01
9.947319705249330068e-01 1.025064682377963277e-01 8.548684528554608688e-04 1.382828411897308172e+02 -1.025092287234286442e-01 9.947226089454975773e-01 4.334661956422292128e-03 -1.660616093973064977e+01 -4.060260896485375407e-04 -4.399458735539927765e-03 9.999902399052116309e-01 3.355920807420211815e-01
9.947314339138226824e-01 1.025115358693928225e-01 8.714427821099971503e-04 1.392107549146367944e+02 -1.025143265525051833e-01 9.947225135870648716e-01 4.234835251089624081e-03 -1.670210214853442210e+01 -4.327242890008508648e-04 -4.301859111950019458e-03 9.999906533352721505e-01 3.376335063387447821e-01
9.947077554761465379e-01 1.027408580653819820e-01 8.929135851647113445e-04 1.401482523421185817e+02 -1.027436919200210574e-01 9.946992815946708033e-01 4.131946366638545969e-03 -1.679963456558787271e+01 -4.636607865760890550e-04 -4.201820334721406182e-03 9.999910648223730991e-01 3.396987215420543826e-01
9.947176965334529886e-01 1.026445309386871119e-01 8.969317884641695056e-04 1.411513912983997443e+02 -1.026473478396811440e-01 9.947095307877399373e-01 4.058491912134509425e-03 -1.690314839042163442e+01 -4.756045998873930378e-04 -4.129121395827323529e-03 9.999913620410912918e-01 3.415481418924990464e-01
9.946904960521324446e-01 1.029075068942136156e-01 9.284952645713239350e-04 1.420186794008981508e+02 -1.029103913432701939e-01 9.946828277902037829e-01 3.939983242074068456e-03 -1.699384593124167964e+01 -5.181044427805049949e-04 -4.014615696844942017e-03 9.999918071807524234e-01 3.436714832144853737e-01
9.946686515276392804e-01 1.031183342774639466e-01 9.395845389114612818e-04 1.428504299814282490e+02 -1.031212160377087822e-01 9.946613285021187467e-01 3.854400134159188980e-03 -1.708119599776300390e+01 -5.371090843135079137e-04 -3.930742084427867565e-03 9.999921303593000133e-01 3.457185646068374751e-01
