1.000000000000000000e+00 0.000000000000000000e+00 0.000000000000000000e+00 0.000000000000000000e+00 0.000000000000000000e+00 1.000000000000000000e+00 0.000000000000000000e+00 0.000000000000000000e+00 0.000000000000000000e+00 0.000000000000000000e+00 1.000000000000000000e+00 0.000000000000000000e+00
9.999996991059730833e-01 7.756053231503401034e-04 -1.497887828811541065e-05 1.386043333654276566e-01 -7.756036020247892128e-04 9.999996926564030941e-01 1.145695117214205749e-04 -1.076534811929148131e-03 1.506773440454773093e-05 -1.145578595765864988e-04 9.999999933247303296e-01 -1.074624025410031436e-03
9.999982002590520613e-01 1.895923503296787806e-03 7.037540414057697749e-05 2.623024905647726168e-01 -1.895938549909542822e-03 9.999981797322466948e-01 2.143575971826898084e-04 -3.076751088155624692e-03 -6.996887043052919981e-05 -2.144906388403986191e-04 9.999999745490610881e-01 -2.215511604159114967e-03
9.999940047084160399e-01 3.459715143980030515e-03 1.446319472236534274e-04 5.672871669070631562e-01 -3.459783352941052815e-03 9.999939025721306107e-01 4.740440553213830168e-04 -9.397833825106545122e-03 -1.429910079559608416e-04 -4.745416084926765295e-04 9.999998771819103016e-01 -3.778788433530522184e-04
9.999899260650413346e-01 4.484302244321287066e-03 1.969819728481523680e-04 6.987332132435633003e-01 -4.484417367321412960e-03 9.999897721155859287e-01 5.879329717876588014e-04 -1.161214539618025607e-02 -1.943434890099533861e-04 -5.888103983680706768e-04 9.999998077664444818e-01 -1.512689766541619463e-03
9.999842053520929808e-01 5.610017661952735810e-03 3.416843766208483082e-04 7.950461924948801773e-01 -5.610230660214468069e-03 9.999840668151080969e-01 6.256419879818311347e-04 -1.415983214993773130e-02 -3.381690699118778624e-04 -6.275490343573334167e-04 9.999997459119136511e-01 -2.646261735141930416e-03
9.999733690033522082e-01 7.292133287624036689e-03 2.933875073888820911e-04 1.013755073833503495e+00 -7.292352209619793087e-03 9.999731275599482716e-01 7.521683705366904137e-04 -2.018627428546466984e-02 -2.878947113513121293e-04 -7.542878245854540325e-04 9.999996740832043374e-01 -2.663730111519102550e-03
9.999618776490193373e-01 8.727385920502836111e-03 2.756515064711795239e-04 1.188939654190313000e+00 -8.727613471253123714e-03 9.999615647148630826e-01 8.353778863370571288e-04 -2.525547104724991040e-02 -2.683502465414996626e-04 -8.377518195747310752e-04 9.999996130799432281e-01 -3.446085549269950477e-03
9.999554964522324729e-01 9.432654467654134553e-03 1.736225150439131028e-04 1.390110398978718687e+00 -9.432798130990462451e-03 9.999551522010968752e-01 8.461122967831868858e-04 -2.782947015296298107e-02 -1.656336435380329668e-04 -8.477123879255559673e-04 9.999996269745332622e-01 -3.856161951328651583e-03
9.999398334747466865e-01 1.096817195619194212e-02 1.692174335878091464e-04 1.560811725216022516e+00 -1.096832640644186500e-02 9.999394037741581309e-01 9.405294946582968066e-04 -3.352583505814821230e-02 -1.588912904402236094e-04 -9.423289383179195462e-04 9.999995433847617132e-01 -4.575908070633571967e-03
9.998684961162008777e-01 1.621491853534808708e-02 2.586336773291214759e-04 2.147446815908110374e+00 -1.621523925824385273e-02 9.998676917785108698e-01 1.290330761436072737e-03 -5.224911097243718772e-02 -2.376768498081125033e-04 -1.294354884892811317e-03 9.999991340771997583e-01 -2.967930997577195029e-04
9.997749908706792255e-01 2.120926830612889641e-02 3.668365303654815631e-04 2.797701486741722920e+00 -2.120980747738320654e-02 9.997738694393523140e-01 1.534292876535710368e-03 -7.410739438507416010e-02 -3.342123482279936593e-04 -1.541728178791745537e-03 9.999987556873934924e-01 4.385199212092683041e-03
9.996583571517264621e-01 2.613316507986580481e-02 4.760896143101508320e-04 3.436011301436580734e+00 -2.613397850235601658e-02 9.996568449128038214e-01 1.790974127085122455e-03 -9.888574358855731217e-02 -4.291224193174643657e-04 -1.802804369301998569e-03 9.999982828737067342e-01 8.892764634296446147e-03
9.995313972050767770e-01 3.060456659799075038e-02 5.886481418549057440e-04 4.060405688404722824e+00 -3.060571380148973189e-02 9.995294329983671622e-01 2.050086507804680259e-03 -1.257245651485268401e-01 -5.256291345198853618e-04 -2.067141828062465155e-03 9.999977253167546820e-01 1.301650856490099706e-02
9.993205387239186832e-01 3.685066618010643391e-02 6.994924787437090813e-04 4.671227716830413712e+00 -3.685226036480222095e-02 9.993177887782584978e-01 2.422383218183912952e-03 -1.584848011789949385e-01 -6.097488419729917789e-04 -2.446515181489840318e-03 9.999968213798624550e-01 1.774102194767590568e-02
9.991625479651042863e-01 4.090922063910254480e-02 7.990082122391919646e-04 5.294800797478938392e+00 -4.091119928041381248e-02 9.991592966813308552e-01 2.640763575048695692e-03 -1.910841810410765507e-01 -6.903049038411200947e-04 -2.671240446355684691e-03 9.999961939695726221e-01 2.164570466014792416e-02
9.989201834090960519e-01 4.645028776839589535e-02 9.153952226457189728e-04 5.950787162963340649e+00 -4.645276610658201355e-02 9.989162690234801856e-01 2.903102738926927311e-03 -2.302756292436079211e-01 -7.795532230815011834e-04 -2.942490560522915272e-03 9.999953670123121752e-01 2.637974022435773946e-02
9.986729748628716541e-01 5.149111575304288896e-02 9.768738887507336620e-04 6.684021973421676144e+00 -5.149378971363974961e-02 9.986689738933407501e-01 2.944521915005268893e-03 -2.750310029310011894e-01 -8.239569255892594630e-04 -2.990917398922928599e-03 9.999951877424777535e-01 3.110971737222256728e-02
9.984955666690785714e-01 5.482372880794424835e-02 9.808709693050097437e-04 7.429518868486758798e+00 -5.482628930466504347e-02 9.984919590750568341e-01 2.808143447162536523e-03 -3.202644628765757284e-01 -8.254388811693103229e-04 -2.857696298007725549e-03 9.999955761014837075e-01 3.490000413636895615e-02
9.981653240056168608e-01 6.053754995711094211e-02 1.091331883360400308e-03 8.112378889796222126e+00 -6.054060041005453197e-02 9.981611647057696546e-01 3.020758605724803772e-03 -3.702354169559984309e-01 -9.064557790501985048e-04 -3.081286379781230690e-03 9.999948419927899845e-01 3.986703731967722319e-02
9.977071630009647363e-01 6.766976983125641554e-02 1.104153804624671007e-03 8.930482595949751357e+00 -6.767285367903770610e-02 9.977029117494286004e-01 3.047092013018175456e-03 -4.344874148706215355e-01 -8.954214509982491403e-04 -3.114826766461308277e-03 9.999947480235377162e-01 4.536651535318902972e-02
9.972224182685676119e-01 7.447208258584665785e-02 1.165085183944930634e-03 9.705818794965782814e+00 -7.447538233028197507e-02 9.972180163238217876e-01 3.105696624680460809e-03 -5.010422437406665264e-01 -9.305562407198871922e-04 -3.183840462906743600e-03 9.999944985973712175e-01 5.096206075958487069e-02
9.968456113974509814e-01 7.935756332649147871e-02 1.097354063970044577e-03 1.059266067738920647e+01 -7.936044868147375253e-02 9.968417708068897376e-01 2.898821328074853952e-03 -5.769712953268705258e-01 -8.638449714802290576e-04 -2.976763829909419290e-03 9.999951963129544152e-01 5.514643979625799552e-02
9.964624229457480498e-01 8.403256528738546616e-02 1.080571277624741561e-03 1.139671846133152577e+01 -8.403522509377023275e-02 9.964590951831725496e-01 2.711563416926215941e-03 -6.501654143421349286e-01 -8.488854479622536236e-04 -2.792777102862408888e-03 9.999957398857101110e-01 5.952371867587080700e-02
9.961895764867376712e-01 8.720765952590020520e-02 1.073231386575228654e-03 1.219145854931096018e+01 -8.721013276852483675e-02 9.961867337933465461e-01 2.526690142864374683e-03 -7.237240441816518155e-01 -8.487921361080692740e-04 -2.610659034964542963e-03 9.999962319985676862e-01 6.302744328062681589e-02
9.956749687977383134e-01 9.289888392227078906e-02 1.074189915636832764e-03 1.299294418246929794e+01 -9.290126766172311645e-02 9.956723448317895686e-01 2.436434358751175810e-03 -8.053519373659896452e-01 -8.431991596064799307e-04 -2.525690308914853473e-03 9.999964549455470086e-01 6.794951921100222947e-02
9.951174798213323625e-01 9.869280239548640365e-02 9.654627533958534550e-04 1.396890213718015872e+01 -9.869475561007085007e-02 9.951152249932906368e-01 2.243704660129850533e-03 -9.078567224408755632e-01 -7.393091845798323812e-04 -2.328035837276404025e-03 9.999970168310960972e-01 7.266000399920558017e-02
9.945466767639021821e-01 1.042887988669298771e-01 8.684350773856923389e-04 1.487708442882897231e+01 -1.042903790839754957e-01 9.945448107496182022e-01 2.033777829397334733e-03 -1.008910344325356645e+00 -6.515973527976123749e-04 -2.113256404887473364e-03 9.999975547811512655e-01 7.742291826701408475e-02
9.938948736325952105e-01 1.103286498824480738e-01 7.544500765285153381e-04 1.581228105345509682e+01 -1.103298658811550925e-01 9.938933499019376727e-01 1.824754319606445739e-03 -1.118848614039400502e+00 -5.485202334661907564e-04 -1.896852339643580491e-03 9.999980505364913785e-01 8.251033361896764617e-02
9.935134746965382790e-01 1.137121144719831778e-01 7.284450565207444472e-04 1.668237174798209210e+01 -1.137131817809739071e-01 9.935122562777415345e-01 1.645882334909059674e-03 -1.222690710622248211e+00 -5.365623311968050922e-04 -1.718040082620433170e-03 9.999983802182724757e-01 8.612509227104148124e-02
9.933441127963010819e-01 1.151820089087784438e-01 7.605328278409818161e-04 1.750424437419637158e+01 -1.151830464078231614e-01 9.933431496440739972e-01 1.500962671805227116e-03 -1.320809265374404129e+00 -5.825861787687391328e-04 -1.578572921563006987e-03 9.999985843494506588e-01 8.873067708722870428e-02
9.930245372725551301e-01 1.179054482234149215e-01 7.574082212188170240e-04 1.826153328882607241e+01 -1.179063889094201234e-01 9.930237992087750376e-01 1.348210919792261096e-03 -1.414453442410422035e+00 -5.931629765868670894e-04 -1.428109793064036856e-03 9.999988043293508433e-01 9.226625433329549431e-02
9.929037930776288823e-01 1.189177725398385815e-01 7.880860318322912682e-04 1.894496744448779779e+01 -1.189187281713130623e-01 9.929031362792601900e-01 1.303100273376519951e-03 -1.498710950129365838e+00 -6.275313107547695387e-04 -1.387571392788156371e-03 9.999988404243842499e-01 9.502163652359829626e-02
9.927375034214162008e-01 1.202978461467061611e-01 8.231199614876204013e-04 1.973635187594339158e+01 -1.202987624753629609e-01 9.927370409256991435e-01 1.172746519969865243e-03 -1.597392539975586168e+00 -6.760627944597420854e-04 -1.263249765114728010e-03 9.999989735690523185e-01 9.754448555870909310e-02
9.926849257473996380e-01 1.207311810977294009e-01 7.874757256686250621e-04 2.025893190763456531e+01 -1.207320667225049576e-01 9.926844106447503258e-01 1.195383290953893306e-03 -1.662898876606867082e+00 -6.373948400455381252e-04 -1.281712545271548572e-03 9.999989754698744848e-01 9.925928123009031268e-02
9.926892430326864636e-01 1.206962803932671302e-01 6.889701105151689684e-04 2.061680181533787604e+01 -1.206970030595536369e-01 9.926887547676868095e-01 1.126775770236373162e-03 -1.705904921421808051e+00 -5.479352367703651866e-04 -1.201694813958890202e-03 9.999991278479095635e-01 1.007189899304761216e-01
9.926314512416550828e-01 1.211707769187390649e-01 6.669634169949935657e-04 2.115056173771969128e+01 -1.211714875587578261e-01 9.926309169460898474e-01 1.154702988084971120e-03 -1.773075879835086965e+00 -5.221322500013142682e-04 -1.227011452199353123e-03 9.999991109100243580e-01 1.025443598396522660e-01
9.925929713518816255e-01 1.214857458720555311e-01 6.377978994810388656e-04 2.171421097665291811e+01 -1.214864384788713891e-01 9.925923767898570116e-01 1.191141390723629394e-03 -1.843726011278523425e+00 -4.883666326637609587e-04 -1.259802367594607718e-03 9.999990871976115470e-01 1.042735370222804825e-01
9.925824793000881385e-01 1.215720273137080032e-01 5.137847144742846255e-04 2.220104792677581074e+01 -1.215725685747102852e-01 9.925818180111958267e-01 1.202138580764731826e-03 -1.903890260403471313e+00 -3.638269415827583052e-04 -1.255683820389698726e-03 9.999991454436996108e-01 1.057739883586223950e-01
9.924794866095381085e-01 1.224099558583921221e-01 5.209409408854025854e-04 2.278981240292739230e+01 -1.224105050423058283e-01 9.924788292167611159e-01 1.200760295631579048e-03 -1.978982383133363721e+00 -3.700378403152315503e-04 -1.255498605419075623e-03 9.999991433972722499e-01 1.082277747043800531e-01
9.923943243627774136e-01 1.230984643903371839e-01 5.225425707357954017e-04 2.333850003979734566e+01 -1.230990299915038222e-01 9.923936156882247062e-01 1.241116383122819935e-03 -2.049536931311511712e+00 -3.657883902304774094e-04 -1.296001338069582278e-03 9.999990932892963702e-01 1.103127572534967626e-01
9.923862441025690373e-01 1.231640655896331510e-01 3.943055663333858000e-04 2.382468921792748873e+01 -1.231644681511098877e-01 9.923854848095016168e-01 1.250335130378433732e-03 -2.110432286641928723e+00 -2.373067626026845948e-04 -1.289379819270351432e-03 9.999991405922366017e-01 1.118954523683073354e-01
9.923643276354883191e-01 1.233406526754829563e-01 3.530546733643031708e-04 2.435247681149196808e+01 -1.233410104019343478e-01 9.923635027401914721e-01 1.293675276786046546e-03 -2.177284714128653764e+00 -1.907958193311435453e-04 -1.327343316364008050e-03 9.999991008779485213e-01 1.136275030975215650e-01
9.923280189921125372e-01 1.236325659677083716e-01 3.022728621377993247e-04 2.487481122043137205e+01 -1.236328586898274434e-01 9.923271617925787380e-01 1.311577043904480714e-03 -2.243882916429981833e+00 -1.377999359721294179e-04 -1.338885507781599048e-03 9.999990941979920445e-01 1.154972544715719973e-01
9.922955573745952940e-01 1.238928807767904205e-01 2.844660327676637283e-04 2.551579681090828799e+01 -1.238931528807868110e-01 9.922946585371291706e-01 1.340642165964548273e-03 -2.325273832557369857e+00 -1.161781048210859454e-04 -1.365556659000373560e-03 9.999990608784035118e-01 1.180406189610698764e-01
9.922138675959835119e-01 1.245454252586647992e-01 2.793041502302918240e-04 2.610328251092695595e+01 -1.245456908890171244e-01 9.922129534174285448e-01 1.351282765823228925e-03 -2.401184070857746988e+00 -1.088331090902695391e-04 -1.375547627649309230e-03 9.999990480116009994e-01 1.204787767482182748e-01
9.921581797133280922e-01 1.249882946843298842e-01 2.695056334041842617e-04 2.674355112135178558e+01 -1.249885481182750474e-01 9.921572404904486220e-01 1.368574124376622939e-03 -2.483494042058289164e+00 -9.633621958276912989e-05 -1.391527129870336749e-03 9.999990271853315127e-01 1.231509004111512873e-01
9.921281165071289543e-01 1.252267313173940078e-01 2.573189198019211303e-04 2.743169837867252880e+01 -1.252269683476574524e-01 9.921271632210132418e-01 1.377828345997427536e-03 -2.571518218382755183e+00 -8.275214986344889040e-05 -1.399205510006973005e-03 9.999990176875436232e-01 1.257797741444943718e-01
9.920351156415073701e-01 1.259613287465307652e-01 2.701999407890219281e-04 2.809125021847929915e+01 -1.259615822020717091e-01 9.920341765763073250e-01 1.368330077125919433e-03 -2.657311892091841710e+00 -9.569090109567397566e-05 -1.391466298347100988e-03 9.999990273319377954e-01 1.287842260616121060e-01
9.920077902542210335e-01 1.261763891554595896e-01 2.508148451105069398e-04 2.873876277055708783e+01 -1.261766177433790437e-01 9.920068062082627591e-01 1.399137164607262883e-03 -2.740950895105145779e+00 -7.227195808742042091e-05 -1.419601935757208852e-03 9.999989897530585647e-01 1.313760216057198171e-01
9.919979571145032260e-01 1.262537223350600202e-01 2.251458478500076494e-04 2.940201188410563304e+01 -1.262539160416970008e-01 9.919969200848915980e-01 1.435005124454047593e-03 -2.826361748308738875e+00 -4.216924910838716612e-05 -1.451947696875148389e-03 9.999989450342783304e-01 1.339555252116262363e-01
9.919807714076266381e-01 1.263887161746506671e-01 2.039478186760397245e-04 3.006249845891450434e+01 -1.263888796235420886e-01 9.919796843252405294e-01 1.468675247963730076e-03 -2.911612402976169189e+00 -1.668811372530595684e-05 -1.482674341722380875e-03 9.999989006985622320e-01 1.365926681213651683e-01
9.919858479516470151e-01 1.263489142462426995e-01 1.713064699150447588e-04 3.071977104673658943e+01 -1.263490285403499336e-01 9.919846906252276497e-01 1.515442365537172670e-03 -2.996164333453476658e+00 2.154110192324163540e-05 -1.524941786051016521e-03 9.999988370436035945e-01 1.390966988260191606e-01
9.919469232087569921e-01 1.266541616000207426e-01 1.577958726581738750e-04 3.137501228077686832e+01 -1.266542540984487153e-01 9.919457309249487542e-01 1.538451175381890575e-03 -3.081210701284703202e+00 3.832630153496923353e-05 -1.546047428473465955e-03 9.999988041335214906e-01 1.418835080575964191e-01
9.919281260507465392e-01 1.268013173100753233e-01 1.367162945652587106e-04 3.203628021174856855e+01 -1.268013751088433727e-01 9.919268850582618757e-01 1.570344740708847333e-03 -3.166851822092872748e+00 6.350921354290576138e-05 -1.575004930050434527e-03 9.999987576622682006e-01 1.445805380148392771e-01
9.919297148903469807e-01 1.267889156391727723e-01 1.077128541186353575e-04 3.270176419625847331e+01 -1.267889238985125955e-01 9.919284102621768184e-01 1.611739709893849704e-03 -3.252758995547471610e+00 9.750728995377907224e-05 -1.612389307770494516e-03 9.999986953456880823e-01 1.471886383519662722e-01
9.919142295951972610e-01 1.269100231443748006e-01 8.464940466002262177e-05 3.336543682344111517e+01 -1.269099900506232004e-01 9.919128739326871225e-01 1.644677911536989974e-03 -3.338731569259353105e+00 1.247612775592502217e-04 -1.642122278651558407e-03 9.999986439336181476e-01 1.499045138561383439e-01
9.919250255205961375e-01 1.268256308678050448e-01 5.580689181619812701e-05 3.404419704335266061e+01 -1.268255443209419797e-01 9.919236072407631166e-01 1.684850038998396415e-03 -3.426196381495409948e+00 1.583259956680165264e-04 -1.678322657356728616e-03 9.999985790819737597e-01 1.525447533553654367e-01
9.919017544040861223e-01 1.270075113670224576e-01 4.098674320661237214e-05 3.472055850015106415e+01 -1.270073957971049883e-01 9.919003008975382230e-01 1.707192342935967338e-03 -3.513927183225002526e+00 1.761714879750327545e-04 -1.698572699573458380e-03 9.999985419061473424e-01 1.554012929510899532e-01
9.918841180881703412e-01 1.271451766878313738e-01 1.851848949104691283e-05 3.537137484933563769e+01 -1.271450154997204873e-01 9.918826066997852298e-01 1.743437265950878749e-03 -3.598481876482536812e+00 2.033014715879129502e-04 -1.731642268605857425e-03 9.999984800406422902e-01 1.581179329065567352e-01
9.918627824497231460e-01 1.273115108867100553e-01 -5.461874507100506304e-07 3.604149387525441028e+01 -1.273113103847743344e-01 9.918612279683874933e-01 1.770512535866226303e-03 -3.685593100738472128e+00 2.259483681331808528e-04 -1.756035954338773346e-03 9.999984326413174918e-01 1.609394058939290773e-01
9.918059790326014813e-01 1.277532776464617714e-01 -4.385074992139915947e-06 3.670598915083163405e+01 -1.277530673939177019e-01 9.918044078641765626e-01 1.780540962387506003e-03 -3.772756107529838143e+00 2.318190806274077697e-04 -1.765390965619694592e-03 9.999984148260846473e-01 1.639708107028097217e-01
9.917229095170635444e-01 1.283965371503718311e-01 5.074975196603598143e-07 3.735298933008788680e+01 -1.283963339061581499e-01 9.917213326294256337e-01 1.783216378396481477e-03 -3.858465432440871812e+00 2.284555118521163495e-04 -1.768521695895133731e-03 9.999984100682960397e-01 1.670661332824048273e-01
9.915307027482935798e-01 1.298724961710987780e-01 1.610145042850784716e-05 3.800180257766757563e+01 -1.298723265753604916e-01 9.915291917551873890e-01 1.743760512458882202e-03 -3.946358522780208045e+00 2.105014723421013952e-04 -1.731083219163734917e-03 9.999984795188682218e-01 1.706349779814604339e-01
9.912655887981466352e-01 1.318807283383248152e-01 7.727333252068849159e-05 3.863717016995285292e+01 -1.318806544219453536e-01 9.912639838738477316e-01 1.790887311472541240e-03 -4.034947669782023461e+00 1.595852515602960426e-04 -1.785435822930142580e-03 9.999983933744591713e-01 1.741975174949095262e-01
9.896759809343654846e-01 1.433226595799613201e-01 2.608334265420608690e-04 3.929070647628278579e+01 -1.433228781501864335e-01 9.896732808265552572e-01 2.312971754221117456e-03 -4.146490040994773807e+00 7.336138997223120184e-05 -2.326475987048648702e-03 9.999972910601488962e-01 1.813405712410425252e-01
9.783027304972329308e-01 2.071786524356432069e-01 -8.795246479022636498e-04 4.010615221804305719e+01 -2.071785517373084251e-01 9.783031256836808298e-01 2.050966939344931632e-04 -4.374379060207363779e+00 9.029333707211631551e-04 -1.842801366307969109e-05 9.999995921858557679e-01 1.945028165766968797e-01
9.569332161943079340e-01 2.902910066599274641e-01 -3.154589984067760183e-03 4.097484372364755956e+01 -2.902984269998959976e-01 9.569335998456189873e-01 -2.215628488762085360e-03 -4.708784435260855439e+00 2.375556132166363379e-03 3.035981002131276588e-03 9.999925697487958010e-01 2.088054436256085999e-01
9.179376464564567017e-01 3.966623489783595025e-01 -7.032677834750783452e-03 4.198728161135733217e+01 -3.966867796911706656e-01 9.179507619475265612e-01 -2.449059966261829622e-03 -5.235492702649009011e+00 5.484202107205792508e-03 5.037854654894974651e-03 9.999722713897187809e-01 2.200432185576635113e-01
8.577501768712451069e-01 5.139998269990659896e-01 -8.295304308944484450e-03 4.301790421480048821e+01 -5.140266047310756425e-01 8.577731905716469152e-01 -1.342876179862773555e-03 -5.964143379571971160e+00 6.425251530310014531e-03 5.415859385447347081e-03 9.999646916818925035e-01 2.332824730807461222e-01
7.670941271105893300e-01 6.415293960694834485e-01 -2.575689821763022143e-03 4.388494401125625899e+01 -6.415337857327172433e-01 7.670932752179795422e-01 -1.519514985783280330e-03 -6.847758116028738407e+00 1.000980824130812477e-03 2.818003058462838651e-03 9.999955284382880949e-01 2.438430234792852147e-01
6.619483424511427572e-01 7.495490068889644197e-01 8.238252133758253984e-04 4.461370807070802869e+01 -7.495446227737491141e-01 6.619476195600206836e-01 -2.864946715583079496e-03 -7.846790169736912901e+00 -2.692747093752074355e-03 1.278952977534012370e-03 9.999955566866790546e-01 2.550916801915152909e-01
5.503603831442352989e-01 8.349224505696092313e-01 2.819966476914600399e-03 4.522442669230854051e+01 -8.349182427288831532e-01 5.503669873044265692e-01 -2.776554369670391608e-03 -8.966108949951861362e+00 -3.870224040316368099e-03 -8.263359073838656178e-04 9.999921692373520132e-01 2.682882448415657706e-01
4.220294116262383044e-01 9.065699523689370043e-01 4.700946142181566118e-03 4.564887270438308065e+01 -9.065680092716251748e-01 4.220461115515234396e-01 -3.394996241056872765e-03 -1.013883975803057602e+01 -5.061817625708051917e-03 -2.828939099786864902e-03 9.999831874121670738e-01 2.783512280889810508e-01
3.229054499853782345e-01 9.464126232995273558e-01 5.934557267122578424e-03 4.600083738244686060e+01 -9.464220345410792046e-01 3.229236052858772688e-01 -2.383238285886381171e-03 -1.140382537747686165e+01 -4.171935440992700569e-03 -4.847035111833130835e-03 9.999795503942007224e-01 2.766184832721390041e-01
2.200735977825805101e-01 9.754544105350617667e-01 7.503771882900738856e-03 4.622943971319040202e+01 -9.754767891793391099e-01 2.200936681028069497e-01 -1.952715723954504684e-03 -1.274506632976133602e+01 -3.556317859246736941e-03 -6.890014106540692795e-03 9.999699397032656423e-01 2.752900327971143923e-01
1.399756295711042930e-01 9.901247332671356816e-01 7.735486156078327097e-03 4.636537139294478749e+01 -9.901532946807243274e-01 1.399854095158337142e-01 -7.349845793402203778e-04 -1.407794417825229161e+01 -1.810581627453250507e-03 -7.556437152714527705e-03 9.999698105707865992e-01 2.607364590552077033e-01
8.932799737475929924e-02 9.959744745607606031e-01 7.440228320182100570e-03 4.643883507530421895e+01 -9.960022232171880097e-01 8.932765316233949593e-02 3.792301585124912048e-04 -1.530780956244971946e+01 -2.869145997456345955e-04 -7.444359799639859755e-03 9.999722492091822623e-01 2.794784505949730047e-01
6.059260790468382063e-02 9.981341688706646398e-01 7.531192548552983340e-03 4.648792485259473750e+01 -9.981625807819474172e-01 6.059100377711489072e-02 4.411899693949087806e-04 -1.650507792632224380e+01 -1.595575607950508766e-05 -7.544087422760728870e-03 9.999715428409219342e-01 3.221816631446259294e-01
4.680617192508917945e-02 9.988765233651296649e-01 7.407793473715345786e-03 4.653610736940893133e+01 -9.989039093160434479e-01 4.680187183861721917e-02 7.528675364590368610e-04 -1.772567838300464160e+01 4.053230823859890579e-04 -7.434912689579253192e-03 9.999722785096508693e-01 3.360774286143133338e-01
3.980164298968329878e-02 9.991807051186331057e-01 7.331425468847836344e-03 4.658142748293364122e+01 -9.992074244123009263e-01 3.979619386102935946e-02 8.877040756442322079e-04 -1.896254702190323727e+01 5.952139303798108802e-04 -7.360946822964917723e-03 9.999727307199597348e-01 3.422909053150040570e-01
2.399384396164960798e-02 9.996876486885126756e-01 6.993038445543618524e-03 4.660267572824414373e+01 -9.997115151096748198e-01 2.398562882213494188e-02 1.256280946100451915e-03 -2.027250303031205547e+01 1.088156095127149493e-03 -7.021164052178434194e-03 9.999747592679354424e-01 3.619140669841893754e-01
6.709308881366210682e-03 9.999551825856431986e-01 6.679825365572696592e-03 4.659957300945884384e+01 -9.999762250977830558e-01 6.698511677964365946e-03 1.637453058982232161e-03 -2.157702384102780968e+01 1.592634757751086594e-03 -6.690652716328353462e-03 9.999763490613440275e-01 3.850165559191984777e-01
-1.009510851225308217e-02 9.999292239363591905e-01 6.295869846982211741e-03 4.657516700994617054e+01 -9.999468384891954109e-01 -1.010811040231926299e-02 2.036755777473486968e-03 -2.291114763256225118e+01 2.100250943791213704e-03 -6.274973864354238019e-03 9.999781065854770334e-01 4.082489501298729451e-01
-2.209901140606460035e-02 9.997366729372687555e-01 6.182277497586439845e-03 4.653901515988052751e+01 -9.997527895921846097e-01 -2.211366770663298481e-02 2.312461596236230557e-03 -2.422435572564471329e+01 2.448565464425651352e-03 -6.129646045566253774e-03 9.999782157466352572e-01 4.224497310180646004e-01
-3.336099067219532727e-02 9.994246656484847557e-01 6.114251939989136242e-03 4.648750016783477435e+01 -9.994395649471140564e-01 -3.337711671106097233e-02 2.554638908284174136e-03 -2.556748006418717267e+01 2.757245208416822611e-03 -6.025600001211160392e-03 9.999780446313772941e-01 4.359163607277203312e-01
-4.675377954926820262e-02 9.988888381331800792e-01 5.930871534613830522e-03 4.642011406307826604e+01 -9.989014265258029379e-01 -4.677154138032901809e-02 2.892246108781459327e-03 -2.683199967270391184e+01 3.166428328858901260e-03 -5.789132587526783953e-03 9.999782296014420035e-01 4.530789257728375929e-01
-5.697201821116778392e-02 9.983585512547140661e-01 5.864670579252003781e-03 4.634373230517064712e+01 -9.983697481902445992e-01 -5.699110472538246319e-02 3.140376373511915252e-03 -2.807011426248133290e+01 3.469455631424336189e-03 -5.676196097920180317e-03 9.999778715935611073e-01 4.654836491945868460e-01
-6.016346003634113343e-02 9.981712700822488182e-01 5.871604740922806501e-03 4.625960877962531015e+01 -9.981825178359886586e-01 -6.018248803030953192e-02 3.119503814155348640e-03 -2.941708110957334199e+01 3.467166835855495753e-03 -5.673253049491872035e-03 9.999778962333506493e-01 4.729001339804663750e-01
-6.108656911752115282e-02 9.981153676654909157e-01 5.843456750840148213e-03 4.618543219906615604e+01 -9.981264828586148274e-01 -6.110543771774646499e-02 3.106731490086284651e-03 -3.061904497478358778e+01 3.457943395643480865e-03 -5.642729355155049441e-03 9.999781008773171997e-01 4.790007824698871985e-01
-6.115199106986353439e-02 9.981119894691938832e-01 5.735202647310705046e-03 4.613192307534357184e+01 -9.981226104696403478e-01 -6.117030586245351953e-02 3.074123111087677471e-03 -3.148244991128458636e+01 3.419143204114192050e-03 -5.536446677693364522e-03 9.999788283855032267e-01 4.843533962932755621e-01
-6.359408098785379604e-02 9.979596062150738467e-01 5.693795726556173491e-03 4.605440257203646581e+01 -9.979698822768380273e-01 -6.361239450870619094e-02 3.095063198810252443e-03 -3.267613930879772965e+01 3.450944000754697580e-03 -5.485408940199367790e-03 9.999790004172944835e-01 4.914088064130965883e-01
-6.501317598498779216e-02 9.978686716709352922e-01 5.603849525214868281e-03 4.598242825836143055e+01 -9.978784688738500108e-01 -6.503113678511625306e-02 3.084589026152394046e-03 -3.374943123879711493e+01 3.442439428846672846e-03 -5.391421844037615381e-03 9.999795408820060238e-01 4.978602950997164100e-01
-6.557971309818505512e-02 9.978317302159529500e-01 5.580455864733155531e-03 4.590162592152608312e+01 -9.978414703324653967e-01 -6.559747547514792332e-02 3.061597469079384813e-03 -3.497496338439658814e+01 3.421022886239405338e-03 -5.367631590824986469e-03 9.999797423622271975e-01 5.039439774980811748e-01
-6.589375993908427875e-02 9.978110943633661245e-01 5.570857199314788871e-03 4.582047873545888450e+01 -9.978208370984976705e-01 -6.591139886313335250e-02 3.044114812631017707e-03 -3.620549344515397650e+01 3.404634493183186263e-03 -5.358129212591471006e-03 9.999798492552828266e-01 5.098273993615061173e-01
-6.855172122281139035e-02 9.976321849246135853e-01 5.539603171644818733e-03 4.573436623064769435e+01 -9.976416499395259763e-01 -6.856937854522195119e-02 3.062795259443823730e-03 -3.743377797597469225e+01 3.435390243209127722e-03 -5.316578950835175975e-03 9.999799658410389869e-01 5.170374244100455208e-01
-6.931069776484199974e-02 9.975803053039078439e-01 5.437253764269519597e-03 4.566411974075572999e+01 -9.975893104612856277e-01 -6.932786997396576945e-02 3.035816398387220123e-03 -3.842318309009176858e+01 3.405423841286037232e-03 -5.213731670326698757e-03 9.999806098579313574e-01 5.230572087121792002e-01
-7.010715791861095447e-02 9.975250972118194781e-01 5.354336983839569179e-03 4.560763420527688794e+01 -9.975337608780805443e-01 -7.012390215021981066e-02 3.006050338997242732e-03 -3.919736342440217669e+01 3.374077629185908301e-03 -5.130386252545774024e-03 9.999811471914665795e-01 5.285151217403329937e-01
-7.042610050361378105e-02 9.975028384823527716e-01 5.315418226093469173e-03 4.555290730679715239e+01 -9.975113008219845812e-01 -7.044271179835040475e-02 3.005190494997374284e-03 -3.995395765869537286e+01 3.372118492953041571e-03 -5.090545891255594639e-03 9.999813574065810062e-01 5.336589465658936327e-01
-7.057005489692595723e-02 9.974926964925959760e-01 5.309414203930815958e-03 4.550068284580945743e+01 -9.975010792559220185e-01 -7.058671731826796081e-02 3.018990640305891249e-03 -4.067789852033618558e+01 3.386195203818439387e-03 -5.083096053402287422e-03 9.999813477349781543e-01 5.386602537618419007e-01
-7.032624879312500410e-02 9.975099769040114417e-01 5.297810024999436568e-03 4.544575796063536188e+01 -9.975182087893208482e-01 -7.034301318822223925e-02 3.047246680520032235e-03 -4.145096433856420504e+01 3.412322856104341249e-03 -5.070360528460302746e-03 9.999813235746689566e-01 5.434956925618763535e-01
-7.110503985814012329e-02 9.974548614641092215e-01 5.279652623254308536e-03 4.535625795003275584e+01 -9.974630986984561742e-01 -7.112158475563008786e-02 3.014796797027659726e-03 -4.269676432468961735e+01 3.382620952850191789e-03 -5.051891409286518933e-03 9.999815179642010943e-01 5.495703056182592583e-01
-7.103143334754261073e-02 9.974602523497670958e-01 5.251908450079499288e-03 4.529935111788641677e+01 -9.974682751587645724e-01 -7.104799619687017509e-02 3.037164996254774173e-03 -4.348627972898134431e+01 3.402588904941556379e-03 -5.022877870114978577e-03 9.999815963746311320e-01 5.545543123219958126e-01
-7.110019106716332360e-02 9.974554766941590156e-01 5.228472671478811423e-03 4.521648058572812090e+01 -9.974633084414380457e-01 -7.111678092760406744e-02 3.058409155369287095e-03 -4.465620703364555055e+01 3.422459077278670100e-03 -4.997756163853898231e-03 9.999816544359705350e-01 5.602208670530384182e-01
-7.108686538348611694e-02 9.974563116851021816e-01 5.250326936296611895e-03 4.516607144038589894e+01 -9.974641683100126111e-01 -7.110365381344913027e-02 3.083088548521111666e-03 -4.535327535862332837e+01 3.448563530758428503e-03 -5.017845880385842297e-03 9.999814641450134323e-01 5.651304134264623080e-01
-7.070662093270395354e-02 9.974829317030505793e-01 5.326987967647831695e-03 4.512326571948723597e+01 -9.974909431272518390e-01 -7.072402041380095039e-02 3.151729465799716322e-03 -4.595099980730434908e+01 3.520542322765858514e-03 -5.090774101225214142e-03 9.999808447175946302e-01 5.689248571528411347e-01
-7.025885481274532496e-02 9.975142470654954074e-01 5.387235394797854765e-03 4.507498722661508594e+01 -9.975223897624841962e-01 -7.027673153872493472e-02 3.203905396008805556e-03 -4.663516806722127939e+01 3.574538543749102102e-03 -5.148785191018234557e-03 9.999803561503426419e-01 5.736563481832819278e-01
-6.958488383311711711e-02 9.975615877859854708e-01 5.368854558715696265e-03 4.501880150992739260e+01 -9.975695460701435868e-01 -6.960283543995608724e-02 3.232357519482721535e-03 -4.744537662301207348e+01 3.598163169133169852e-03 -5.130882572414454182e-03 9.999803634407761210e-01 5.786277817283851377e-01
-6.891096560540538318e-02 9.976083265896069641e-01 5.376580869865530896e-03 4.496480935761589137e+01 -9.976161699172572117e-01 -6.892917649874183428e-02 3.278449303136194218e-03 -4.823092680251245667e+01 3.641211584113926598e-03 -5.137842897308302417e-03 9.999801718783590809e-01 5.834391519896033884e-01
-6.813773373168617586e-02 9.976618152801381978e-01 5.306002007580716204e-03 4.490666783107911186e+01 -9.976693346701450693e-01 -6.815565085135338874e-02 3.272307883375017139e-03 -4.909398158822484959e+01 3.626290612622241460e-03 -5.070667839368361331e-03 9.999805689839008638e-01 5.887131075932443558e-01
-6.689374665975550416e-02 9.977458007920493310e-01 5.342821647604991536e-03 4.485550116231104312e+01 -9.977532799515173023e-01 -6.691213722445629730e-02 3.340706679727424664e-03 -4.987539337420016494e+01 3.690675645786483782e-03 -5.107345426639878054e-03 9.999801467715653258e-01 5.931995943050236697e-01
-6.576080554032913417e-02 9.978207082492207558e-01 5.417815719821638364e-03 4.480849743901063675e+01 -9.978282812377125000e-01 -6.577989918485739607e-02 3.424632601586458103e-03 -5.060412195229768884e+01 3.773552668844853963e-03 -5.180843138880475776e-03 9.999794593720093827e-01 5.976469609250147919e-01
-6.290676622905400084e-02 9.980038990266921761e-01 5.564024964443860591e-03 4.476464164415435221e+01 -9.980118119304388635e-01 -6.292706276348059014e-02 3.551070618089239433e-03 -5.134648079472495397e+01 3.894110039470013301e-03 -5.329576256437724285e-03 9.999782155253376104e-01 6.015957869038794925e-01
-6.080716370317977570e-02 9.981335815928411570e-01 5.643068568243607766e-03 4.471970225654590791e+01 -9.981415916935773014e-01 -6.082826046505422635e-02 3.645235742893891077e-03 -5.212914234843317729e+01 3.981690221061375337e-03 -5.410924985244020165e-03 9.999774337629321330e-01 6.057553880296993043e-01
-5.566080622288244878e-02 9.984324237425090676e-01 5.879792113418822949e-03 4.468268769508000560e+01 -9.984413211010746414e-01 -5.568355044226457745e-02 3.777911151793099474e-03 -5.286789604163585210e+01 4.099396657076848603e-03 -5.660345813358467169e-03 9.999755774185868917e-01 6.099608181565496778e-01
-5.245765889013903616e-02 9.986049153170484249e-01 6.034833353418302300e-03 4.464642596579117395e+01 -9.986142661464870729e-01 -5.248172507707905138e-02 3.901034019419389546e-03 -5.361701899469866817e+01 4.212310179694801066e-03 -5.821831556596504531e-03 9.999741810274864751e-01 6.142412538448969173e-01
-4.447734620813508649e-02 9.989900681430905482e-01 6.372716209091561397e-03 4.461950872614474406e+01 -9.990011025356111407e-01 -4.450354013822009625e-02 4.029160396476225495e-03 -5.435744157976612456e+01 4.308699618617015288e-03 -6.187144144150200781e-03 9.999715767741870209e-01 6.189159022268428956e-01
-3.657583222015377278e-02 9.993083530086249722e-01 6.710156012362004756e-03 4.459844155065406568e+01 -9.993211718472956306e-01 -3.660425170943044926e-02 4.162492428394845914e-03 -5.509676132641186541e+01 4.405233660622167799e-03 -6.553354330875485814e-03 9.999688232463720405e-01 6.236727782744178050e-01
-2.743387026604785298e-02 9.995985319400317870e-01 7.082357809003946361e-03 4.458442636554736538e+01 -9.996135993131108899e-01 -2.746463301682140062e-02 4.283466782621357140e-03 -5.585300094629547374e+01 4.476261433299690874e-03 -6.962109094054667012e-03 9.999657454742451046e-01 6.287226745037783893e-01
-8.525017134113410666e-03 9.999336316902693866e-01 7.749734573054550303e-03 4.459289949731627445e+01 -9.999530362274428041e-01 -8.560398900216311530e-03 4.543896800032161572e-03 -5.657901245959421743e+01 4.609936016055480971e-03 -7.710633801161033939e-03 9.999596464946146623e-01 6.344040764828484669e-01
2.341126935221875954e-02 9.996889636974181093e-01 8.595953223487709169e-03 4.463782948934704109e+01 -9.997136743721442009e-01 2.336756010737269310e-02 5.150581565266893619e-03 -5.732033613949331396e+01 4.948113060438850616e-03 -8.714073614359963207e-03 9.999497892891927586e-01 6.404330952089907214e-01
9.789811309776422221e-02 9.951593087996513098e-01 8.597197830302393678e-03 4.478403929487017621e+01 -9.951770191969454560e-01 9.783857564841608179e-02 7.093364943155692874e-03 -5.802890417761625486e+01 6.217890528065764082e-03 -9.250160726734632868e-03 9.999378842534588641e-01 6.447214515974208915e-01
1.856966483642114307e-01 9.825721811678908013e-01 8.286498192768816315e-03 4.501914213175594881e+01 -9.825811283363713455e-01 1.856237916206746330e-01 8.839496153462389136e-03 -5.879345173227100219e+01 7.147271764977604878e-03 -9.783621518695200664e-03 9.999265959347726218e-01 6.490797489050232905e-01
2.991987575355228857e-01 9.541545428915955140e-01 8.319530008762321058e-03 4.540176809710830952e+01 -9.541705292578389619e-01 2.991241757002078283e-01 9.128604391598642634e-03 -5.964331193687313259e+01 6.221526761181643550e-03 -1.066951740401023661e-02 9.999237240932788984e-01 6.551380571699128019e-01
4.250569856917022493e-01 9.051118207182692332e-01 9.957578813321599220e-03 4.592678431204159750e+01 -9.051613431876464055e-01 4.249913324872032216e-01 8.081619530260810910e-03 -6.049151716534684908e+01 3.082884653256514566e-03 -1.244836419992204068e-02 9.999177636446711093e-01 6.645310828288581995e-01
5.472425305305924637e-01 8.369117079584169616e-01 1.021805616022703790e-02 4.666188028714178415e+01 -8.369714760653049757e-01 5.471695727755044869e-01 9.176583921017663487e-03 -6.142865337333213205e+01 2.088981080167909808e-03 -1.357403849564215240e-02 9.999056863715721777e-01 6.761437084865264957e-01
6.504108046757846040e-01 7.594925455614891519e-01 1.169874590567855123e-02 4.737387500417830211e+01 -7.595818454661689145e-01 6.503552589213414947e-01 8.570851155139983316e-03 -6.208519150017325927e+01 -1.098843371619461721e-03 -1.446072913352997209e-02 9.998948343986215903e-01 6.831145079713150103e-01
7.424921007989735422e-01 6.697283979555308520e-01 1.301364789799111174e-02 4.817495319880925564e+01 -6.698432112225134460e-01 7.424534849835990880e-01 8.537963644574814506e-03 -6.265789707344941206e+01 -3.943911523433634575e-03 -1.505647418698492085e-02 9.998788667371651950e-01 6.863235315905384937e-01
8.247628177923818082e-01 5.652959555295672400e-01 1.437978344917039200e-02 4.909559171339726902e+01 -5.654388944152438645e-01 8.247400689236323856e-01 9.092662825886079631e-03 -6.315648947556421433e+01 -6.719538070545130228e-03 -1.563017898952089035e-02 9.998552621820860908e-01 6.873124753761734596e-01
9.132235959380836654e-01 4.072628511612857993e-01 1.263467616594013757e-02 5.045114847585001883e+01 -4.073847978546891735e-01 9.132096060990211317e-01 9.265147666796898565e-03 -6.363934003927077754e+01 -7.764757175214360117e-03 -1.360832638755333536e-02 9.998772534662837552e-01 6.919482204754869858e-01
9.453013066888755755e-01 3.259856157158484424e-01 1.178214638578469788e-02 5.153072682683257710e+01 -3.261067948967928398e-01 9.452752483181927623e-01 1.044338517499357119e-02 -6.394435306632588123e+01 -7.732977985429079736e-03 -1.371438357160608551e-02 9.998760506858170860e-01 6.898294663375275082e-01
