1.000000000000000000e+00 0.000000000000000000e+00 0.000000000000000000e+00 0.000000000000000000e+00 0.000000000000000000e+00 1.000000000000000000e+00 0.000000000000000000e+00 0.000000000000000000e+00 0.000000000000000000e+00 0.000000000000000000e+00 1.000000000000000000e+00 0.000000000000000000e+00
1.000000000000000000e+00 4.058926462141566172e-18 1.482559301547000710e-19 5.070089059699967038e-08 1.415490489354829677e-17 1.000000000000000000e+00 1.861327792039218277e-20 -5.148592805239000279e-10 -6.910721269617014515e-19 3.748740853942266993e-20 1.000000000000000000e+00 -2.499995025573298335e-05
1.000000000000000000e+00 8.117852924283132344e-18 2.965118603094001420e-19 9.937375011759286281e-08 2.830980978709659354e-17 1.000000000000000000e+00 3.722655584078436553e-20 -1.009141243420187141e-09 -1.382144253923402903e-18 7.497481707884533985e-20 1.000000000000000000e+00 -4.899990199191961437e-05
1.000000119209289551e+00 4.754415931530177276e-05 -6.323464185697928058e-05 6.020802595770646803e-03 -4.755163899969272413e-05 1.000000000000000000e+00 9.436115760763677022e-06 -4.366550234638545973e-05 6.323427078313987302e-05 -9.433068953512627598e-06 1.000000119209289551e+00 -9.388410217070486397e-05
9.999997724509965824e-01 7.447520574545733263e-04 -3.097117814262953647e-04 6.696983193996641770e-02 -7.447478555654862180e-04 9.999996685429368704e-01 3.935150303899202919e-05 -1.150067072042959548e-03 3.097404649188017253e-04 -3.912088258971716285e-05 1.000000043736663846e+00 -5.830444690912983674e-05
9.999983977213768860e-01 1.789904295066900314e-03 -3.106970165098275460e-04 1.541651227069452679e-01 -1.789902831549357700e-03 9.999984135886309522e-01 3.275782074729391788e-05 -2.928489934840612305e-03 3.107542394375217842e-04 -3.220158545048291179e-05 1.000000043690997042e+00 1.225640870221589296e-04
9.999927330278270965e-01 3.837598207537280554e-03 -2.236216453202971100e-04 3.237209253010722154e-01 -3.837604971199779554e-03 9.999926623760320155e-01 2.831365457403252800e-05 -6.649586803313994182e-03 2.237276859422374531e-04 -2.745524988056699691e-05 1.000000070890556536e+00 5.516059412999929634e-04
9.999801424485305068e-01 6.310567207766353166e-03 -2.270901790612305470e-04 5.242948791332830982e-01 -6.310575036362358996e-03 9.999800725001325441e-01 3.068012242926155734e-05 -1.157559957853984862e-02 2.272790828543774018e-04 -2.924649429199517307e-05 1.000000070047917466e+00 8.864668131431940878e-04
9.999574176280474624e-01 9.230642957006707228e-03 -2.516415702967625986e-04 7.565655730575135962e-01 -9.230638370039635429e-03 9.999574128051061939e-01 2.947034957769629273e-05 -1.796889598349586670e-02 2.519021642338505605e-04 -2.714627509759526109e-05 1.000000004905006401e+00 1.360683562472431163e-03
9.999134150515137653e-01 1.316440292269285134e-02 -2.535221881760578010e-04 1.060840073679009343e+00 -1.316440833646287389e-02 9.999133511817616116e-01 3.050122265712708184e-05 -2.757512983263865625e-02 2.539009737308845979e-04 -2.716115203484325809e-05 1.000000004401385922e+00 1.987955672748675795e-03
9.998601785560301547e-01 1.672732145089824568e-02 -5.195632078585617962e-05 1.321322313441774199e+00 -1.672730664586180582e-02 9.998599931328185919e-01 4.841863242416509462e-04 -3.843336869380019338e-02 6.004794840414914267e-05 -4.832494864561417470e-04 9.999999224553838273e-01 2.779411075467752568e-03
9.997325247940193060e-01 2.296407769773886609e-02 2.785362303415046554e-03 1.742720405797127725e+00 -2.297781026161991799e-02 9.997235758118498961e-01 4.997926148022279087e-03 -6.960108264356354435e-02 -2.669820109975472137e-03 -5.060589979221178855e-03 9.999836984723506905e-01 7.609644223126821316e-03
9.995338658878843985e-01 3.004409825220798885e-02 5.426718803014116653e-03 2.199663143042211999e+00 -3.008570801339597450e-02 9.995172779591642298e-01 7.756004454657070175e-03 -1.007774342371459547e-01 -5.191076984467008111e-03 -7.915655200298913480e-03 9.999552844343120306e-01 1.231702038479309813e-02
9.993747784850128824e-01 3.468613753454542759e-02 6.859146025244781952e-03 2.626758949402168142e+00 -3.475118731267336919e-02 9.993498421620763406e-01 9.602689490318552443e-03 -1.278424001460230774e-01 -6.521607529430342026e-03 -9.835053443105919863e-03 9.999304452318094061e-01 1.508776176132164970e-02
9.992400433454889930e-01 3.818075714853361863e-02 7.859155138094138168e-03 3.177047558965151897e+00 -3.827139317372774130e-02 9.991986343795258296e-01 1.172219692876646721e-02 -1.594465892051163403e-01 -7.405295178823216758e-03 -1.201407188060698954e-02 9.999005487488348276e-01 1.820838607396146891e-02
9.990863759774059050e-01 4.161197205353275169e-02 9.755119582920298432e-03 3.658581877223210377e+00 -4.175354754316444594e-02 9.990185872543271284e-01 1.478725128252888349e-02 -1.929522237315983990e-01 -9.130216862965284327e-03 -1.518105638535918039e-02 9.998431566601559961e-01 2.221660150919735344e-02
9.988613722674933859e-01 4.616004665636629783e-02 1.206039893717907388e-02 4.265473551149400855e+00 -4.636367410512252929e-02 9.987767344675289038e-01 1.718753338119925408e-02 -2.337035237458273684e-01 -1.125227261775951781e-02 -1.772712290805994115e-02 9.997796812136964251e-01 2.655125034354099967e-02
9.985776833980566369e-01 5.157134147160311738e-02 1.353495443877423751e-02 4.942833415288404808e+00 -5.182182117202067950e-02 9.984783218433552765e-01 1.885710953174317070e-02 -2.802394136133624092e-01 -1.254186795249500122e-02 -1.953169619092540166e-02 9.997307470118921291e-01 2.963990613143741015e-02
9.982417418487323779e-01 5.756930215562684056e-02 1.411628889427336137e-02 5.640294601316890422e+00 -5.785035864889725987e-02 9.981172001607799826e-01 2.038299895632719391e-02 -3.321115675408756740e-01 -1.291627552009947354e-02 -2.116379867331227849e-02 9.996927236587124233e-01 3.228639830306123670e-02
9.978804339452242989e-01 6.396371726356253617e-02 1.196862961646424396e-02 6.324626960418094690e+00 -6.425265697398054032e-02 9.976064286053292207e-01 2.555535062278096667e-02 -3.980564235200806933e-01 -1.030536029982155079e-02 -2.627020147191236679e-02 9.996019682503439752e-01 3.731360535278582802e-02
9.973379205392530755e-01 7.249706866691330021e-02 7.827997204184422575e-03 7.126024534515959630e+00 -7.270080653913983670e-02 9.969029204853809834e-01 2.998573715242104296e-02 -4.774236814075822899e-01 -5.629872611460889041e-03 -3.047502016435133312e-02 9.995198553013145970e-01 4.297356578333300092e-02
9.966543696063338009e-01 8.153279431482292339e-02 5.702478913858757305e-03 7.845862873648353997e+00 -8.167175467459028559e-02 9.961708659952873690e-01 3.119849361117260980e-02 -5.493978635220114759e-01 -3.136940511140035200e-03 -3.155984311040883200e-02 9.994971372984809976e-01 4.539387720849563657e-02
9.964012625911645715e-01 8.465984486091211736e-02 4.157143401125989492e-03 8.759244992052337864e+00 -8.474830875829507393e-02 9.959199110297657365e-01 3.100508861261414006e-02 -6.296769474411747503e-01 -1.515292981547140773e-03 -3.124582546476140782e-02 9.995106789916012868e-01 4.637196345820115972e-02
9.960483093744438854e-01 8.876519909000689379e-02 2.935135388015461949e-03 9.754321786807475192e+00 -8.881312949619026009e-02 9.956183790682490153e-01 2.926215384247260118e-02 -7.170594499621593121e-01 -3.248105403910042720e-04 -2.940719908298809054e-02 9.995676214039618257e-01 4.626184743036443336e-02
9.956127227375244360e-01 9.353330272007032153e-02 2.598958857988755301e-03 1.073972026335397700e+01 -9.356939716977322186e-02 9.952181112422578968e-01 2.803061670622997159e-02 -8.103927217149929918e-01 3.526888528639471034e-05 -2.815081782539458066e-02 9.996037671247581802e-01 4.699419281917860403e-02
9.952003747145733437e-01 9.784291288127576480e-02 1.717312436841181419e-03 1.149843115530604365e+01 -9.785472234400791058e-02 9.948707835997715465e-01 2.562543244543442900e-02 -8.822751178579868458e-01 7.987655172775464264e-04 -2.567049579322999014e-02 9.996702253526897897e-01 4.669237423406435994e-02
9.944800782482744461e-01 1.049239899209878507e-01 -6.409068120185242587e-04 1.252011692310108693e+01 -1.048921748434086670e-01 9.942963880712494262e-01 1.929998014032435760e-02 -9.774910126824757350e-01 2.662285765587483078e-03 -1.912621974509674805e-02 9.998136459780101459e-01 4.297639964619293096e-02
9.939936858921318841e-01 1.093207087370066805e-01 -5.055484498360933096e-03 1.348972215005448483e+01 -1.092697030722829116e-01 9.939672960400320889e-01 9.454679806030583111e-03 -1.060254084807964237e+00 6.058581757871169850e-03 -8.845483792052395364e-03 9.999426210324191544e-01 3.520143402514408493e-02
9.938364532172385690e-01 1.107221234583973674e-01 -5.454257270954997704e-03 1.433878791742938752e+01 -1.106868765673115901e-01 9.938348682727671246e-01 6.389133446446890706e-03 -1.147856626528539481e+00 6.128052137051513519e-03 -5.746042469709771762e-03 9.999648813201432729e-01 3.252115872562999499e-02
9.936167323324307521e-01 1.128073926487244000e-01 -6.129270746584190768e-04 1.520196298986653183e+01 -1.128058159073953987e-01 9.936148644467482915e-01 2.163953858971356427e-03 -1.237039723045921802e+00 8.531266948331805251e-04 -2.081002117270586670e-03 9.999976007830850833e-01 3.262551960637205539e-02
9.933855492442262847e-01 1.147927506497880834e-01 2.794298363901667661e-03 1.595678429626359041e+01 -1.147889562772300698e-01 9.933889142699344754e-01 -1.482320740315514699e-03 -1.317505956376354703e+00 -2.945981728218337488e-03 1.151757868306313350e-03 9.999950625722956454e-01 3.174602815990890115e-02
9.931856630170712297e-01 1.165330260467323104e-01 1.519783302945707827e-03 1.652058601570806218e+01 -1.165324357619626910e-01 9.931869557758501443e-01 -4.677833118186675563e-04 -1.388390045473243628e+00 -1.563938228229074271e-03 2.874881117206944591e-04 9.999988761320964814e-01 3.300486377600719834e-02
9.930242939449202000e-01 1.179099035033720766e-01 1.762043085592322918e-04 1.690609782407835482e+01 -1.179098875084356179e-01 9.930244465639487261e-01 -8.987694405954469541e-05 -1.436687697872201630e+00 -1.855691288913924710e-04 6.847024540274922839e-05 1.000000141182000979e+00 3.451369904739620686e-02
9.928825050519288764e-01 1.190977034750568264e-01 4.055842699369272605e-04 1.719087792226202183e+01 -1.190975445595085919e-01 9.928827330623503089e-01 -3.518152877684041632e-04 -1.471938856963231235e+00 -4.445947241372756207e-04 3.010036549033860698e-04 1.000000017619093740e+00 3.504095925472627826e-02
9.928332168540429103e-01 1.195042845826228273e-01 9.460540264814628481e-04 1.730007708868197724e+01 -1.195039054197266915e-01 9.928338390684515735e-01 -4.301549605793940508e-04 -1.485752677070300898e+00 -9.906765022710160244e-04 3.140114834806714589e-04 9.999995920397393157e-01 3.499875026873100481e-02
9.928335127808713967e-01 1.195036887224623645e-01 6.521958087392559561e-04 1.731127682146389191e+01 -1.195034792487101177e-01 9.928339353552749769e-01 -3.165550383815640884e-04 -1.487370285639293410e+00 -6.853491561247867375e-04 2.363433207371930407e-04 9.999999189100138297e-01 3.500844667060998283e-02
9.928339021045913260e-01 1.195023704738210346e-01 -2.358651953212344255e-04 1.731375768338481080e+01 -1.195023853883533244e-01 9.928342152907406737e-01 -2.046148507314459451e-04 -1.487695554380470186e+00 2.097266012422157406e-04 2.313315745501285411e-04 1.000000116300287845e+00 3.496448310395150472e-02
9.928338251307106122e-01 1.195023716933319713e-01 -3.086661562944779317e-04 1.731584010148654329e+01 -1.195023993731603174e-01 9.928342130048687375e-01 -2.050988388949608152e-04 -1.487984717276283453e+00 2.819476563568571598e-04 2.405120140335410025e-04 1.000000039425158249e+00 3.497177072704271694e-02
9.928327862247053881e-01 1.195106790984065831e-01 -2.391157700771331680e-04 1.735567690656451134e+01 -1.195106972739638784e-01 9.928331529699233604e-01 -2.138019289796916562e-04 -1.492700068176427308e+00 2.118536150772702502e-04 2.408430442070313439e-04 1.000000059108244521e+00 3.511370175587158471e-02
9.928262428626042357e-01 1.195650238478389860e-01 -2.478661207791621316e-04 1.745528735028834078e+01 -1.195650401588717604e-01 9.928266117303580218e-01 -2.109841796547383766e-04 -1.504841523658789981e+00 2.208644708491116582e-04 2.391033382928791468e-04 1.000000057618302352e+00 3.531593341352401438e-02
9.928141778520483962e-01 1.196661472612366439e-01 -2.701673338208396540e-04 1.760119016393715086e+01 -1.196661793951351166e-01 9.928144335105850704e-01 -2.084275854531758630e-04 -1.522484263809614990e+00 2.432870278027792204e-04 2.392563115751006277e-04 9.999999930252708724e-01 3.555123247990454871e-02
9.927993292487411470e-01 1.197888412214827836e-01 -2.673990418258768878e-04 1.776804355254059686e+01 -1.197888790109438439e-01 9.927996448511571259e-01 -2.090701629883379435e-04 -1.542728858381850365e+00 2.404324665233827010e-04 2.395927140073935801e-04 9.999999936392510724e-01 3.589204518961119916e-02
9.927786326495550151e-01 1.199599017766574821e-01 -2.598997686928135168e-04 1.800291855524823958e+01 -1.199599282675741785e-01 9.927789450059194554e-01 -2.101262347724158503e-04 -1.571347985562814742e+00 2.328189761632076728e-04 2.397829784956799514e-04 9.999999954237808186e-01 3.634999794897275649e-02
9.927572610126622621e-01 1.201367741499078517e-01 -2.588239708459295668e-04 1.824395012262328208e+01 -1.201368004220801228e-01 9.927575730480018290e-01 -2.103654337475510964e-04 -1.600725975832719472e+00 2.316803104698201047e-04 2.399326825666387277e-04 9.999999956531218093e-01 3.686642917234372874e-02
9.927270617801332575e-01 1.203858253734912537e-01 -2.616602841031272393e-04 1.857862561217009656e+01 -1.203858519928329152e-01 9.927273744906709441e-01 -2.100855869567516405e-04 -1.641604205691752139e+00 2.344681798102038006e-04 2.400544202496190558e-04 9.999999949778760611e-01 3.759399708669830531e-02
9.926966201472018358e-01 1.206368379968308785e-01 -2.629820839137833491e-04 1.890156758082431310e+01 -1.206368775076699373e-01 9.926968748302357204e-01 -2.093589411633719382e-04 -1.681218070822449340e+00 2.358087131316182676e-04 2.395518202209386514e-04 9.999999947846661685e-01 3.821474775307631688e-02
9.926559902567891891e-01 1.209701958730684257e-01 -2.598486643108478909e-04 1.931328235493998591e+01 -1.209702310077852005e-01 9.926563035677673508e-01 -2.101495431177772568e-04 -1.731790250306678436e+00 2.325211350645289973e-04 2.400367291525916076e-04 9.999999954431930682e-01 3.908277589384789863e-02
9.926108867511215239e-01 1.213403077018786747e-01 -2.600449722882978531e-04 1.974047030021764826e+01 -1.213403403935136432e-01 9.926112000520934675e-01 -2.091249190099673681e-04 -1.784467792774238948e+00 2.327513028143438935e-04 2.391301969393547124e-04 9.999999956075026342e-01 3.995421496149997864e-02
9.925503296225655081e-01 1.218342270354933338e-01 -2.591799790599690089e-04 2.026752223689644339e+01 -1.218342494730600134e-01 9.925506413653449878e-01 -2.094742783988604365e-04 -1.849811830045208438e+00 2.317317086328761684e-04 2.394873618587330338e-04 9.999999957593836974e-01 4.107544775282434557e-02
9.924791419249422431e-01 1.224126991707611967e-01 -2.602452961485716347e-04 2.082035978342887717e+01 -1.224127261923872029e-01 9.924794550931600456e-01 -2.069260380052091589e-04 -1.918697995452792293e+00 2.329602101980153442e-04 2.372236970848938520e-04 9.999999960170523616e-01 4.217003955706477569e-02
9.923851860595321872e-01 1.231720219067769101e-01 -2.594866253615385021e-04 2.145187557872593587e+01 -1.231720540069617675e-01 9.923855001200591053e-01 -2.051582958537753059e-04 -1.998029131266658265e+00 2.322443534692654346e-04 2.355541627508397841e-04 9.999999965802797153e-01 4.341741601771298420e-02
9.922889260484762941e-01 1.239451681481054945e-01 -2.592219731738183491e-04 2.200521137742801514e+01 -1.239451920368445648e-01 9.922892399231360017e-01 -2.015959717254465241e-04 -2.068064963769611353e+00 2.322400146463794994e-04 2.321673813623075389e-04 9.999999973797808472e-01 4.449404625927488865e-02
9.921549737176555972e-01 1.250132483477349732e-01 -2.577024016778639375e-04 2.264978309208735396e+01 -1.250132710560502569e-01 9.921552882507859161e-01 -1.970721133762212934e-04 -2.150688114534843098e+00 2.310473358149970518e-04 2.277389040591155001e-04 9.999999986856662471e-01 4.583697021140453742e-02
9.921136275333306553e-01 1.253413840889890385e-01 -2.587449473781174578e-04 2.336551798323950635e+01 -1.253414279951360344e-01 9.921138638380595509e-01 -2.788630124694696467e-04 -2.241368087801264508e+00 2.217551756363874262e-04 3.090918397149411347e-04 9.999999822986046505e-01 4.728041043826891610e-02
9.920777252985182315e-01 1.256255520216290333e-01 -1.979514049115206023e-05 2.400567129917449449e+01 -1.256255400749769213e-01 9.920778637249645371e-01 -2.405697453100100452e-04 -2.322887880599241672e+00 -1.058030797035702275e-05 2.411472207709410118e-04 9.999999952002476267e-01 4.860128932038532135e-02
9.920350811072248254e-01 1.259609519900627139e-01 3.255982341051451225e-04 2.462556199981182203e+01 -1.259608529506754115e-01 9.920353333945512997e-01 -2.801891215287304082e-04 -2.401968612740304820e+00 -3.582946049262435866e-04 2.369413786727300069e-04 9.999999925071906270e-01 4.995709078088284016e-02
9.919775532516842409e-01 1.264140411991336310e-01 1.368588708350343831e-04 2.531757621858975682e+01 -1.264139903928319375e-01 9.919776803200768267e-01 -2.695806651521170374e-04 -2.490699344018203920e+00 -1.698365245092580528e-04 2.501136590241505135e-04 9.999999973275691678e-01 5.129937671819351230e-02
9.919134136054866824e-01 1.269162226317082920e-01 -1.299118669873175469e-04 2.593283184684061027e+01 -1.269162451441659678e-01 9.919135650454684594e-01 -2.311952505472382685e-04 -2.569962382620950780e+00 9.952228577876146812e-05 2.458101760369358485e-04 1.000000044184607084e+00 5.248279622400398026e-02
9.918140436111744229e-01 1.276901823801815661e-01 8.966031371796843473e-06 2.667187191155455039e+01 -1.276901627025688879e-01 9.918142969603681580e-01 -2.444046943087927371e-04 -2.666068294140771844e+00 -4.009761816312388486e-05 2.412557356218845669e-04 9.999999995683397369e-01 5.405863332911264862e-02
9.916922868732103158e-01 1.286321689542494207e-01 1.965635544959737357e-04 2.731227951358045303e+01 -1.286320963365199799e-01 9.916925422814443225e-01 -2.634895543590766529e-04 -2.750322209755942993e+00 -2.288205138710100288e-04 2.360127837231957052e-04 9.999999932224706845e-01 5.539311671251634372e-02
9.914845594735406387e-01 1.302237342795637964e-01 1.676451468089843605e-05 2.796919292243127586e+01 -1.302237121455349922e-01 9.914847270592361816e-01 -2.033872558945034725e-04 -2.838582457804180059e+00 -4.310455620597653924e-05 1.994687666400152325e-04 1.000000044400004562e+00 5.669414846809739394e-02
9.911418758900546466e-01 1.328067375128347827e-01 -5.551313607636674288e-05 2.869947060050859733e+01 -1.328067364305101639e-01 9.911420379996270791e-01 -2.198877883447523430e-04 -2.939416667361418600e+00 2.582276213649036621e-05 2.253091489868926545e-04 9.999999826509337053e-01 5.813029035672645506e-02
9.901944520480785439e-01 1.396956415791061057e-01 -1.179144139239533367e-05 2.936422820943356626e+01 -1.396956347412774968e-01 9.901946594349596564e-01 -1.906573292403257588e-05 -3.041943263073963344e+00 9.016253011365501794e-06 2.052265079339339572e-05 1.000000029235748933e+00 5.944363433909582994e-02
9.883427311584974673e-01 1.522450486433679084e-01 -2.517991073480320267e-04 3.010344008230736534e+01 -1.522450281622406698e-01 9.883428799420387323e-01 9.138606770248147455e-05 -3.170497150582463952e+00 2.627808877058681789e-04 -5.198888301860289646e-05 9.999999689056865426e-01 6.093037757256869469e-02
9.854900011907157253e-01 1.697327338956169662e-01 -2.734054260104965754e-04 3.092597112243107915e+01 -1.697327033843228361e-01 9.854903352074014800e-01 8.118411565886573188e-05 -3.331404413168617129e+00 2.832207033219455395e-04 -3.360360838212601197e-05 1.000000083606810142e+00 6.271170294108907584e-02
9.789967572321504052e-01 2.038755241575322119e-01 -1.757056974751978898e-05 3.168053846153917874e+01 -2.038754256538490295e-01 9.789966023099339054e-01 9.160324922989728554e-04 -3.529829712045886581e+00 2.039622248574983129e-04 -8.932136280107035682e-04 9.999996685418905962e-01 6.415911749634162220e-02
9.636947253626394483e-01 2.670061447072559213e-01 2.758336756382398676e-04 3.267096959394305600e+01 -2.670062638433750579e-01 9.636936277840328913e-01 1.598326749046906272e-03 -3.866711863684624717e+00 1.609472655120957241e-04 -1.613950678803274287e-03 9.999987506684209215e-01 6.614268999863348597e-02
9.377724315873330330e-01 3.472501670757174308e-01 2.071642576163991575e-04 3.358291066647562673e+01 -3.472502725014466884e-01 9.377722606321580168e-01 9.478787198117857860e-04 -4.288555606780193763e+00 1.348815775932410562e-04 -9.608355193983991261e-04 9.999996304270728498e-01 6.810682254639699451e-02
8.932386563000618285e-01 4.495824937343914085e-01 4.212560107041760506e-04 3.447101559822421990e+01 -4.495827090017359140e-01 8.932384148439284077e-01 9.263226041170131812e-04 -4.852628307123532103e+00 4.018086106112967674e-05 -1.016818588178181569e-03 9.999995469033386986e-01 6.988559135434613268e-02
8.289637129530580406e-01 5.593020586436964203e-01 5.351077539902023570e-04 3.531547525684016620e+01 -5.593023507459212729e-01 8.289638266250243248e-01 5.610217342582833871e-04 -5.559243140406914030e+00 -1.297996165135867049e-04 -7.643547287820711160e-04 9.999997777261878662e-01 7.155176020757725297e-02
7.359950664954413302e-01 6.769864474318850744e-01 6.215181506646676396e-04 3.611595133673824876e+01 -6.769868246119861155e-01 7.359953052612163704e-01 2.579610577703892404e-04 -6.465301901202145984e+00 -2.827939987850071075e-04 -6.106191199429992882e-04 9.999998419075939449e-01 7.323785603035593006e-02
6.186303156706369766e-01 7.856820278833644977e-01 3.176424190031536038e-04 3.679386663617017206e+01 -7.856821396840961702e-01 6.186306558049381454e-01 -4.245723256690853544e-04 -7.530446517357693104e+00 -5.300779362664333064e-04 1.308726580154355795e-05 9.999998492130558470e-01 7.463261628438289108e-02
5.042705770791249265e-01 8.635451584819499038e-01 9.545287708160965588e-04 3.724050964568585442e+01 -8.635455473828584916e-01 5.042712382906802127e-01 -3.587120283470074302e-04 -8.530548484005613830e+00 -7.911006763707182071e-04 -6.433903420507150949e-04 9.999995556653863416e-01 7.554799360013952914e-02
3.764920547047984623e-01 9.264197232595916542e-01 2.885882496841258010e-04 3.756375173414637203e+01 -9.264191956036826880e-01 3.764921877893182556e-01 -1.233218663165448672e-03 -9.629213483104978266e+00 -1.251125406646247124e-03 1.969442741580647977e-04 9.999992219788323977e-01 7.626117345373706335e-02
2.692407177897427339e-01 9.629559552352656704e-01 1.500560764243833063e-02 3.769225389548785898e+01 -9.630384840790592316e-01 2.693306247078252058e-01 -4.287328282588830780e-03 -1.061624521049436609e+01 -8.169971669395830263e-03 -1.329664466869553627e-02 9.998782575783513593e-01 8.768008185632614193e-02
1.492271915740421562e-01 9.881856199227934123e-01 3.493338350990420754e-02 3.772099987327434434e+01 -9.885560754121668348e-01 1.498865838332947009e-01 -1.707133314295218238e-02 -1.177858956814398361e+01 -2.210568821890210658e-02 -3.198609705547834914e-02 9.992439626466014246e-01 1.105573118212355155e-01
5.487058155806092546e-02 9.982308267776542898e-01 2.289724790625108364e-02 3.775030655367122989e+01 -9.982423592915848909e-01 5.535677513734281463e-02 -2.117142362387192112e-02 -1.306046873558080534e+01 -2.240148764778117363e-02 -2.169531571985866200e-02 9.995137521722531337e-01 1.092781184391398153e-01
2.395993838195417062e-03 9.997425972138177519e-01 2.255889966055187740e-02 3.771115565247212231e+01 -9.998357690067832815e-01 2.800469819387562884e-03 -1.791489668615659989e-02 -1.424918682138302195e+01 -1.797345501181442026e-02 -2.251226945418480230e-02 9.995851150021786147e-01 1.018781550933764990e-01
-3.158034933691870189e-02 9.991407654810460226e-01 2.683980809173865112e-02 3.763204134673987511e+01 -9.993584216339919113e-01 -3.111033105780616065e-02 -1.775266551033404319e-02 -1.554624134167299410e+01 -1.690240740754550205e-02 -2.738322270688049384e-02 9.994821673099240078e-01 1.046694833571704120e-01
-4.982115092998947586e-02 9.980077812388845615e-01 3.870888099268888355e-02 3.753315429994886188e+01 -9.986825052982322148e-01 -4.930231221258365992e-02 -1.424500307153350222e-02 -1.649187734460093324e+01 -1.230817456990116951e-02 -3.936757197349975701e-02 9.991490498460874337e-01 1.146934673675226168e-01
-5.903300156463110043e-02 9.969901343198834809e-01 5.025790332282985967e-02 3.742059544541315574e+01 -9.982516942304239249e-01 -5.880766390156798307e-02 -5.952059681304166724e-03 -1.773901013243419555e+01 -2.978587954384575697e-03 -5.052140446251822403e-02 9.987186176728746201e-01 1.245958682400425399e-01
-7.113376662513744286e-02 9.961498105276282988e-01 5.124128706771661351e-02 3.731661234072174693e+01 -9.974667697162042934e-01 -7.101411106048309552e-02 -4.154290386575510037e-03 -1.904575860797000431e+01 -4.994336291091133013e-04 -5.140698907378719873e-02 9.986777567566291758e-01 1.234949378608565240e-01
-8.717302681115746132e-02 9.948559191102247512e-01 5.160092598009717590e-02 3.719757672765958745e+01 -9.961895117435027869e-01 -8.691262482422099089e-02 -7.273422947908029720e-03 -2.025715891554950687e+01 -2.751229068363723971e-03 -5.203834601783925012e-02 9.986413753425414930e-01 1.214674276404277276e-01
-9.982202537822407185e-02 9.937021194369397570e-01 5.090809823824464508e-02 3.704829736853516664e+01 -9.950001778578865252e-01 -9.952450499902391889e-02 -8.352539503518739694e-03 -2.164484935519121223e+01 -3.233326338396911963e-03 -5.148733526572647073e-02 9.986684793960098894e-01 1.226282966587008971e-01
-1.068739098784070168e-01 9.930233541129848129e-01 4.982627573485723382e-02 3.689894083557170745e+01 -9.942720935091324819e-01 -1.066824141958318817e-01 -6.494728102539022371e-03 -2.302680896848132974e+01 -1.133822096942056854e-03 -5.023498089523009691e-02 9.987368368041444899e-01 1.209118795057151363e-01
-1.154030975234537071e-01 9.922464188532508222e-01 4.614390255249828376e-02 3.676237385945591285e+01 -9.933189287409790458e-01 -1.152927959843573630e-01 -5.053700386959261021e-03 -2.424334737200328149e+01 3.055503612803732124e-04 -4.641881165853312813e-02 9.989221602988798132e-01 1.168729251099323019e-01
-1.261809294750360078e-01 9.913312751511190735e-01 3.661500164801973628e-02 3.662244177100252784e+01 -9.920024036102718101e-01 -1.262118886621539093e-01 -1.474083617787692911e-03 -2.550707400761828580e+01 3.159949964641042396e-03 -3.650817120635960200e-02 9.993284735678682473e-01 1.087141283777328660e-01
-1.309384088939237745e-01 9.912730060261402132e-01 1.526602133018048653e-02 3.645960113893855237e+01 -9.913176862874609752e-01 -1.311001380992812548e-01 1.011903179442110237e-02 -2.719225104421473560e+01 1.203210765564128280e-02 -1.380849946124956124e-02 9.998324320939087073e-01 8.596955784387017019e-02
-1.337086578251744928e-01 9.909747395683515814e-01 9.544494386907135391e-03 3.630151016872767400e+01 -9.909967550336620246e-01 -1.337664497713138556e-01 5.694188835981775325e-03 -2.845573803883879904e+01 6.919536500020461237e-03 -8.697187696925255673e-03 9.999383438932023527e-01 8.094691052970581779e-02
-1.371314187423179620e-01 9.905480436722530202e-01 -3.112500580649327914e-03 3.617099113935327637e+01 -9.905469446465737793e-01 -1.371409666979436504e-01 -3.093004516738493900e-03 -2.961448598736687998e+01 -3.490615152468335564e-03 2.658935494114732061e-03 9.999905743467943919e-01 7.370202946714177195e-02
-1.391321769698043165e-01 9.902618396711613258e-01 -4.873313944683841346e-03 3.604737045790756156e+01 -9.902544866745280894e-01 -1.391586252268983415e-01 -5.584183017952501840e-03 -3.050205016183238627e+01 -6.207961794049326847e-03 4.048887159872908460e-03 9.999726796559351705e-01 7.124354852481151745e-02
-1.392214050287745308e-01 9.902599749319238587e-01 -1.644886108967083971e-03 3.582697806484120662e+01 -9.902597764656464463e-01 -1.392240837348116544e-01 -1.634307888865419193e-03 -3.201513352035598814e+01 -1.847391998233943950e-03 1.401339651073588632e-03 9.999975360884522102e-01 7.403477571996952555e-02
-1.395315230634806003e-01 9.902152854101807788e-01 -2.161564028935472441e-03 3.566782196756349066e+01 -9.902172130505684233e-01 -1.395334059703632335e-01 -7.394023673776761382e-04 -3.315622539476597552e+01 -1.033772057871696227e-03 2.037253927124425996e-03 9.999975527082706206e-01 7.367253886138191987e-02
-1.400237629129724160e-01 9.901451518476979130e-01 -2.467753493633564194e-03 3.551324479313741023e+01 -9.901448218364062859e-01 -1.400294343674669817e-01 -2.286653383954242568e-03 -3.424792878076484470e+01 -2.609671195816489365e-03 2.123253773942861914e-03 9.999944355173108201e-01 7.236859067648948596e-02
-1.406606380323137395e-01 9.900549789824768521e-01 -2.392838155252887365e-03 3.533501346554431422e+01 -9.900538176370091703e-01 -1.406667063187249100e-01 -2.586526204433114116e-03 -3.549533275561642398e+01 -2.897390308648939428e-03 2.005222038911649591e-03 9.999938750792538578e-01 7.224886173983469106e-02
-1.405227645642358192e-01 9.900747725895826523e-01 -2.357199783407947814e-03 3.517561676757193112e+01 -9.900750738457209099e-01 -1.405273869164755662e-01 -1.912300779057465698e-03 -3.662023686212123863e+01 -2.224565803702133887e-03 2.065089209169778707e-03 9.999955254497460144e-01 7.232878591269487067e-02
-1.404898377131550136e-01 9.900794965315076190e-01 -2.310597887610463166e-03 3.501178377159870792e+01 -9.900797247257795419e-01 -1.404943921974011467e-01 -1.929086051774399216e-03 -3.777415890362684792e+01 -2.234568876675595110e-03 2.016665209613634126e-03 9.999956032019582386e-01 7.177432782103765341e-02
-1.404634809918395011e-01 9.900832496445838293e-01 -2.355185454401697350e-03 3.488724177480879263e+01 -9.900829716188471741e-01 -1.404685898122419729e-01 -2.143463309679630429e-03 -3.865190012750112203e+01 -2.453030805352848787e-03 2.030757088044319019e-03 9.999950270197496272e-01 7.142981118846902788e-02
-1.404471130162173731e-01 9.900855470892415688e-01 -2.365385055178306599e-03 3.480881308679796149e+01 -9.900851295918425832e-01 -1.404523330309432883e-01 -2.184429850157229222e-03 -3.920477765133999526e+01 -2.494989610734542774e-03 2.035142192689429284e-03 9.999949151871664332e-01 7.138212693466305936e-02
-1.404324534390136159e-01 9.900875999745925027e-01 -2.351771337760729871e-03 3.468723477334465599e+01 -9.900873796981221053e-01 -1.404374969482107272e-01 -2.118017536085633600e-03 -4.006200262057735983e+01 -2.427293705372006102e-03 2.031027071556261703e-03 9.999950924624080306e-01 7.125231638122264677e-02
-1.404165269252368176e-01 9.900899981734955224e-01 -2.342977044104499126e-03 3.456032488664713043e+01 -9.900897781317684609e-01 -1.404214497221100699e-01 -2.061851155042728184e-03 -4.095589605476801154e+01 -2.370416110450866958e-03 2.030246213788776052e-03 9.999952321063247940e-01 7.098330402192010169e-02
-1.400834145895286653e-01 9.901370683052962418e-01 -2.390100593147833404e-03 3.438575772854577650e+01 -9.901368619797997761e-01 -1.400885269651667986e-01 -2.097477750331687776e-03 -4.219168321668000488e+01 -2.411609721731501274e-03 2.072711396690508218e-03 9.999950482392824247e-01 7.059470733192751979e-02
-1.395956343620606832e-01 9.902060556068855712e-01 -2.349813082008594869e-03 3.427229647212994479e+01 -9.902058087939764608e-01 -1.396006159383181566e-01 -2.080716068799371831e-03 -4.299923803251375887e+01 -2.388366077802791393e-03 2.036346427939473430e-03 9.999951200835566212e-01 7.038725640906640102e-02
-1.389777439181165697e-01 9.902930272941842249e-01 -2.331215124793154306e-03 3.411469354968437528e+01 -9.902930356267327650e-01 -1.389824336088362478e-01 -1.959249954052153398e-03 -4.412651369239487309e+01 -2.264222857214447625e-03 2.036300646728553959e-03 9.999954165224509417e-01 7.020592842939232803e-02
-1.383583646323700844e-01 9.903796659175360118e-01 -2.349250060847819181e-03 3.398733719011949006e+01 -9.903794659037481463e-01 -1.383632782786198556e-01 -2.043027005628945871e-03 -4.504305923984149729e+01 -2.348416087445214569e-03 2.043985966391875277e-03 9.999952103384883717e-01 6.985746582496399348e-02
-1.374451145054250145e-01 9.905067366042569210e-01 -2.387789825844932774e-03 3.386391354274496024e+01 -9.905060580361280120e-01 -1.374506029540553675e-01 -2.282194371600880251e-03 -4.593947759695548427e+01 -2.588725835850590618e-03 2.051450516550944615e-03 9.999946311720927516e-01 6.962863385294726370e-02
-1.365358504542730222e-01 9.906324779729949181e-01 -2.366574034804053064e-03 3.375850035624982581e+01 -9.906318574377395159e-01 -1.365412090591671401e-01 -2.244916336745620983e-03 -4.671141350371053846e+01 -2.547016132032674761e-03 2.037898694987961504e-03 9.999947669072799528e-01 6.948776513556498280e-02
-1.354705799659670917e-01 9.907788734273488274e-01 -2.344148115259151507e-03 3.365568296411903759e+01 -9.907788757763126286e-01 -1.354753062825844179e-01 -1.960983600113312686e-03 -4.747243914477390803e+01 -2.260468095336801674e-03 2.056883586200948261e-03 9.999953977822243489e-01 6.918994022307045633e-02
-1.342928779317270060e-01 9.909391585910358735e-01 -2.328207400652550305e-03 3.356454207065724660e+01 -9.909394671822979728e-01 -1.342973162472614612e-01 -1.839803828718556550e-03 -4.815560094976139283e+01 -2.135799107992092556e-03 2.060046743006398000e-03 9.999956131766999379e-01 6.888620310602622254e-02
-1.321440604626337167e-01 9.912279802696490894e-01 -2.344992442965561103e-03 3.341961644037075274e+01 -9.912277691985863504e-01 -1.321489760058831009e-01 -2.048649240233599549e-03 -4.925822021085912894e+01 -2.340560681212797752e-03 2.053711619616123765e-03 9.999951898625587532e-01 6.882398713917448063e-02
-1.297276225352709533e-01 9.915469624904169610e-01 -2.410030863637782021e-03 3.332450963349986495e+01 -9.915464995659829528e-01 -1.297330939535735472e-01 -2.244693465397520730e-03 -5.000729309850729010e+01 -2.538372955742406335e-03 2.098465546880231951e-03 9.999946357202831315e-01 6.847158820010634805e-02
-1.269616484615480601e-01 9.919051471518970375e-01 -2.348209365063462940e-03 3.323306663369503156e+01 -9.919049086238519441e-01 -1.269665984030757255e-01 -2.063983320641480518e-03 -5.074585383156215812e+01 -2.345412732914133307e-03 2.067160590692627368e-03 9.999951307479773011e-01 6.816540384514579998e-02
-1.243362330335813365e-01 9.922376167930282431e-01 -2.336709991269493754e-03 3.315917235694696785e+01 -9.922376505342274111e-01 -1.243410114939487721e-01 -1.994351069761644054e-03 -5.136169774511962061e+01 -2.269413225942054201e-03 2.070608207791561125e-03 9.999952418661779419e-01 6.817725008827313360e-02
-1.208674045712408024e-01 9.926661628266910675e-01 -2.337264571542248346e-03 3.307011659006681725e+01 -9.926659246528128921e-01 -1.208723934073825529e-01 -2.095801160614570689e-03 -5.212597905096902906e+01 -2.362935693400457747e-03 2.066815639904358293e-03 9.999950382428511864e-01 6.822539353954093500e-02
-1.167402039758292098e-01 9.931598364637841403e-01 -2.375997043236449929e-03 3.298261502675702417e+01 -9.931598335373164055e-01 -1.167452055284622509e-01 -2.063697602884871120e-03 -5.291078437703400539e+01 -2.326961371272702906e-03 2.118835043957553212e-03 9.999950149969528690e-01 6.799519003101517356e-02
-1.119902046726015676e-01 9.937066880625863297e-01 -2.385143310685950650e-03 3.290978365099508807e+01 -9.937069968259306663e-01 -1.119949807197093555e-01 -1.947894144814061495e-03 -5.360685170860280380e+01 -2.202753717785691998e-03 2.151995200226728289e-03 9.999951726440629018e-01 6.783486528146420724e-02
-1.049230136903073762e-01 9.944776756604523094e-01 -2.379873320955280813e-03 3.284229016571697457e+01 -9.944778042856555755e-01 -1.049280843552569120e-01 -2.094864898654445664e-03 -5.432378612899771042e+01 -2.333005608482844814e-03 2.146938020535588999e-03 9.999948989299095592e-01 6.779172796963228720e-02
-9.834403278493376865e-02 9.951500421950703057e-01 -2.302398329966683522e-03 3.279312973764832861e+01 -9.951494793776819447e-01 -9.834932276133548368e-02 -2.283238703551081477e-03 -5.490271208122168645e+01 -2.498597611416463003e-03 2.066694178986856582e-03 9.999946886935935364e-01 6.769489547006646291e-02
-9.057122571339953909e-02 9.958866826348463652e-01 -2.662317549625813160e-03 3.276426618521009715e+01 -9.958871743481447769e-01 -9.057716278416176603e-02 -2.176438551265243247e-03 -5.534079513812584850e+01 -2.408624710612965875e-03 2.454251773421932577e-03 9.999940442555405040e-01 6.758040713166413305e-02
-7.075477891843245937e-02 9.974898917885794969e-01 -2.852837418906560476e-03 3.273355690066587442e+01 -9.974919574262797184e-01 -7.076007805805832607e-02 -1.783136594931215022e-03 -5.608947971005816413e+01 -1.980521308750965177e-03 2.719522981036324484e-03 9.999942738170459755e-01 6.751950075305090948e-02
-3.398660087081432218e-02 9.994167082578785388e-01 -3.401701312093884620e-03 3.274663556982702772e+01 -9.994209196425072328e-01 -3.399242622527412494e-02 -1.652498996664277875e-03 -5.689123382210827629e+01 -1.767160789446150636e-03 3.343574542050769052e-03 9.999928813258549543e-01 6.761549266611299736e-02
3.823863962563381347e-02 9.992554538220528304e-01 -5.174176189337118849e-03 3.286010682988388254e+01 -9.992672590595321758e-01 3.822915812441408240e-02 -1.913334057338683105e-03 -5.754584960777188485e+01 -1.714098159321277796e-03 5.243552744215586141e-03 9.999848114743818961e-01 6.757506156894743654e-02
1.357693565654666534e-01 9.907375955998347639e-01 -2.473697277583451412e-03 3.306723262654735862e+01 -9.907392744252816463e-01 1.357644939605613665e-01 -2.012688096256067677e-03 -5.828717361727510848e+01 -1.658197596696238570e-03 2.724054713974519322e-03 9.999948988081972523e-01 6.795537428301434701e-02
2.541528893815879209e-01 9.671592370736539213e-01 -3.107897807787013151e-03 3.341625531994906595e+01 -9.671632656464592692e-01 2.541467105667957749e-01 -2.238648844481107205e-03 -5.909919542416355398e+01 -1.375260161413001132e-03 3.574806496353250852e-03 9.999926963726010198e-01 6.874897552991887650e-02
3.801166776742146980e-01 9.249348673515936925e-01 -2.664110693244038913e-03 3.389495853886307231e+01 -9.249381035232144832e-01 3.801115426052372182e-01 -2.237673813038911722e-03 -5.990068053387783209e+01 -1.057034748719233195e-03 3.314716656164064593e-03 9.999938989973630177e-01 6.973131025815271222e-02
5.081325399345936189e-01 8.612762896714877270e-01 -2.223580708963335262e-03 3.452350266338658713e+01 -8.612787316621062228e-01 5.081279286293211017e-01 -2.301848658796984849e-03 -6.068522268946105669e+01 -8.526553356180000941e-04 3.084768236422947511e-03 9.999948694195923693e-01 7.101223375790133296e-02
6.102559447031778994e-01 7.922018180350752781e-01 -2.069430863181979594e-03 3.515393650124121194e+01 -7.922042261453590140e-01 6.102514576829575210e-01 -2.402880288914002131e-03 -6.129050357368253543e+01 -6.406843453499887122e-04 3.105784024123702924e-03 9.999949796268041702e-01 7.229825755834928813e-02
7.112569800725936364e-01 7.029299995441167237e-01 -1.848629003887750435e-03 3.592617662870446082e+01 -7.029322685837923190e-01 7.112528251920364752e-01 -2.454731906022799247e-03 -6.186445742630572653e+01 -4.106526134592768779e-04 3.045405719081106018e-03 9.999952523659902948e-01 7.398816904048688414e-02
7.982700659824081280e-01 6.022979726356513241e-01 -1.585383561694299250e-03 3.676245148791075223e+01 -6.022999115883662657e-01 7.982661934078257859e-01 -2.483468465697840494e-03 -6.233125424684538984e+01 -2.302210602394853735e-04 2.937352520422025631e-03 9.999956684724221612e-01 7.567882270407233491e-02
8.972698753311567632e-01 4.414825951038237606e-01 -5.405468564671044160e-04 3.810379851568225718e+01 -4.414828735383448666e-01 8.972690904687331548e-01 -1.166696408259878213e-03 -6.283559739481729167e+01 -3.005159151558185087e-05 1.285480727866102112e-03 9.999991646011557878e-01 7.820051254131632490e-02
9.325802693419142919e-01 3.609632711021755758e-01 1.074843620782722883e-04 3.916036378124043438e+01 -3.609633062010582649e-01 9.325801415451908660e-01 4.104051745666578667e-04 -6.316401492224342462e+01 4.791194232688639193e-05 -4.215372446392425519e-04 9.999998647695572673e-01 8.039100104721796924e-02
