1.000000000000000000e+00 0.000000000000000000e+00 0.000000000000000000e+00 0.000000000000000000e+00 0.000000000000000000e+00 1.000000000000000000e+00 0.000000000000000000e+00 0.000000000000000000e+00 0.000000000000000000e+00 0.000000000000000000e+00 1.000000000000000000e+00 0.000000000000000000e+00
9.999997602406457409e-01 6.873990370428663833e-04 8.367326484309994849e-05 6.412191564787850240e-02 -6.873980780716319305e-04 9.999997636759133668e-01 -1.148912268150517579e-05 -7.161708943534850647e-04 -8.368114268095425102e-05 1.143160308548186436e-05 9.999999964333924352e-01 -6.445391775893316577e-04
9.999986022124697227e-01 1.660899045318480708e-03 1.923212669384758442e-04 1.267680110225479773e-01 -1.660894369819557789e-03 9.999986204146529278e-01 -2.446803961891790135e-05 -2.888865605175486989e-03 -1.923616405584935871e-04 2.414858010854164768e-05 9.999999812069224614e-01 -1.599353716397411418e-03
9.999967134648234390e-01 2.545644971532794870e-03 3.045508981625544786e-04 2.310732340457510858e-01 -2.545661485141066487e-03 9.999967583487816558e-01 5.384747069501555149e-05 -4.093087167141113911e-03 -3.044128343732347276e-04 -5.462257721278841678e-05 9.999999521745992492e-01 -2.714115569725894517e-03
9.999948371362101796e-01 3.207403527784308608e-03 1.956107108794586573e-04 4.214961687632523546e-01 -3.207416686953447945e-03 9.999948539816551074e-01 6.699567318676362176e-05 -5.202455825660298738e-03 -1.953948221060478627e-04 -6.762273235262839443e-05 9.999999786240147959e-01 -3.314539020930373781e-03
9.999930333389124293e-01 3.731584878059972851e-03 9.245507465643483763e-05 5.957075937873963500e-01 -3.731593456298509890e-03 9.999930332763757868e-01 9.278465776465772113e-05 -5.695107334334746987e-03 -9.210819672244023766e-05 -9.312901611158031358e-05 9.999999914215331742e-01 -4.123364372798254962e-03
9.999908336251002172e-01 4.281664981673360786e-03 -3.278910068689492607e-06 8.156961960233863884e-01 -4.281664671243183562e-03 9.999908296304427235e-01 8.945754201095782484e-05 -6.987575332682246544e-03 3.661907223971101341e-06 -8.944268280861427116e-05 9.999999959932982518e-01 -4.009418202846060097e-03
9.999886157773264506e-01 4.770412118843629298e-03 -1.071631374936057786e-04 1.033815195991207414e+00 -4.770402758195328545e-03 9.999886177414496480e-01 8.743595356092599962e-05 -8.082102939441782041e-03 1.075790232666094315e-04 -8.692374683342732984e-05 9.999999904355074687e-01 -3.909495138149532423e-03
9.999857657922346377e-01 5.330334866205026050e-03 -2.360997569679801095e-04 1.218500422770719016e+00 -5.330309773577562339e-03 9.999857880966744883e-01 1.067818127195486078e-04 -8.879467353908666524e-03 2.366655843599065989e-04 -1.055218079098359365e-04 9.999999664272731792e-01 -4.485628378056771837e-03
9.999826974066777785e-01 5.873161739762525549e-03 -3.329540678250151329e-04 1.385812745247114952e+00 -5.873111482412733328e-03 9.999827416221673815e-01 1.517211216024615594e-04 -9.957948059539499519e-03 3.338394042634420578e-04 -1.497630200625310051e-04 9.999999330611418769e-01 -5.294900745111963403e-03
9.999795164640221667e-01 6.384819186641681188e-03 -4.480360533194845335e-04 1.593473583222074108e+00 -6.384750158539630009e-03 9.999796052110555555e-01 1.553297352844173942e-04 -1.123984678996834199e-02 4.490186679918421546e-04 -1.524659553080672826e-04 9.999998875681770372e-01 -5.332410681652133277e-03
9.999757679890944884e-01 6.941670625075635828e-03 -5.259691346146297105e-04 1.832354430399536493e+00 -6.941596585460745386e-03 9.999758966800705862e-01 1.424630189611748692e-04 -1.355346114530286972e-02 5.269453883653330744e-04 -1.388085012360258598e-04 9.999998515303670787e-01 -4.727374001888273725e-03
9.999729039835961730e-01 7.333405484602688144e-03 -6.422325015688927149e-04 2.053704474860877038e+00 -7.333320981048861015e-03 9.999731018841572228e-01 1.338340066146345329e-04 -1.482893331906345695e-02 6.431966857618794239e-04 -1.291206831560961024e-04 9.999997848129122957e-01 -4.389260692805097008e-03
9.999709706880265392e-01 7.578080380060531716e-03 -7.940270620447058454e-04 2.498716439860375171e+00 -7.578007617094362908e-03 9.999712820127124591e-01 9.460646942312016196e-05 -1.904449046552975089e-02 7.947211946146814357e-04 -8.858657992719951902e-05 9.999996802852686439e-01 -2.090309141548951644e-03
9.999698601534804387e-01 7.709146862729654263e-03 -9.207818709309901605e-04 2.978228822756459060e+00 -7.709052858496669679e-03 9.999702792349346447e-01 1.055973872133206509e-04 -2.373222785949164262e-02 9.215685703549536924e-04 -9.849584839941247509e-05 9.999995705048763117e-01 1.617525836641320325e-04
9.999702976121153108e-01 7.642022874506018866e-03 -1.001688524079171914e-03 3.300278090723425262e+00 -7.641991266090279039e-03 9.999707989325503643e-01 3.537884065467613925e-05 -2.571112821737995408e-02 1.001929639613834697e-03 -2.772289485553674679e-05 9.999994976840925753e-01 2.355062757429138287e-03
9.999691185905449364e-01 7.777427531732432342e-03 -1.128488464175423766e-03 3.770848704170227883e+00 -7.777376863019869885e-03 9.999697545328464221e-01 4.928109089095955158e-05 -3.033051061749171898e-02 1.128837612626984455e-03 -4.050288893936417544e-05 9.999993620423762719e-01 4.676679695179597473e-03
9.999679223122235339e-01 7.904571764989057336e-03 -1.293093872822437740e-03 4.219201984515755122e+00 -7.904600238738930876e-03 9.999687580165068645e-01 -1.691056855345727676e-05 -3.428321603190510880e-02 1.292919803201643012e-03 2.713141624768247237e-05 9.999991638107845748e-01 7.092609433490881798e-03
9.999682647026700844e-01 7.827121538216208832e-03 -1.485178755019573530e-03 4.663606502991845204e+00 -7.827341865750783376e-03 9.999693557232589569e-01 -1.425962981673731310e-04 -3.735001919600712539e-02 1.484017124233352357e-03 1.542167746893002465e-04 9.999988869545615167e-01 9.426679679145788526e-03
9.999702401315354594e-01 7.540099936746860396e-03 -1.632710691990500599e-03 5.156851230341561454e+00 -7.540366766396375785e-03 9.999715586531493505e-01 -1.573334003350046007e-04 -4.056691030698980627e-02 1.631477945936589576e-03 1.696399555663943696e-04 9.999986547500944178e-01 1.163914711829017179e-02
9.999697800361274647e-01 7.556740993806052367e-03 -1.826110629816896699e-03 5.572851859385695050e+00 -7.557260408315872972e-03 9.999714049387093961e-01 -2.777048871936901864e-04 -4.315131066058960907e-02 1.823959868165408050e-03 2.914968885375761732e-04 9.999982940985274737e-01 1.412721527139249034e-02
9.999680920333509082e-01 7.765756328981391135e-03 -1.872950559955452194e-03 6.124288935647612675e+00 -7.766204340598877737e-03 9.999698156566665386e-01 -2.320467471051983113e-04 -4.901112027348182576e-02 1.871092007676768273e-03 2.465850597452887518e-04 9.999982191036687063e-01 1.704996705194394835e-02
9.999694907052071313e-01 7.563962609344236122e-03 -1.950417492466739559e-03 6.654719341124926579e+00 -7.564313041490368893e-03 9.999713753211022516e-01 -1.723560689052066827e-04 -5.341526085787134948e-02 1.949057967530778502e-03 1.871043789294100695e-04 9.999980830806590726e-01 1.962512294700413662e-02
9.999715740779627771e-01 7.254264811346588723e-03 -2.055888633434518886e-03 7.172749636701497344e+00 -7.254531160660489947e-03 9.999736780849346474e-01 -1.221266151777899371e-04 -5.701643414685999417e-02 2.054948579701107881e-03 1.370376517828461019e-04 9.999978792012608197e-01 2.211740685704244314e-02
9.999749601077917438e-01 6.725056829734889392e-03 -2.202899917539334358e-03 7.665421433864003653e+00 -6.725328922243813470e-03 9.999773779763329040e-01 -1.161311920727100351e-04 -5.904969719701552711e-02 2.202069094618515788e-03 1.309435107022456938e-04 9.999975668697911324e-01 2.435895433213453032e-02
9.999749814731143660e-01 6.704308266248935194e-03 -2.255809944404847407e-03 8.245905591488517317e+00 -6.704467038239983641e-03 9.999775228345166855e-01 -6.282885219462698817e-05 -6.406011515258722144e-02 2.255338016197949193e-03 7.795128373992780664e-05 9.999974536837746841e-01 2.758238309631444451e-02
9.999773881334500514e-01 6.312081664045314164e-03 -2.319665248626890178e-03 8.894276438881584923e+00 -6.312090263174815509e-03 9.999800785532895198e-01 3.613975693916581829e-06 -6.850596368204073250e-02 2.319641849249671345e-03 1.102804246935808817e-05 9.999973095664191902e-01 3.125448717223022754e-02
9.999790898476317302e-01 6.009969923048502638e-03 -2.387494298291596272e-03 9.497785375455736201e+00 -6.009815980911111834e-03 9.999819383261362438e-01 7.164757962524809427e-05 -7.274794060554627684e-02 2.387881775948060264e-03 -5.729768005986062197e-05 9.999971473647329967e-01 3.459840336268893424e-02
9.999819854944380637e-01 5.475332192231904295e-03 -2.459557681487723694e-03 1.014546643169882678e+01 -5.474992609885787412e-03 9.999850016351066184e-01 1.447783082428024325e-04 -7.642339556443089599e-02 2.460313501477797218e-03 -1.313096399874940430e-04 9.999969648030221370e-01 3.823320445751932084e-02
9.999848198624006201e-01 4.892455058837666924e-03 -2.534546955926454247e-03 1.079663867909107822e+01 -4.891908774191000737e-03 9.999880099691613733e-01 2.216900366143819366e-04 -7.965005978751568683e-02 2.535601175174487069e-03 -2.092878988196483791e-04 9.999967634573924125e-01 4.191148604753980322e-02
9.999869993606992358e-01 4.381356291046754718e-03 -2.608606265899172331e-03 1.143563080024900280e+01 -4.380595608887665263e-03 9.999903609666858095e-01 2.972471058462698408e-04 -8.263986345033408343e-02 2.609883466937071815e-03 -2.858159922726468349e-04 9.999965534028163461e-01 4.558907553773217103e-02
9.999905278272978038e-01 3.415527214679133210e-03 -2.697856471700553396e-03 1.211725663950646847e+01 -3.414490995608805528e-03 9.999940951022973090e-01 3.886023554153172303e-04 -8.431747667630000442e-02 2.699167823058013383e-03 -3.793868678592157012e-04 9.999962852724361140e-01 4.938641750433481192e-02
9.999929355945017528e-01 2.537040281546729895e-03 -2.773479345646919208e-03 1.284345500507959059e+01 -2.535799481905004222e-03 9.999966832423351493e-01 4.508051632084918376e-04 -8.555038605651252293e-02 2.774613857547235905e-03 -4.437689910357070955e-04 9.999960522857216372e-01 5.339979955976392745e-02
9.999952792818292968e-01 1.066517941537955139e-03 -2.881658123008618531e-03 1.356153109360105091e+01 -1.064946439690652152e-03 9.999992834350706072e-01 5.468257725722514223e-04 -8.477804559620406855e-02 2.882239257613195080e-03 -5.437543795873148395e-04 9.999956985047687708e-01 5.700307050595831981e-02
9.999955924957749653e-01 -9.529313743620500547e-05 -2.967475057946240488e-03 1.432043867982040553e+01 9.707510602459696746e-05 9.999998150711011391e-01 6.003616935201207738e-04 -8.369253371268325914e-02 2.967417298826286170e-03 -6.006471153649741357e-04 9.999954168183077252e-01 6.092651070813115410e-02
9.999942558863911257e-01 -1.589061459551736194e-03 -2.993839974611678997e-03 1.517511888617275062e+01 1.590792709548944067e-03 9.999985688127579486e-01 5.759781957774647628e-04 -8.040026381624151841e-02 2.992920425116365763e-03 -5.807374660856155302e-04 9.999953525748647154e-01 6.523976931859243322e-02
9.999902823657133011e-01 -3.171766029763079930e-03 -3.061874297985658737e-03 1.597744090193580568e+01 3.173656820456822666e-03 9.999947761349959885e-01 6.128661570168221755e-04 -7.604205041830262857e-02 3.059914435111161027e-03 -6.225775396470000726e-04 9.999951246485456746e-01 6.926160474958065194e-02
9.999860316048866382e-01 -4.298323228508328306e-03 -3.075875860048300423e-03 1.683088724222930921e+01 4.300102767749225396e-03 9.999905908256693232e-01 5.721678827082449844e-04 -7.106708662279534461e-02 3.073387556098217295e-03 -5.853864727310406418e-04 9.999951057938287757e-01 7.383439955112169883e-02
9.999874644330476459e-01 -3.974874049116808479e-03 -3.044889625838901378e-03 1.777600280671408584e+01 3.976325735184051829e-03 9.999919835318197281e-01 4.708561546362614978e-04 -6.819731521117905482e-02 3.042993622672069201e-03 -4.829577251579229174e-04 9.999952534595609732e-01 7.927817596958686153e-02
9.999855035893855382e-01 -4.447852287906920062e-03 -3.034669816718881582e-03 1.873098328042306804e+01 4.449075905343306651e-03 9.999900241736300321e-01 3.965811371561125476e-04 -6.339613332659177480e-02 3.032875609063344444e-03 -4.100768645060909497e-04 9.999953167402880760e-01 8.444062223348902663e-02
9.999773612634481612e-01 -6.001731044858792628e-03 -3.042397880770048111e-03 1.969601913724620346e+01 6.002802466545814793e-03 9.999819241403319348e-01 3.431544169793557491e-04 -5.519151952709491771e-02 3.040283366296555548e-03 -3.614095618904505989e-04 9.999953130191087114e-01 8.919143042002941613e-02
9.999723308120410659e-01 -6.790561851445864848e-03 -3.037413357979362391e-03 2.064786729333749093e+01 6.791426589214815540e-03 9.999769003281795410e-01 2.744717829284708970e-04 -4.764793157080269431e-02 3.035479377108353440e-03 -2.950925583496960677e-04 9.999953493818545258e-01 9.426310368673762596e-02
9.999669965739305111e-01 -7.540334848793915461e-03 -3.024750093022520337e-03 2.156583258873981990e+01 7.540970820145372761e-03 9.999715466928728036e-01 1.989059997631101426e-04 -3.980451073959353353e-02 3.023164211035404489e-03 -2.217089873643191152e-04 9.999954056510871325e-01 9.927052818465531558e-02
9.999494160271238385e-01 -9.588850057213320344e-03 -3.036336829430254236e-03 2.250357289935374538e+01 9.589332151608025503e-03 9.999540108918856252e-01 1.442562414279592174e-04 -2.755183016330747803e-02 3.034813939539175980e-03 -1.733653867472319547e-04 9.999953799137270005e-01 1.036795776386227885e-01
9.999384822269183903e-01 -1.066861324561048201e-02 -3.035202291913895699e-03 2.345410340655365999e+01 1.066890567614306277e-02 9.999430823922410561e-01 8.017098509936181072e-05 -1.582634234678560042e-02 3.034174222223613802e-03 -1.125483401108571011e-04 9.999953905492088291e-01 1.086177703431552288e-01
9.999171258507421056e-01 -1.250931808085074121e-02 -3.042760489895987748e-03 2.435221128453045480e+01 1.250944924510110495e-02 9.999217534885767034e-01 2.407839405953346334e-05 -1.807479902675622474e-03 3.042221200207813770e-03 -6.213965648776650138e-05 9.999953705037021301e-01 1.130591976749508731e-01
9.999047009051905688e-01 -1.346612469507512191e-02 -3.041807562277027994e-03 2.532317293283429294e+01 1.346607408762370318e-02 9.999093276246342477e-01 -3.711826199414900411e-05 1.266827951975268984e-02 3.042031593500368371e-03 -3.846481327825165163e-06 9.999953730037919319e-01 1.180833479073903902e-01
9.998848272188036734e-01 -1.486795902969899330e-02 -3.045667708844628993e-03 2.625081057392743134e+01 1.486772409245146198e-02 9.998894643043930719e-01 -9.976603400995389032e-05 2.857400070301658809e-02 3.046814371146662134e-03 5.447239651478646191e-05 9.999953569666961695e-01 1.228171098842598674e-01
9.998515248303840863e-01 -1.695389190855358524e-02 -3.081208116130981778e-03 2.711536272359470345e+01 1.695363374917664007e-02 9.998562707847469255e-01 -1.098865872435363485e-04 4.622433016396085281e-02 3.082628261823061946e-03 5.763259791797696379e-05 9.999952470294484197e-01 1.269285786951197537e-01
9.998204880511898374e-01 -1.869094158768353636e-02 -3.104895413970749050e-03 2.797870711417661482e+01 1.869060896723495971e-02 9.998253060459286745e-01 -1.361120236322283634e-04 6.475742960884203758e-02 3.106897069392228899e-03 7.805520384008726275e-05 9.999951705373331112e-01 1.312592838525881156e-01
9.997793913667245569e-01 -2.076696896005040746e-02 -3.146680553091603556e-03 2.883233758950331094e+01 2.076664522480468900e-02 9.997843407852886610e-01 -1.355232099104308578e-04 8.537978173325624920e-02 3.148816348723425598e-03 7.014731364811911869e-05 9.999950400051798027e-01 1.353604932367749036e-01
9.997524903441648014e-01 -2.201526714852231753e-02 -3.207189264874215490e-03 2.962592718333664976e+01 2.201501498469429427e-02 9.997576336990354751e-01 -1.139108786018890631e-04 1.040847440803456814e-01 3.208919728695378091e-03 4.327636484671495694e-05 9.999948504674091021e-01 1.395690192562617504e-01
9.996667034119891548e-01 -2.560687516606321296e-02 -3.281772956946667815e-03 3.045607807317889026e+01 2.560686914855283755e-02 9.996720894017888659e-01 -4.385857141243076511e-05 1.294396346242273066e-01 3.281819909775448608e-03 -4.019197716849374661e-05 9.999946140068404210e-01 1.433297570115152908e-01
9.996660875356181419e-01 -2.563450529453865229e-02 -3.253547239440338079e-03 3.045730153637703452e+01 2.563454298477225654e-02 9.996713806539773151e-01 -3.012368206436903388e-05 1.295290356317193581e-01 3.253250266560798673e-03 -5.328957315588985958e-05 9.999947067474554974e-01 1.436107480715360651e-01
9.996122080268655674e-01 -2.763857867027115500e-02 -3.397430334253397424e-03 3.100563734919388281e+01 2.763931033721606437e-02 9.996179470690166324e-01 1.685874869654927681e-04 1.488625009928124521e-01 3.391472817517191072e-03 -2.624247414316674518e-04 9.999942145059582677e-01 1.457444734379111928e-01
9.995911946176343488e-01 -2.837226016376272891e-02 -3.529659507250133051e-03 3.137090115173283777e+01 2.837271494908141095e-02 9.995974103769680319e-01 7.883033988930329618e-05 1.619114609032573093e-01 3.526001908048288867e-03 -1.789441366693383896e-04 9.999937676253518593e-01 1.483281782035485996e-01
9.995867483542391074e-01 -2.852715747168707919e-02 -3.540310908871022785e-03 3.142251783132186205e+01 2.852728771146952752e-02 9.995930140151390031e-01 -1.371504824868895085e-05 1.659775487982681763e-01 3.539261303290816216e-03 -8.728608738373827038e-05 9.999937329856481982e-01 1.484077285467968466e-01
9.995865570065436412e-01 -2.853587765708962692e-02 -3.524023026340870283e-03 3.142523682800235818e+01 2.853603227260080588e-02 9.995927644902253828e-01 -6.408700699368174135e-06 1.659030087840203671e-01 3.522770796927013684e-03 -9.415558372283254387e-05 9.999937905910437630e-01 1.486624525543498443e-01
9.995849054786369869e-01 -2.859428046440304350e-02 -3.519071487498609974e-03 3.142933668730983854e+01 2.859450860870083391e-02 9.995910933309751778e-01 1.452440249800498624e-05 1.664937537630084841e-01 3.517217200860628477e-03 -1.151444934227600014e-04 9.999938079432860727e-01 1.489357612146875454e-01
9.995646402884401649e-01 -2.927511331596999167e-02 -3.673911475137958248e-03 3.175296853593784974e+01 2.927504496435576892e-02 9.995713913982823273e-01 -7.239188113031441490e-05 1.785545562462304281e-01 3.674456085601384044e-03 -3.519355898816976439e-05 9.999932485441562768e-01 1.516142076514297443e-01
9.995642382988026986e-01 -2.929254400068836625e-02 -3.644225603755363915e-03 3.175312073535475932e+01 2.929251335465594269e-02 9.995708803496038408e-01 -6.179508854864871985e-05 1.785705524890612850e-01 3.644471930289030961e-03 -4.498036652991440395e-05 9.999933578785021870e-01 1.518272080593825457e-01
9.995248502768627752e-01 -3.059108379194569113e-02 -3.776145060088701658e-03 3.223913055382303128e+01 3.059135110922154427e-02 9.995319750099858069e-01 1.303894590482040591e-05 1.975915159871567128e-01 3.773978854343303449e-03 -1.285501298143118683e-04 9.999928702538214420e-01 1.538574523558113860e-01
9.995183399080762587e-01 -3.079961804924861296e-02 -3.804170801896925979e-03 3.225992953138393915e+01 3.079986000907072863e-02 9.995255717580541210e-01 5.022135602026742449e-06 2.000207060433049910e-01 3.802211315968345891e-03 -1.221876447771869654e-04 9.999927641034674908e-01 1.541882530836469201e-01
9.995169657495173166e-01 -3.081494909632172610e-02 -4.034115905204407534e-03 3.244371105788697918e+01 3.081517387968578728e-02 9.995250997435607410e-01 -6.438542682293885588e-06 2.087798840535011469e-01 4.032398505886874464e-03 -1.178765504124141270e-04 9.999918629006009363e-01 1.545380254842720902e-01
9.995063463543124582e-01 -3.115472617621250009e-02 -4.055445032177806830e-03 3.251836711632635968e+01 3.115483416006455467e-02 9.995145696646654532e-01 -3.655935088661544491e-05 2.146193325284662112e-01 4.054615392697012190e-03 -8.980541418115967718e-05 9.999917759806880024e-01 1.546103571659496190e-01
9.995040625872857465e-01 -3.122647555433518199e-02 -4.066459889904288846e-03 3.252605183794797483e+01 3.122668072120892563e-02 9.995123282086469940e-01 -1.304355681665895350e-05 2.153746277054262026e-01 4.064884096428448071e-03 -1.139449566069706171e-04 9.999917318327361526e-01 1.550249328797086434e-01
9.994963162305130489e-01 -3.146401580460285452e-02 -4.138786193255620909e-03 3.254713921554298395e+01 3.146440934823278163e-02 9.995048724467966439e-01 2.999248504621948461e-05 2.179490794077877103e-01 4.135793282146234782e-03 -1.602018412955972398e-04 9.999914347379695867e-01 1.553504423135971813e-01
9.994957649011059209e-01 -3.148465712239661984e-02 -4.114888906133204634e-03 3.254869422597309381e+01 3.148509300768543434e-02 9.995042207128762568e-01 4.117660737491774881e-05 2.179902359072652118e-01 4.111552398075294171e-03 -1.707135045980154070e-04 9.999915329610459258e-01 1.556207123011739135e-01
9.994941477307347499e-01 -3.153641574786123641e-02 -4.111342099837020196e-03 3.255389129150916006e+01 3.153692896004993418e-02 9.995025855428121275e-01 6.004224958111971307e-05 2.184690156396905669e-01 4.107403541488120757e-03 -1.896709807938311526e-04 9.999915465948058246e-01 1.559727189517019497e-01
9.994942208137465034e-01 -3.153825770448145244e-02 -4.079321139478816853e-03 3.255421210113620134e+01 3.153879831105441817e-02 9.995025260315872906e-01 6.824690538742347727e-05 2.182424046753416169e-01 4.075139394908723102e-03 -1.968692741750861059e-04 9.999916772060687409e-01 1.561822663367804509e-01
9.994937749836485530e-01 -3.155631277089254727e-02 -4.048813815529028054e-03 3.255462261914890831e+01 3.155689532284626508e-02 9.995019539488716465e-01 8.006272463660802231e-05 2.182333367635884702e-01 4.044270835411764055e-03 -2.077901886287531212e-04 9.999918003147089118e-01 1.564121238060272034e-01
9.994933592585455440e-01 -3.157329607633337781e-02 -4.018926848749247889e-03 3.255555241638043640e+01 3.157391845658162610e-02 9.995014153577929106e-01 9.149390649018749200e-05 2.181884227053291769e-01 4.014034309340752324e-03 -2.183408205428295106e-04 9.999919198952833543e-01 1.566705827527838935e-01
9.994934081956950989e-01 -3.157515839718998130e-02 -3.992035272576846192e-03 3.255647864620058840e+01 3.157579882036305741e-02 9.995013553895449876e-01 9.748531957814920101e-05 2.180015832346545168e-01 3.986966551291590277e-03 -2.234876369527796878e-04 9.999920270437160363e-01 1.569031570825472066e-01
9.994905797868047781e-01 -3.166228302158501096e-02 -4.010081217327931234e-03 3.256617959277243557e+01 3.166303837622720663e-02 9.994985924828837520e-01 1.250023553315504860e-04 2.189009106878593847e-01 4.004112672503691399e-03 -2.519100320689733369e-04 9.999919517791363566e-01 1.574288840664328504e-01
9.994905856650290188e-01 -3.166592884945210185e-02 -3.979713199529115626e-03 3.256708053687237481e+01 3.166670869915821224e-02 9.994984751612575602e-01 1.330809999813196390e-04 2.186835710035881231e-01 3.973503141027108151e-03 -2.590376251957833206e-04 9.999920720547248454e-01 1.576750914459146280e-01
9.994911788806268849e-01 -3.165137990665094908e-02 -3.946326125822839995e-03 3.256717778588770074e+01 3.165216083907424621e-02 9.994989356341050790e-01 1.355749877529713885e-04 2.182624223838134092e-01 3.940057626977032205e-03 -2.604157535818120298e-04 9.999922040343797169e-01 1.578738861311057562e-01
9.994910511133823228e-01 -3.165888912792860083e-02 -3.918352143886478199e-03 3.256867317568395492e+01 3.165969623925446452e-02 9.994986957800571226e-01 1.441113179783926838e-04 2.181059292286798290e-01 3.911825453178819842e-03 -2.680918113053183151e-04 9.999923128446587262e-01 1.581529661364999839e-01
9.994904569481224410e-01 -3.168129959696728420e-02 -3.888666294815258401e-03 3.256960288488373578e+01 3.168214988432444673e-02 9.994979823168380628e-01 1.572365924227657886e-04 2.181319060374707630e-01 3.881732655974448089e-03 -2.803577819999351428e-04 9.999924267468762729e-01 1.584123535613288780e-01
9.994902810992959408e-01 -3.169042167339647387e-02 -3.859425123568652367e-03 3.257077420870226092e+01 3.169129940816780427e-02 9.994976907578007053e-01 1.664683597324354556e-04 2.179926779944796889e-01 3.852211046139565175e-03 -2.886937047854109357e-04 9.999925385351662310e-01 1.586757511190235448e-01
9.994891842913875557e-01 -3.172743279628052054e-02 -3.839334937955748463e-03 3.257322171427076540e+01 3.172836494933548718e-02 9.994965120966450289e-01 1.821108233521490224e-04 2.182392471652278287e-01 3.831623970343438126e-03 -3.038336183449470663e-04 9.999926131441608801e-01 1.589917462586321051e-01
9.994884875278257086e-01 -3.175286530951840214e-02 -3.810360094102044348e-03 3.257426359806481031e+01 3.175384075733739958e-02 9.994957004785737231e-01 1.957602410914252621e-04 2.183063248545663304e-01 3.802222582757053184e-03 -3.166536749306602620e-04 9.999927213904541423e-01 1.592589106694037859e-01
9.994875927063273657e-01 -3.178436095977550668e-02 -3.782383449756422916e-03 3.257515103719813254e+01 3.178538888999057899e-02 9.994946943980564935e-01 2.119512134140963356e-04 2.184604842353185528e-01 3.773735456332809931e-03 -3.320671369358911378e-04 9.999928243003183281e-01 1.594936646134192948e-01
9.994869644932955488e-01 -3.180747360389017675e-02 -3.753988677008454275e-03 3.257616805039116059e+01 3.180853958373726365e-02 9.994939551455934712e-01 2.245819166394001632e-04 2.185103408133560188e-01 3.744945606964800860e-03 -3.438755955594035478e-04 9.999929285409876467e-01 1.597609139915263654e-01
9.994862802182606920e-01 -3.183060679358001854e-02 -3.740070412197895461e-03 3.257945300872470540e+01 3.183171075230041558e-02 9.994932148315942566e-01 2.360005418095045056e-04 2.186114324865865155e-01 3.730662959530057013e-03 -3.549321432048737094e-04 9.999929780638767696e-01 1.600471637952889381e-01
9.994853711851211520e-01 -3.186215998544259659e-02 -3.714235866758769985e-03 3.258175897587498326e+01 3.186332094506480472e-02 9.994922032529039990e-01 2.538012541533941359e-04 2.187254871452720406e-01 3.704263133698610950e-03 -3.720185301908366564e-04 9.999930699944148405e-01 1.603395096616266891e-01
9.994844075696359686e-01 -3.189549075848566173e-02 -3.687369593690754347e-03 3.258350448507577823e+01 3.189670043025408241e-02 9.994911344090937622e-01 2.697023443921679688e-04 2.188710070919137884e-01 3.676890929545741094e-03 -3.871782111984055645e-04 9.999931652597082721e-01 1.606512129343675710e-01
9.994844909794217136e-01 -3.189649382854905374e-02 -3.655950372054572305e-03 3.258382310032368423e+01 3.189771727073220653e-02 9.994911000147944646e-01 2.768107681189461620e-04 2.186445151282885857e-01 3.645260566002614562e-03 -3.932845409824881197e-04 9.999932786787523176e-01 1.608682807065533460e-01
9.994833903299600308e-01 -3.193135032790448552e-02 -3.652577286917494705e-03 3.258894929641713389e+01 3.193262333738586950e-02 9.994899814640623159e-01 2.907229432481101927e-04 2.189322867957065044e-01 3.641431228643282354e-03 -4.072091276660272830e-04 9.999932870571374144e-01 1.611830291157034800e-01
9.994828071964442229e-01 -3.195303942696542387e-02 -3.622345947810688346e-03 3.258944824947452190e+01 3.195435179041560686e-02 9.994892827761312493e-01 3.049875045388347012e-04 2.189692373997904618e-01 3.610750675582346820e-03 -4.205794839071156309e-04 9.999933927744030226e-01 1.613855918589761629e-01
9.994823641701173766e-01 -3.196901465306858231e-02 -3.603583646302451274e-03 3.259193387868603509e+01 3.197035464598424470e-02 9.994887679686450532e-01 3.148466273341777970e-04 2.189645024679401641e-01 3.591676042467357999e-03 -4.298914985955833937e-04 9.999934575068530895e-01 1.616621248982301751e-01
9.994811778520665824e-01 -3.200874947798609121e-02 -3.579815131033700464e-03 3.259393626369696761e+01 3.201014665482335847e-02 9.994874882548417938e-01 3.336663500003910149e-04 2.192043227073130485e-01 3.567300191122435397e-03 -4.480836438374073780e-04 9.999935367743131298e-01 1.619343022846728708e-01
9.994804568590015537e-01 -3.203354366345630838e-02 -3.559274835431364137e-03 3.259639178349495836e+01 3.203497578936755769e-02 9.994866885364822595e-01 3.460702540102755667e-04 2.192887043549860970e-01 3.546361962259348202e-03 -4.599117387521214017e-04 9.999936058785726667e-01 1.622346696264798105e-01
9.994805474800069200e-01 -3.203370103899394472e-02 -3.532309001360139401e-03 3.259818457044199391e+01 3.203514391837251202e-02 9.994866808491517096e-01 3.526462028739964357e-04 2.190379813212527949e-01 3.519199236462909781e-03 -4.656210471258534511e-04 9.999936991970397315e-01 1.625201934497115808e-01
9.994802222851818518e-01 -3.204719277443564968e-02 -3.501813260699751604e-03 3.259885952643743678e+01 3.204866300215228336e-02 9.994862431863965613e-01 3.645284448693525956e-04 2.189565186318246370e-01 3.488332066927893153e-03 -4.765674041837970063e-04 9.999938021922462061e-01 1.627459459367965877e-01
9.994796265437734251e-01 -3.206895406975771717e-02 -3.472507575512245610e-03 3.259973615927346202e+01 3.207045369438364657e-02 9.994855395916156793e-01 3.770240876256006238e-04 2.189885904537043626e-01 3.458630339692860944e-03 -4.881927876897740066e-04 9.999938997533837082e-01 1.630041914081026277e-01
9.994785544505895292e-01 -3.210340026235811162e-02 -3.462785732018848657e-03 3.260425031621448255e+01 3.210494701215012986e-02 9.994844264463761396e-01 3.920058355372293686e-04 2.192228775621920256e-01 3.448415691025411619e-03 -5.029739782677090107e-04 9.999939277047656949e-01 1.633393856925899890e-01
9.994788190845835807e-01 -3.209874348567293145e-02 -3.429412194302517390e-03 3.260426231721631041e+01 3.210029519381339680e-02 9.994845733402850652e-01 3.983758625942588998e-04 2.189211413873794476e-01 3.414857219201417309e-03 -5.082533804637547536e-04 9.999940401965797809e-01 1.635317105799338755e-01
9.994787780764037288e-01 -3.210332263361453248e-02 -3.398360023921155430e-03 3.260472477441747685e+01 3.210488521574960535e-02 9.994844227466296305e-01 4.062415408853663917e-04 2.187354466227193206e-01 3.383566203535132936e-03 -5.151337573656300387e-04 9.999941430413297194e-01 1.637588112146342034e-01
9.994776043670011711e-01 -3.214163251652898956e-02 -3.381394393405774777e-03 3.260791692686554200e+01 3.214324111478288754e-02 9.994831832468770161e-01 4.224421807103288947e-04 2.189875758096583858e-01 3.366068850797770181e-03 -5.309104740392151054e-04 9.999941938404268704e-01 1.640924281919957650e-01
9.994772697838574249e-01 -3.215519711384496465e-02 -3.351191436959146709e-03 3.260856432543285877e+01 3.215682428721478026e-02 9.994827418938482255e-01 4.327911574294152856e-04 2.189120622657972914e-01 3.335541521042139149e-03 -5.403285985931280486e-04 9.999942910875901925e-01 1.643343479443912791e-01
9.994765994690389954e-01 -3.217773674157470981e-02 -3.334722187427876638e-03 3.261151951067918731e+01 3.217939310045895424e-02 9.994820105040453928e-01 4.442280348856655534e-04 2.189920442445267013e-01 3.318700583598383543e-03 -5.513048618342681955e-04 9.999943411286840167e-01 1.646308620202616702e-01
9.994758968083389261e-01 -3.220253321899794324e-02 -3.305836281055842592e-03 3.261255061366085783e+01 3.220421845810816919e-02 9.994812047902537078e-01 4.578041008227296373e-04 2.190582487847805016e-01 3.289378777259790304e-03 -5.640260380020600730e-04 9.999944309154393807e-01 1.648956889317423347e-01
9.994754756301598153e-01 -3.221856409860893861e-02 -3.276849303969466866e-03 3.261396088825881634e+01 3.222027382690403202e-02 9.994806815400836264e-01 4.703007109688430365e-04 2.189800448367292818e-01 3.259995162028885007e-03 -5.756350086360470780e-04 9.999945205229305856e-01 1.651646407866502742e-01
9.994761801376558230e-01 -3.220009449562786369e-02 -3.243339634416246130e-03 3.261396523350595800e+01 3.220178984724721832e-02 9.994812765085461237e-01 4.718469564632947911e-04 2.185073229779001813e-01 3.226463721366824942e-03 -5.760411349540963018e-04 9.999946290398119553e-01 1.653616760171350286e-01
9.994763170617720904e-01 -3.219860117084736434e-02 -3.215853751062849354e-03 3.261520786314391529e+01 3.220029934082485612e-02 9.994813217604439082e-01 4.776760687116075421e-04 2.182614317314186536e-01 3.198805256470583797e-03 -5.809773713128254212e-04 9.999947150411498953e-01 1.656134437357059674e-01
9.994763046861853129e-01 -3.220191894130942922e-02 -3.186343894898156781e-03 3.261654710802926616e+01 3.220362535180659735e-02 9.994812107451591654e-01 4.856764977832078180e-04 2.180291548136328583e-01 3.169051138705252998e-03 -5.880339762984685683e-04 9.999948056519736284e-01 1.658855984641509629e-01
9.994722283394525952e-01 -3.232563615657116363e-02 -3.212168319652462106e-03 3.263029938423699861e+01 3.232741787405037787e-02 9.994772052103704230e-01 5.043000423848911220e-04 2.193451236823137640e-01 3.194187195102977852e-03 -6.078749946531474989e-04 9.999947138141076497e-01 1.663501238224167622e-01
9.994725797594505856e-01 -3.231806798331681579e-02 -3.178803373283708641e-03 3.263041506256416113e+01 3.231984844899713633e-02 9.994774469506082504e-01 5.103267552225154583e-04 2.190119683106155346e-01 3.160649505113918758e-03 -6.127960418240556992e-04 9.999948173744315216e-01 1.665392848923832325e-01
9.994726436684070459e-01 -3.231903488399123087e-02 -3.148736687054402589e-03 3.263133645401153160e+01 3.232081762953505771e-02 9.994774122142823236e-01 5.169344921410764073e-04 2.187762063503887744e-01 3.130384371832386006e-03 -6.184316276771866091e-04 9.999949091050475136e-01 1.667875090112298508e-01
9.994726877632196249e-01 -3.232071672911226989e-02 -3.117320252053823373e-03 3.263193638695473453e+01 3.232250523674154441e-02 9.994773534060285014e-01 5.250559693603101949e-04 2.185515727000603980e-01 3.098720809984471976e-03 -6.255387010821294438e-04 9.999950033028569552e-01 1.670137557418569507e-01
9.994726331667224128e-01 -3.232508759208772842e-02 -3.089379066068967308e-03 3.263299990786825333e+01 3.232687965685855647e-02 9.994772083137297702e-01 5.318957730412384463e-04 2.183811048385766451e-01 3.070570386919398761e-03 -6.314852541228523075e-04 9.999950863998675610e-01 1.672695625776889905e-01
9.994715829827759412e-01 -3.236005674246049402e-02 -3.062929578086035897e-03 3.263455033804928007e+01 3.236188570062938780e-02 9.994760659767784050e-01 5.494484062054455975e-04 2.185568872045295097e-01 3.043544623462813951e-03 -6.482802452204632863e-04 9.999951582727060195e-01 1.675395031178488203e-01
9.994702530807254570e-01 -3.240291776425058973e-02 -3.043702874016483879e-03 3.263760463117156974e+01 3.240478900831147979e-02 9.994746658149222807e-01 5.674888063464957576e-04 2.188569885892469868e-01 3.023715619718699704e-03 -6.658187303239515836e-04 9.999952069031506907e-01 1.678815500314607689e-01
9.994700658089444856e-01 -3.241145873997199056e-02 -3.014115837605425060e-03 3.263826659226565141e+01 3.241333449521411475e-02 9.994743841038501442e-01 5.755581638652664022e-04 2.187357306923033706e-01 2.993876890723105432e-03 -6.729507007547650462e-04 9.999952919081785963e-01 1.681221936149244200e-01
9.994695181677730744e-01 -3.243105451424931063e-02 -2.984787537578300915e-03 3.263939886338501850e+01 3.243294813175374297e-02 9.994737404682312309e-01 5.882091423127699861e-04 2.187176310375476551e-01 2.964140521921558580e-03 -6.847025674276497123e-04 9.999953725159762552e-01 1.683892956284647191e-01
9.994693937684325791e-01 -3.243777215481402632e-02 -2.953279171590589888e-03 3.263967919937489626e+01 3.243967049547252096e-02 9.994735169959103604e-01 5.971616532782260270e-04 2.185674742887944166e-01 2.932353726647124806e-03 -6.926481987791282754e-04 9.999954607597477674e-01 1.686016393320701745e-01
9.994695409595093505e-01 -3.243607125738223740e-02 -2.921981458653453469e-03 3.264009600008515832e+01 3.243796564660876569e-02 9.994735686605240588e-01 6.032692395651609221e-04 2.183053616656971674e-01 2.900875551993671066e-03 -6.977323641068558383e-04 9.999955490353872323e-01 1.688242351399278363e-01
9.994690357140832981e-01 -3.245426938835986597e-02 -2.892584882001566094e-03 3.264129940243227423e+01 3.245617929891817660e-02 9.994729697344614250e-01 6.157885692565794088e-04 2.182712254048065903e-01 2.871075434105530878e-03 -7.093438610740542645e-04 9.999956268690098904e-01 1.690910440255910530e-01
9.994691231680536969e-01 -3.245439563056286281e-02 -2.860775770334085012e-03 3.264166087586259835e+01 3.245630186005651896e-02 9.994729616384562254e-01 6.224333626712337921e-04 2.180332654895681121e-01 2.839067333148897164e-03 -7.149531291633025006e-04 9.999957142601695326e-01 1.693130625244574361e-01
9.994677233801876337e-01 -3.249914026071792222e-02 -2.841795842471643053e-03 3.264436690598763846e+01 3.250108421135212977e-02 9.994714949446457108e-01 6.405609031645987522e-04 2.183735022215282373e-01 2.819476260360482753e-03 -7.325813935477612721e-04 9.999957569300605975e-01 1.696353358294784286e-01
9.994659265233362122e-01 -3.255503587907557228e-02 -2.833965037246757249e-03 3.264912524312833852e+01 3.255703277249405447e-02 9.994696604808038787e-01 6.613588332097504550e-04 2.188729309825072633e-01 2.810931513042749796e-03 -7.532711115799613265e-04 9.999957656143686480e-01 1.699986365142232003e-01
9.994659081095823572e-01 -3.255834919773281655e-02 -2.802217742660607133e-03 3.264940138115088786e+01 3.256034440109885353e-02 9.994695472844433715e-01 6.693456360229438481e-04 2.186700469270906333e-01 2.778938509693172111e-03 -7.602293187225968871e-04 9.999958497674619196e-01 1.702110631907451932e-01
9.994654497289612305e-01 -3.257495864602379804e-02 -2.772520038863444253e-03 3.265013893225636821e+01 3.257696209211327631e-02 9.994689982285126506e-01 6.805299486703619144e-04 2.186345479512484258e-01 2.748879590871362334e-03 -7.704864513953686971e-04 9.999959249975116649e-01 1.704558983134925043e-01
9.994649897958634011e-01 -3.259146008837805059e-02 -2.744248846804737355e-03 3.265178944890460144e+01 3.259347549778959796e-02 9.994684513442185780e-01 6.929088202596684568e-04 2.185662120351330451e-01 2.720207234854069012e-03 -7.819827145062999054e-04 9.999959944797977007e-01 1.707430493350661216e-01
9.994657956576484814e-01 -3.256960589489088509e-02 -2.709996742769176133e-03 3.265169828630674687e+01 3.257159753477287950e-02 9.994691637696145881e-01 6.940517046940248127e-04 2.180460776881832652e-01 2.685953187816687154e-03 -7.819498624734227488e-04 9.999960870972902649e-01 1.709274097402038173e-01
9.994654374587573775e-01 -3.258321967821517506e-02 -2.678268255195808637e-03 3.265184188386847808e+01 3.258521600971871213e-02 9.994687121010834563e-01 7.051444322689206330e-04 2.179778251940841516e-01 2.653869447735645540e-03 -7.920394380846300115e-04 9.999961648178901097e-01 1.711363457305696834e-01
9.994639054497719277e-01 -3.263095643089899967e-02 -2.668779789576174004e-03 3.265581610852603234e+01 3.263299271816839930e-02 9.994671405308671597e-01 7.230389870350595457e-04 2.184037595684433786e-01 2.643764251305850532e-03 -8.097416412019790974e-04 9.999961774072257947e-01 1.714554400291512515e-01
9.994636317061058595e-01 -3.264180155296086960e-02 -2.638501144616303435e-03 3.265666267033408587e+01 3.264384070251847431e-02 9.994667786604589654e-01 7.334973365241140774e-04 2.182864895418579754e-01 2.613151564998512141e-03 -8.192347228552504393e-04 9.999962501396557624e-01 1.716991377747052461e-01
9.994630496558077892e-01 -3.266197835426095514e-02 -2.609126821283506720e-03 3.265766966421851691e+01 3.266402527946019735e-02 9.994661101042735529e-01 7.457919575566097307e-04 2.182845952461735239e-01 2.583374794057827998e-03 -8.306160887438618183e-04 9.999963181190181238e-01 1.719586308455958168e-01
9.994617594425042606e-01 -3.270319689884004094e-02 -2.586952794464098242e-03 3.265946186440723409e+01 3.270527100881943233e-02 9.994647478740463775e-01 7.635478882402882330e-04 2.185814096454938849e-01 2.560597665545675389e-03 -8.477439080170533431e-04 9.999963623283174563e-01 1.722215086141116736e-01
9.994613899890716358e-01 -3.271679890665522838e-02 -2.557536018457127330e-03 3.266037132872444460e+01 3.271887412121188971e-02 9.994642947525063104e-01 7.738159888778913193e-04 2.185067816197056867e-01 2.530849150887886766e-03 -8.570789028758639665e-04 9.999964301027957081e-01 1.724784481453669471e-01
