1.000000000000000000e+00 0.000000000000000000e+00 0.000000000000000000e+00 0.000000000000000000e+00 0.000000000000000000e+00 1.000000000000000000e+00 0.000000000000000000e+00 0.000000000000000000e+00 0.000000000000000000e+00 0.000000000000000000e+00 1.000000000000000000e+00 0.000000000000000000e+00
9.999999403953552246e-01 -5.063639491709182039e-06 -2.602811146061867476e-04 2.052731387084349990e-02 5.062471700512105599e-06 1.000000000000000000e+00 1.437497871847881470e-06 2.309200340278039221e-05 2.602800959721207619e-04 -1.438823005628364626e-06 9.999998807907104492e-01 2.406869316473603249e-05
9.999997028960744272e-01 -1.332520305690351309e-05 -7.145903817107857828e-04 4.967380734240567364e-02 1.331891316423085160e-05 9.999999403533657016e-01 1.546431618126237824e-06 5.090090884150615997e-05 7.145895408726819949e-04 -1.556015979819691629e-06 9.999997029382421410e-01 1.630920758133314052e-04
9.999988671418125197e-01 5.332586073851697570e-05 1.451045431199522685e-03 7.511415117609110403e-02 -5.327248521063163649e-05 9.999999413071309906e-01 -4.101595142719530131e-05 8.289436067552542569e-05 -1.451048627775652564e-03 4.093855025412013453e-05 9.999988663589700622e-01 1.685514294398338109e-04
9.999811877054353149e-01 1.879577401549205784e-04 6.112918321196071647e-03 1.214420081245566330e-01 -1.878295276655962557e-04 9.999999349224816259e-01 -2.265484109811999252e-05 -1.049993544653418328e-04 -6.112922312882298863e-03 2.150625140654939440e-05 9.999811948497178138e-01 -5.041330960198209254e-05
9.999750026070101105e-01 3.453398366807207539e-04 7.041863008049212974e-03 1.900491060519133857e-01 -3.452254569808710610e-04 9.999998458543407631e-01 -1.841596663631889694e-05 -2.947522565745971934e-04 -7.041869547178877808e-03 1.598441295215801504e-05 9.999750990359121960e-01 -1.037454715937524696e-04
9.999862830923059720e-01 5.701445780333406696e-04 5.191952965452329739e-03 3.009371726884393361e-01 -5.699648891753589458e-04 9.999997679036770615e-01 -3.865711820859209761e-05 -5.440230489792741196e-04 -5.191974622777086219e-03 3.569723898330063808e-05 9.999863972248487221e-01 2.258258538851976027e-04
9.999923295350073849e-01 8.724021617240169772e-04 3.799030655119600176e-03 4.454001402205995941e-01 -8.722192831604769778e-04 9.999994759989287996e-01 -4.911996342882816584e-05 -9.746070495832774268e-04 -3.799073124215235787e-03 4.580590976411708104e-05 9.999926752191263812e-01 6.181529683837450051e-04
9.999897907662087526e-01 1.234396365632945162e-03 4.321404860884135724e-03 6.091105759340798009e-01 -1.234148339163185400e-03 9.999991001705506033e-01 -6.030837849442733430e-05 -1.571392798086846407e-03 -4.321476551304597770e-03 5.497451450292159612e-05 9.999905709287637556e-01 8.275178415455552994e-04
9.999852338020968068e-01 1.681652414667302075e-03 5.151588723439246356e-03 8.000567555653455010e-01 -1.681280908772269083e-03 9.999984876238641185e-01 -7.909509271220127959e-05 -2.358383168221771936e-03 -5.151715520382899385e-03 7.043262105248814279e-05 9.999866245696491518e-01 1.038053793776194667e-03
9.999850221671084949e-01 1.864519280634519558e-03 5.133029351368932972e-03 1.036052800823199282e+00 -1.865564027987326977e-03 9.999981399742394750e-01 1.965213178404741931e-04 -3.712913773989529563e-03 -5.132654426446504360e-03 -2.060943928449706741e-04 9.999866823759347989e-01 1.335687353559489310e-03
9.999867363239551832e-01 1.874211848696487629e-03 4.772321431614063442e-03 1.257294087610744349e+00 -1.874359173766405699e-03 9.999980977016157402e-01 2.536341602801841220e-05 -3.761400177838407008e-03 -4.772266178890958305e-03 -3.430816184807441619e-05 9.999885675616488889e-01 1.712931820638363689e-03
9.999874447697376656e-01 1.890583263178722672e-03 4.617437415895480658e-03 1.507976270187703527e+00 -1.890332628983338063e-03 9.999980699666214390e-01 -6.036688699826042211e-05 -4.060209203620943411e-03 -4.617543782588199100e-03 5.163758882068039929e-05 9.999892492956884427e-01 2.150692231661865961e-03
9.999865990560310447e-01 1.914060437387828844e-03 4.778068425662157330e-03 1.857107198424500227e+00 -1.914048200352581539e-03 9.999980282430100953e-01 -9.227620239994880648e-06 -4.898475286261898091e-03 -4.778076839601105678e-03 8.203575717537654332e-08 9.999885106711331462e-01 2.686208231559517046e-03
9.999860450329969286e-01 1.931879800628093832e-03 4.886878480160034878e-03 2.162645280050230046e+00 -1.931888796952234118e-03 9.999978749262917743e-01 -5.169232852490879887e-06 -5.527908745263297036e-03 -4.886879613581831400e-03 -4.271738686478541480e-06 9.999879908007358598e-01 3.126859109054080932e-03
9.999862284828138215e-01 1.949752831266705119e-03 4.866669668882113442e-03 2.459772077151164638e+00 -1.949718163953347667e-03 9.999978404309167734e-01 -1.304564032507575665e-05 -6.115875007756993616e-03 -4.866686324125989345e-03 3.556744203557119951e-06 9.999882087299298838e-01 3.569734946492486571e-03
9.999865311586834116e-01 1.971875765773431748e-03 4.795615380765852476e-03 2.829652572191826643e+00 -1.971831726055160283e-03 9.999977972908088431e-01 -1.459986862452122879e-05 -6.873739539526300610e-03 -4.795634516779963448e-03 5.143484073422107118e-06 9.999884949061873529e-01 4.133654804243880321e-03
9.999865995376510108e-01 1.992370673743713416e-03 4.772927931702224645e-03 3.175247272969174084e+00 -1.992336239151380056e-03 9.999977568853487542e-01 -1.307829743370684402e-05 -7.574294925858978539e-03 -4.772945249665096548e-03 3.568790690874814289e-06 9.999886037299283714e-01 4.710978564232526367e-03
9.999864205196989930e-01 2.020595495362726562e-03 4.798655143961601081e-03 3.619233377460930878e+00 -2.020557923829973106e-03 9.999976410488070622e-01 -1.248732818572923431e-05 -8.487757882371197229e-03 -4.798671215329799143e-03 2.791149706323753722e-06 9.999884213367832286e-01 5.392904923559260766e-03
9.999862663094417625e-01 2.046421766918700511e-03 4.819910550977939655e-03 3.997094574769010311e+00 -2.046391246919244435e-03 9.999975888620225017e-01 -1.346175830030695494e-05 -9.270245068886745141e-03 -4.819929268500527941e-03 3.598094665213378964e-06 9.999883193260564740e-01 5.938939113208974163e-03
9.999861941162162537e-01 2.080508491357402692e-03 4.820415217551181700e-03 4.466091000380091103e+00 -2.080478266285992577e-03 9.999975191048854350e-01 -1.385310356453107207e-05 -1.024515995268750722e-02 -4.820434918495018067e-03 3.824131488558491415e-06 9.999883168883115792e-01 6.570620948491479041e-03
9.999861608015413461e-01 2.124755162935678711e-03 4.808233270149876726e-03 4.960421437954974699e+00 -2.124679000058343065e-03 9.999974270184706082e-01 -2.190874320503300200e-05 -1.125646024670901024e-02 -4.808269222806641624e-03 1.169246807568883577e-05 9.999883158941259564e-01 7.405542334285364348e-03
9.999860239682003549e-01 2.177798978949979560e-03 4.800847459053811904e-03 5.486924111020927697e+00 -2.177695363631790802e-03 9.999973142151807881e-01 -3.050057055393745885e-05 -1.237703538035815447e-02 -4.800903633666418410e-03 2.004532841207810946e-05 9.999883512190037571e-01 8.260219889761444279e-03
9.999859778587384396e-01 2.246529791299979248e-03 4.804111472906073474e-03 6.036947577327164360e+00 -2.246378028511205813e-03 9.999971048031054410e-01 -3.701524716550419296e-05 -1.362411643155438459e-02 -4.804184131072982734e-03 2.622281072840925567e-05 9.999883353500826910e-01 9.074374283977171274e-03
9.999864364937867123e-01 2.004011136379576889e-03 4.809594456666816710e-03 6.524964926226037853e+00 -2.004852192856113567e-03 9.999976549955748029e-01 1.687552822871755747e-04 -1.486295969708727530e-02 -4.809247479412768166e-03 -1.783956703476332261e-04 9.999882570203052490e-01 9.789761501459492976e-03
9.999867345496983306e-01 1.850179177574745462e-03 4.811752254732808501e-03 7.066456964574241439e+00 -1.850110895095154542e-03 9.999979372674439038e-01 -1.881884462823969913e-05 -1.526545951582550589e-02 -4.811780245053061053e-03 9.916239861241454040e-06 9.999882782965849870e-01 1.057094026738703008e-02
9.999870368095389317e-01 1.660997517657641573e-03 4.809284164358277464e-03 7.745454966488217075e+00 -1.661053117714187148e-03 9.999982279190513523e-01 5.855386107542616490e-06 -1.632574442380875512e-02 -4.809269187648876169e-03 -1.384385445337022834e-05 9.999882906369091939e-01 1.166190021024982038e-02
9.999873923351707550e-01 1.453976908425631863e-03 4.806845060078373394e-03 8.382743918224818458e+00 -1.454389657319646572e-03 9.999985707587311090e-01 8.076573531589242058e-05 -1.728224276604184428e-02 -4.806723351264217958e-03 -8.775581948812552740e-05 9.999883019287518771e-01 1.260183624124100454e-02
9.999877228794695760e-01 1.183381937693647398e-03 4.807528663064265968e-03 9.086166875987242264e+00 -1.183818132260150424e-03 9.999989041980518190e-01 8.659330735327225726e-05 -1.791766367942583191e-02 -4.807424391754408673e-03 -9.228359226130816327e-05 9.999882981720652486e-01 1.369573941129598182e-02
9.999879419108839151e-01 9.439008371080241872e-04 4.808516955598797667e-03 9.608997298488731076e+00 -9.443969260179808445e-04 9.999991864977301192e-01 9.965923009753919635e-05 -1.822903287858425314e-02 -4.808422101631257793e-03 -1.041993149380207947e-04 9.999882922893271742e-01 1.446976465934390887e-02
9.999883074831223961e-01 4.877398245105756458e-04 4.809616742817198441e-03 1.042586179239697231e+01 -4.884730962148244211e-04 9.999994928528452842e-01 1.499256182874865017e-04 -1.839469296082943059e-02 -4.809544717566952704e-03 -1.522733929181080675e-04 9.999882819913413767e-01 1.567408712661300108e-02
9.999884370779614784e-01 -1.450794157332106044e-04 4.809623979128691169e-03 1.129090202641237184e+01 1.440097725686582269e-04 9.999996122822966127e-01 2.213454350625700519e-04 -1.794329831217053237e-02 -4.809656908289520680e-03 -2.206503691551373362e-04 9.999882712487353498e-01 1.703419295223418395e-02
9.999878930824778189e-01 -1.081275130166442977e-03 4.807402966280935157e-03 1.191772610140560573e+01 1.078488640455066861e-03 9.999988614905619411e-01 5.817610727714795727e-04 -1.727196279896669323e-02 -4.808030233718179822e-03 -5.765695230975154736e-04 9.999881425484031805e-01 1.803636843779066190e-02
9.999853578462583048e-01 -2.409999829487165061e-03 4.850124405232453424e-03 1.277412139927935186e+01 2.407903883800247263e-03 9.999966188353940355e-01 4.354018963624089675e-04 -1.371801449066359542e-02 -4.851160853839578228e-03 -4.237169757751440419e-04 9.999880223138912783e-01 1.931932438507910632e-02
9.999805286592595710e-01 -3.691686538088635727e-03 5.036780264626713154e-03 1.347927452031352402e+01 3.689111573869572214e-03 9.999926628388587924e-01 5.194141127555697984e-04 -1.013746728265765840e-02 -5.038664306921013768e-03 -5.008228524708411471e-04 9.999870208138467165e-01 2.032774132149151036e-02
9.999704858647173733e-01 -5.516308686672730111e-03 5.361544757599928310e-03 1.431953896078937127e+01 5.512243964080292165e-03 9.999840775770341139e-01 7.714922275268594736e-04 -4.601594008914290830e-03 -5.365718851490439145e-03 -7.419155187215249357e-04 9.999851944849550422e-01 2.164035076426928939e-02
9.999571184801778756e-01 -7.383495616326118081e-03 5.599771113427878984e-03 1.504057232910338016e+01 7.378217317696514344e-03 9.999719165455824843e-01 9.616511323844381546e-04 1.922371365903686666e-03 -5.606718011524523641e-03 -9.202937849709087823e-04 9.999837704963290275e-01 2.270472216130392518e-02
9.999286196956197470e-01 -1.043936118469155662e-02 5.828241497721939682e-03 1.597770351650644649e+01 1.043159062280495618e-02 9.999442342892851388e-01 1.361685736725309947e-03 1.305506430558011147e-02 -5.842135662189528074e-03 -1.300790776848660506e-03 9.999819871821115091e-01 2.413664444561636202e-02
9.998989752655245145e-01 -1.287913287035033147e-02 6.023732444212913373e-03 1.675410255758911759e+01 1.287425120009515027e-02 9.999163566915021395e-01 8.456472984188196469e-04 2.656953096535658726e-02 -6.034124121445895092e-03 -7.680110075260621061e-04 9.999813716711269951e-01 2.532965475967796642e-02
9.998582040876707877e-01 -1.561032186243995444e-02 6.338242438226501102e-03 1.769930236366066723e+01 1.560439416082475862e-02 9.998773940472831523e-01 9.824405132037570577e-04 4.309049196338501225e-02 -6.352805224213341900e-03 -8.833968762533891267e-04 9.999792422190200147e-01 2.670765632749194651e-02
9.997990578015802932e-01 -1.923512686161937824e-02 5.655639021088493430e-03 1.871985245253141628e+01 1.922545244328116229e-02 9.998132731507329840e-01 1.755660145162701771e-03 6.329327668499404314e-02 -5.688356619497033848e-03 -1.646574935433071539e-03 9.999822727031076885e-01 2.828151467968442745e-02
9.997264187269248037e-01 -2.338990488945805538e-02 4.922284305684597287e-04 1.969036288297032300e+01 2.338887528000596627e-02 9.997240418242926419e-01 1.983694080258645472e-03 8.817104592628391413e-02 -5.384944235241126290e-04 -1.971638966457028505e-03 9.999977831828678054e-01 2.989661358620021581e-02
9.995971432555038616e-01 -2.732229779595338193e-02 -7.698914051096792874e-03 2.047682986009180794e+01 2.733697334823058031e-02 9.996241933371378119e-01 1.809645302691418071e-03 1.128652090334643920e-01 7.646575768687957977e-03 -2.019381628534019750e-03 9.999684837002862370e-01 3.104670316382929229e-02
9.994023097146664814e-01 -3.316136302782751732e-02 -9.772376893608693271e-03 2.141326262261788571e+01 3.318228899149702066e-02 9.994469514158523804e-01 1.989413603375610965e-03 1.478149279156527607e-01 9.700999179189748189e-03 -2.312495519179357840e-03 9.999500486393460008e-01 3.225820709248372609e-02
9.993362962776983771e-01 -3.632426363131124186e-02 2.785226210149076113e-03 2.245028855114148314e+01 3.632458499732587470e-02 9.993396490783923447e-01 -7.252937662075415153e-05 1.942564010777795835e-01 -2.780754084523668311e-03 1.736533649751186622e-04 9.999959274487681959e-01 3.370660508588274595e-02
9.992125026507566732e-01 -3.941667523263716472e-02 4.572072320721183927e-03 2.327873153548946661e+01 3.940987441350751047e-02 9.992214915058136304e-01 1.562399323137938188e-03 2.255473272214293667e-01 -4.630099675731689721e-03 -1.380983525310193688e-03 9.999880889958319141e-01 3.508901731127589407e-02
9.990698729106952669e-01 -4.293330537435861849e-02 -4.042395877394497176e-03 2.411617191448580044e+01 4.294003268515343696e-02 9.990760259354887207e-01 1.599730246075870997e-03 2.634417888155597409e-01 3.969975627975350259e-03 -1.771823654101202516e-03 9.999902829809358407e-01 3.658888235155188795e-02
9.988545833766901971e-01 -4.737285291559752837e-02 -6.745466858493223000e-03 2.500847071786568421e+01 4.738195857182470744e-02 9.988756715498799954e-01 1.200431998054846952e-03 3.100928523183661412e-01 6.681011988957191901e-03 -1.518669969514752820e-03 9.999762992632306169e-01 3.790255407156006839e-02
9.986679992783948911e-01 -5.158944487902907688e-02 -1.021457972894268106e-03 2.568812098887617523e+01 5.159126610236929034e-02 9.986661274990566994e-01 1.874082656103174182e-03 3.481292502343934503e-01 9.234098703217570809e-04 -1.924283919432628930e-03 9.999974128651837324e-01 3.874206754579390122e-02
9.983376406348936083e-01 -5.761722483790598925e-02 1.598699383511151305e-03 2.651335277121393119e+01 5.761319486733348233e-02 9.983355357226528781e-01 2.448204222198000716e-03 3.998032046676971429e-01 -1.737100047838916524e-03 -2.352027999295200865e-03 9.999954370035580853e-01 3.992837881232791375e-02
9.982232960526871146e-01 -5.942308463735271329e-02 -4.395624861129108878e-03 2.716335883634915760e+01 5.941902686586373467e-02 9.982321775666799235e-01 -1.039922958480787992e-03 4.482846526188082881e-01 4.449646665133799410e-03 7.768913055654194698e-04 9.999895390999213873e-01 4.109488173774700215e-02
9.980335856885804713e-01 -6.250771632198624805e-02 -4.692360805962110006e-03 2.799846844331964490e+01 6.251127939013956247e-02 9.980436014123349464e-01 6.221349645966405082e-04 4.990677329957786124e-01 4.644289369136084776e-03 -9.142373773548687424e-04 9.999885922577719244e-01 4.247102833800342481e-02
9.978482783214305263e-01 -6.556098185493118569e-02 9.302972709588367079e-04 2.867239044031416029e+01 6.555914556887174061e-02 9.978465580817196257e-01 1.852717694124578164e-03 5.439928886282052733e-01 -1.049762745403350029e-03 -1.787741184050476925e-03 9.999975805838462461e-01 4.329072480662854439e-02
9.974833360609818289e-01 -6.974360911983175371e-02 -1.276577943342941182e-02 2.949589023573926738e+01 6.975143352931513496e-02 9.975639712603654452e-01 1.714189154795995489e-04 6.071675174480641868e-01 1.272272250045538601e-02 -1.061419554789271458e-03 9.999181886445136502e-01 4.446225033527007042e-02
9.963292423952192500e-01 -7.246016932608646821e-02 -4.558432563084086758e-02 3.004113249378257322e+01 7.238143589751276641e-02 9.973709425258694417e-01 -3.376784904629781536e-03 6.527208858063043850e-01 4.570916249139220927e-02 6.493028940348596109e-05 9.989545608276723110e-01 4.390248752642555985e-02
9.957245268075790579e-01 -7.372547123833622651e-02 -5.565521476800393968e-02 3.028095352999517331e+01 7.358015286694181978e-02 9.972780296600388672e-01 -4.657791211178800676e-03 6.733868339730982866e-01 5.584712120103663829e-02 5.427574524548611692e-04 9.984389445779570105e-01 4.373861895855668536e-02
9.964631919575683838e-01 -7.396624305403547150e-02 -3.987971019555196228e-02 3.029410808991572068e+01 7.389106881436581509e-02 9.972603089729092929e-01 -3.356670155663270001e-03 6.744446948791039675e-01 4.001872045925747995e-02 3.980434657774353899e-04 9.991985922736892345e-01 4.576042805598978802e-02
9.972593493266351805e-01 -7.394000120874909265e-02 2.657873490112839469e-03 3.018618334986755514e+01 7.393913660478801386e-02 9.972622596448386112e-01 4.094253525014424143e-04 6.648833695957619971e-01 -2.680875888284184154e-03 -2.117826690401366184e-04 9.999961282694705966e-01 4.612045733172731588e-02
9.970076878540042875e-01 -7.394435121691633750e-02 2.254306554541950572e-02 3.013488457143344590e+01 7.392037686895305826e-02 9.972619348846577525e-01 1.894381083329295824e-03 6.609953858346582223e-01 -2.262142305654145022e-02 -2.223208881170763535e-04 9.997438259209628919e-01 4.330005063881148253e-02
9.972153329848724157e-01 -7.395059527369506058e-02 9.652828191630607665e-03 3.016723056645345480e+01 7.394621364164813415e-02 9.972616210302700512e-01 8.056267690850085024e-04 6.637080125942971254e-01 -9.685967734686287689e-03 -8.959358564991615724e-05 9.999528423740312588e-01 4.409093233663763378e-02
9.972299184843440578e-01 -7.395011302333592829e-02 -8.014348314153143735e-03 3.021233511470506272e+01 7.394844678862527720e-02 9.972616562814690111e-01 -4.987669532770744535e-04 6.670365524244191713e-01 8.029278351523280038e-03 -9.526360253356923433e-05 9.999674930020333585e-01 4.618898739209509330e-02
9.972210741558110714e-01 -7.394573390298848914e-02 -9.081081005284954294e-03 3.021530021152005219e+01 7.394365396262359003e-02 9.972619195702641104e-01 -5.603182363887153220e-04 6.672057750500264284e-01 9.097642134486185611e-03 -1.127274645464943506e-04 9.999583764116235507e-01 4.663147686785862334e-02
9.972426776265755910e-01 -7.394409824492974292e-02 -6.304280467280829262e-03 3.020843030266381035e+01 7.394329771020283215e-02 9.972620408406146497e-01 -3.543070266128064624e-04 6.666843994899034342e-01 6.313211510117591393e-03 -1.128295047986452944e-04 9.999797751414168934e-01 4.638509159989290254e-02
9.972486354977295742e-01 -7.394382657385653590e-02 -5.280390310156525720e-03 3.020591718697842154e+01 7.394334816423520085e-02 9.972620610277120878e-01 -2.787719653972064895e-04 6.665000318614371366e-01 5.286538563572010588e-03 -1.124450742282185950e-04 9.999858396724541354e-01 4.628425979647854405e-02
9.972540953502274652e-01 -7.394355253925824489e-02 -4.140836526659458401e-03 3.020310498978856728e+01 7.394334693446852347e-02 9.972620813622837810e-01 -1.944164746319407278e-04 6.662925266203458818e-01 4.143867836210202507e-03 -1.123049903157958808e-04 9.999911652837657483e-01 4.615000338409869229e-02
9.972573078299035165e-01 -7.394326236401967123e-02 -3.272114127435355683e-03 3.020097152820233433e+01 7.394319630755671890e-02 9.972621028797739040e-01 -1.300204181679783856e-04 6.661274948816812147e-01 3.272762837272848949e-03 -1.122870721358140770e-04 9.999943578273807754e-01 4.605182036851562799e-02
9.972596955746478864e-01 -7.394299087308192631e-02 -2.441833780436941225e-03 3.019892700681112530e+01 7.394300685700914977e-02 9.972621229921539987e-01 -6.830026925456015587e-05 6.659793714346150528e-01 2.440191836469105761e-03 -1.124437223254267200e-04 9.999967846070568767e-01 4.594578681441774393e-02
9.972609992949115210e-01 -7.394272261108658650e-02 -1.844686617706276215e-03 3.019746149224897636e+01 7.394276608228129988e-02 9.972621428827306289e-01 -2.402402691369407784e-05 6.658660091002668313e-01 1.841405792812856766e-03 -1.124433172505810241e-04 9.999980073454739493e-01 4.588653179237933699e-02
9.972614461316138268e-01 -7.394245718271337531e-02 -1.549479900525519479e-03 3.019673297380404620e+01 7.394249941910387147e-02 9.972621625513260479e-01 -2.030650847998982178e-06 6.658196843982091551e-01 1.545380947134928490e-03 -1.125476365478217145e-04 9.999985524363533829e-01 4.584743293235060690e-02
9.972620219843093547e-01 -7.394245308826667695e-02 -1.179078461729426682e-03 3.019582573045889617e+01 7.394249559624715973e-02 9.972621628470325073e-01 2.550295021896914976e-05 6.657495056423021751e-01 1.173957935360588675e-03 -1.126174404254116858e-04 9.999990072103024374e-01 4.580607204086462048e-02
9.972622393974265309e-01 -7.394244886203191203e-02 -8.949104377756226733e-04 3.019511792125846128e+01 7.394247538742490522e-02 9.972621631426504818e-01 4.673024977231175553e-05 6.656947525264801380e-01 8.889982256240112294e-04 -1.127745141860694427e-04 9.999993417234925852e-01 4.576399239043960065e-02
9.972624314393847555e-01 -7.394216834303624086e-02 -7.041254198085517436e-04 3.019465936935004891e+01 7.394218558013486431e-02 9.972621839201714078e-01 6.106837729339054588e-05 6.656592792520220625e-01 6.976753607380777869e-04 -1.129660807721214290e-04 9.999995117876689932e-01 4.572433598860081716e-02
9.972624939846415071e-01 -7.394216624308524999e-02 -5.315374629837145209e-04 3.019423068758003481e+01 7.394216890557581134e-02 9.972621840679638527e-01 7.393493410803739447e-05 6.656261182566340917e-01 5.246085010498766944e-04 -1.130358976588633293e-04 9.999995729196505811e-01 4.569868762199380541e-02
9.972625780297927900e-01 -7.394216430129144091e-02 -3.741539515472389055e-04 3.019384114494258142e+01 7.394215505232369645e-02 9.972621842158955197e-01 8.556916407890030802e-05 6.656060165146262531e-01 3.667963367772915091e-04 -1.130009846971991418e-04 9.999996557136077158e-01 4.569020895707165408e-02
9.972625653166424797e-01 -7.394216233313048725e-02 -2.498250759964860826e-04 3.019353208063220251e+01 7.394213885938127895e-02 9.972621843638025396e-01 9.477002936460005510e-05 6.655821100444185845e-01 2.421272189224409066e-04 -1.129835317114995762e-04 9.999996418390277864e-01 4.568274548713091576e-02
9.972625928148761698e-01 -7.394216141494500127e-02 -1.405324325475709106e-04 3.019326292335045636e+01 7.394212685324515200e-02 9.972621844378136702e-01 1.028210378035493639e-04 6.655612911105897034e-01 1.325382181353561566e-04 -1.129311702812363025e-04 9.999996683793664909e-01 4.568241600787992240e-02
9.972626209611428205e-01 -7.394189992291011482e-02 -7.831758313685792264e-05 3.019311338851247228e+01 7.394185909088044073e-02 9.972622038103936548e-01 1.075736028102736435e-04 6.655497221744326453e-01 7.014219523237072299e-05 -1.130704055416519905e-04 9.999996766334879883e-01 4.566116159906163929e-02
9.972626253771936788e-01 -7.394189876751104673e-02 -2.301112452066751343e-05 3.019297380794622754e+01 7.394185215202722650e-02 9.972622038841874037e-01 1.117792899103534022e-04 6.655389239839980542e-01 1.467612955604791330e-05 -1.131751238796776881e-04 9.999996805121574850e-01 4.564591011863416981e-02
9.972625670653305630e-01 -7.394189871479153742e-02 2.318072088043429685e-05 3.019286417935002476e+01 7.394184170759994512e-02 9.972622038841345571e-01 1.152391713982952681e-04 6.655304430281545613e-01 -3.164495272836065126e-05 -1.132100338271280784e-04 9.999996215833975022e-01 4.563580188615290467e-02
9.972625663548995156e-01 -7.394189795475067384e-02 5.493981526931869254e-05 3.019278444080812207e+01 7.394183766771558752e-02 9.972622039583196596e-01 1.174364313278636492e-04 6.655242774650951265e-01 -6.347990364996160110e-05 -1.130529525510968661e-04 9.999996205937754512e-01 4.565277931764555319e-02
9.972625051777513905e-01 -7.394189782296026192e-02 8.602002751240979666e-05 3.019271467446690238e+01 7.394182991093563306e-02 9.972622039581980902e-01 1.198283686213864858e-04 6.655188797109171661e-01 -9.465200407066707655e-05 -1.131402224157733574e-04 9.999995590004918666e-01 4.564169099499082449e-02
9.972625023912995434e-01 -7.394189669392799147e-02 1.186488398288583729e-04 3.019263498619238817e+01 7.394182560578202446e-02 9.972622040320104908e-01 1.223351305437611581e-04 6.655127139930367974e-01 -1.273759472976836204e-04 -1.132274807710935687e-04 9.999995558931460415e-01 4.562767532544098614e-02
9.972625006726940633e-01 -7.394189690477634413e-02 1.332098772506164056e-04 3.019259510343500352e+01 7.394182365089098374e-02 9.972622040322293158e-01 1.232747430424305213e-04 6.655096312668626890e-01 -1.419669206432365210e-04 -1.130878609896764829e-04 9.999994944458374668e-01 4.564458194873743935e-02
9.972624386355504189e-01 -7.394189669392943476e-02 1.529379980024186785e-04 3.019254527486767259e+01 7.394181625290767446e-02 9.972622040320299197e-01 1.248774918919558685e-04 6.655057745494923349e-01 -1.617590402315330106e-04 -1.132274807661308094e-04 9.999994916201488948e-01 4.562457193542424072e-02
9.972624372685534588e-01 -7.394189687842550596e-02 1.619108478304810868e-04 3.019252532674082090e+01 7.394181502571516018e-02 9.972622040322214332e-01 1.254202732268856443e-04 6.655042335054170977e-01 -1.707480228968228373e-04 -1.131053109583693872e-04 9.999994901800236535e-01 4.563957178079891541e-02
9.972624355934337492e-01 -7.394189679935407600e-02 1.722803723242104137e-04 3.019249544258203244e+01 7.394181359870424797e-02 9.972622040321458270e-01 1.262416223037171831e-04 6.655019211885071506e-01 -1.811500030714277001e-04 -1.131576708728376980e-04 9.999994883980024563e-01 4.563356150170250203e-02
9.972624341724315444e-01 -7.394189677300190555e-02 1.805463625757997492e-04 3.019247552216245367e+01 7.394181245505458688e-02 9.972622040321197368e-01 1.268720031087686281e-04 6.655003798188936504e-01 -1.894399866372234052e-04 -1.131751208431534226e-04 9.999994868942985171e-01 4.562955936627322018e-02
9.972624336048260263e-01 -7.394189679935408988e-02 1.836980717097179590e-04 3.019247552750528740e+01 7.394181201731733766e-02 9.972622040321461601e-01 1.270881892373234298e-04 6.655003802162376969e-01 -1.925989802535241463e-04 -1.131576708725924785e-04 9.999994862978196508e-01 4.562957007705437107e-02
9.972624318785521247e-01 -7.394189674663463607e-02 1.931127213142912321e-04 3.019244563740131682e+01 7.394181070674994694e-02 9.972622040320938686e-01 1.278212292045418426e-04 6.654980678247609527e-01 -2.020409610301745313e-04 -1.131925808147888387e-04 9.999994248705258437e-01 4.562647619987902914e-02
9.972624312745136388e-01 -7.394189588116974188e-02 1.962518636160622779e-04 3.019243565592656608e+01 7.394181026844054427e-02 9.972622041061691700e-01 1.279664749637577780e-04 6.654972971911042867e-01 -2.051829548675030345e-04 -1.131053094496161141e-04 9.999994242457346250e-01 4.563747185819755359e-02
9.972624308278768002e-01 -7.394189577574619698e-02 1.985262299512851485e-04 3.019243566889512209e+01 7.394180994901228265e-02 9.972622041060682507e-01 1.282051093205184545e-04 6.654972974020569865e-01 -2.074689502912922844e-04 -1.131751193340149188e-04 9.999994237688344390e-01 4.563147968837411028e-02
9.972624303550772229e-01 -7.394189577574619698e-02 2.009106933540036593e-04 3.019242570882063248e+01 7.394180961436810917e-02 9.972622041060682507e-01 1.283818999514245831e-04 6.654965264761230070e-01 -2.098609454412886800e-04 -1.131751193340149188e-04 9.999994232727749122e-01 4.562747283274171117e-02
9.972623105600447735e-01 -7.394189593387448522e-02 2.055839787864593667e-04 3.019241574160020747e+01 7.394179982703251441e-02 9.972622041062269016e-01 1.286234018377303996e-04 6.654957575261755132e-01 -2.145380824090663719e-04 -1.130704095087974097e-04 9.999994223028225715e-01 4.564347380156297262e-02
9.972623105600447735e-01 -7.394189593387448522e-02 2.055839787864596649e-04 3.019241575217735729e+01 7.394179982703251441e-02 9.972622041062269016e-01 1.286234018377304267e-04 6.654957574337060366e-01 -2.145380824090661821e-04 -1.130704095087974097e-04 9.999994223028225715e-01 4.563647381339563935e-02
9.972623105600447735e-01 -7.394189593387448522e-02 2.055839787864599630e-04 3.019241575217735019e+01 7.394179982703251441e-02 9.972622041062269016e-01 1.286234018377304539e-04 6.654957574337196924e-01 -2.145380824090659924e-04 -1.130704095087974097e-04 9.999994223028225715e-01 4.563647381339563935e-02
9.972623098382419338e-01 -7.394189588117036638e-02 2.090966491967058926e-04 3.019240578500075856e+01 7.394179933189705400e-02 9.972622041061776077e-01 1.289188504628588567e-04 6.654949867331528823e-01 -2.180640751382164949e-04 -1.131053094493379756e-04 9.999994215426500910e-01 4.563847088168104804e-02
9.972623093986812126e-01 -7.394189606566531348e-02 2.112122965166171780e-04 3.019240576143314314e+01 7.394179903491150674e-02 9.972622041063541332e-01 1.289532064973664171e-04 6.654949872409969824e-01 -2.201750709163693195e-04 -1.129831396513772938e-04 9.999994210958306207e-01 4.565647813720996595e-02
9.972623093986812126e-01 -7.394189606566531348e-02 2.112122965166170967e-04 3.019240574178985526e+01 7.394179903491150674e-02 9.972622041063541332e-01 1.289532064973664171e-04 6.654949874127499276e-01 -2.201750709163692382e-04 -1.129831396513772938e-04 9.999994210958306207e-01 4.566947811536126167e-02
9.972623093986812126e-01 -7.394189606566531348e-02 2.112122965166170153e-04 3.019240574481190009e+01 7.394179903491150674e-02 9.972622041063541332e-01 1.289532064973664171e-04 6.654949873863220677e-01 -2.201750709163691568e-04 -1.129831396513772938e-04 9.999994210958306207e-01 4.566747811872229335e-02
9.972623090278684987e-01 -7.394189601294631764e-02 2.129677845075262114e-04 3.019239579124047523e+01 7.394179878660889216e-02 9.972622041063079479e-01 1.291183673948775477e-04 6.654942163161059465e-01 -2.219380672788009133e-04 -1.130180495931445268e-04 9.999994207037413707e-01 4.565846916276261602e-02
9.972623090278684987e-01 -7.394189601294631764e-02 2.129677845075266180e-04 3.019239581390580440e+01 7.394179878660889216e-02 9.972622041063079479e-01 1.291183673948775748e-04 6.654942161179412397e-01 -2.219380672788011301e-04 -1.130180495931445268e-04 9.999994207037413707e-01 4.564346918792661079e-02
9.972623090278684987e-01 -7.394189601294631764e-02 2.129677845075270246e-04 3.019239582297193536e+01 7.394179878660889216e-02 9.972622041063079479e-01 1.291183673948776019e-04 6.654942160386753125e-01 -2.219380672788013470e-04 -1.130180495931445268e-04 9.999994207037413707e-01 4.563746919799238633e-02
9.972623090278684987e-01 -7.394189601294631764e-02 2.129677845075274311e-04 3.019239583657114068e+01 7.394179878660889216e-02 9.972622041063079479e-01 1.291183673948776290e-04 6.654942159197769769e-01 -2.219380672788015638e-04 -1.130180495931445268e-04 9.999994207037413707e-01 4.562846921309104964e-02
9.972623090278684987e-01 -7.394189601294631764e-02 2.129677845075278377e-04 3.019239581390581506e+01 7.394179878660889216e-02 9.972622041063079479e-01 1.291183673948776561e-04 6.654942161179705495e-01 -2.219380672788017806e-04 -1.130180495931445268e-04 9.999994207037413707e-01 4.564346918792661079e-02
9.972623090278684987e-01 -7.394189601294631764e-02 2.129677845075282443e-04 3.019239583657114423e+01 7.394179878660889216e-02 9.972622041063079479e-01 1.291183673948776832e-04 6.654942159198058427e-01 -2.219380672788019975e-04 -1.130180495931445268e-04 9.999994207037413707e-01 4.562846921309104964e-02
9.972623090278684987e-01 -7.394189601294631764e-02 2.129677845075286509e-04 3.019239582901603924e+01 7.394179878660889216e-02 9.972622041063079479e-01 1.291183673948777103e-04 6.654942159858802109e-01 -2.219380672788022143e-04 -1.130180495931445268e-04 9.999994207037413707e-01 4.563346920470290335e-02
9.972623090278684987e-01 -7.394189601294631764e-02 2.129677845075290574e-04 3.019239584110422214e+01 7.394179878660889216e-02 9.972622041063079479e-01 1.291183673948777374e-04 6.654942158802023000e-01 -2.219380672788024312e-04 -1.130180495931445268e-04 9.999994207037413707e-01 4.562546921812393741e-02
9.972623090278684987e-01 -7.394189601294631764e-02 2.129677845075294640e-04 3.019239581692788121e+01 7.394179878660889216e-02 9.972622041063079479e-01 1.291183673948777645e-04 6.654942160916026417e-01 -2.219380672788026480e-04 -1.130180495931445268e-04 9.999994207037413707e-01 4.564146919128186930e-02
9.972623090278684987e-01 -7.394189601294631764e-02 2.129677845075298706e-04 3.019239580937276912e+01 7.394179878660889216e-02 9.972622041063079479e-01 1.291183673948777917e-04 6.654942161576764548e-01 -2.219380672788028649e-04 -1.130180495931445268e-04 9.999994207037413707e-01 4.564646918289372302e-02
9.972623090278684987e-01 -7.394189601294631764e-02 2.129677845075302772e-04 3.019239582901605345e+01 7.394179878660889216e-02 9.972622041063079479e-01 1.291183673948778188e-04 6.654942159859384976e-01 -2.219380672788030817e-04 -1.130180495931445268e-04 9.999994207037413707e-01 4.563346920470290335e-02
9.972623090278684987e-01 -7.394189601294631764e-02 2.129677845075306838e-04 3.019239585772547230e+01 7.394179878660889216e-02 9.972622041063079479e-01 1.291183673948778459e-04 6.654942157349346132e-01 -2.219380672788032985e-04 -1.130180495931445268e-04 9.999994207037413707e-01 4.561446923657785923e-02
9.972623090278684987e-01 -7.394189601294631764e-02 2.129677845075310903e-04 3.019239585923650182e+01 7.394179878660889216e-02 9.972622041063079479e-01 1.291183673948778730e-04 6.654942157217288434e-01 -2.219380672788035154e-04 -1.130180495931445268e-04 9.999994207037413707e-01 4.561346923825548849e-02
9.972623090278684987e-01 -7.394189601294631764e-02 2.129677845075314969e-04 3.019239584261526588e+01 7.394179878660889216e-02 9.972622041063079479e-01 1.291183673948779001e-04 6.654942158670690278e-01 -2.219380672788037322e-04 -1.130180495931445268e-04 9.999994207037413707e-01 4.562446921980156667e-02
9.972623090278684987e-01 -7.394189601294631764e-02 2.129677845075319035e-04 3.019239582297199220e+01 7.394179878660889216e-02 9.972622041063079479e-01 1.291183673948779272e-04 6.654942160388223060e-01 -2.219380672788039491e-04 -1.130180495931445268e-04 9.999994207037413707e-01 4.563746919799238633e-02
9.972623090278684987e-01 -7.394189601294631764e-02 2.129677845075323101e-04 3.019239582448302173e+01 7.394179878660889216e-02 9.972622041063079479e-01 1.291183673948779543e-04 6.654942160256165362e-01 -2.219380672788041659e-04 -1.130180495931445268e-04 9.999994207037413707e-01 4.563646919967001558e-02
9.972623090278684987e-01 -7.394189601294631764e-02 2.129677845075327166e-04 3.019239582146098400e+01 7.394179878660889216e-02 9.972622041063079479e-01 1.291183673948779814e-04 6.654942160520579408e-01 -2.219380672788043827e-04 -1.130180495931445268e-04 9.999994207037413707e-01 4.563846919631475707e-02
9.972623090278684987e-01 -7.394189601294631764e-02 2.129677845075331232e-04 3.019239581843893916e+01 7.394179878660889216e-02 9.972622041063079479e-01 1.291183673948780085e-04 6.654942160784845795e-01 -2.219380672788045996e-04 -1.130180495931445268e-04 9.999994207037413707e-01 4.564046919295949856e-02
9.972623090278684987e-01 -7.394189601294631764e-02 2.129677845075335298e-04 3.019239581994996868e+01 7.394179878660889216e-02 9.972622041063079479e-01 1.291183673948780356e-04 6.654942160652788097e-01 -2.219380672788048164e-04 -1.130180495931445268e-04 9.999994207037413707e-01 4.563946919463712781e-02
9.972623090278684987e-01 -7.394189601294631764e-02 2.129677845075339364e-04 3.019239583808224126e+01 7.394179878660889216e-02 9.972622041063079479e-01 1.291183673948780627e-04 6.654942159067476215e-01 -2.219380672788050333e-04 -1.130180495931445268e-04 9.999994207037413707e-01 4.562746921476867890e-02
9.972623090278684987e-01 -7.394189601294631764e-02 2.129677845075343429e-04 3.019239584412633448e+01 7.394179878660889216e-02 9.972622041063079479e-01 1.291183673948780898e-04 6.654942158539089991e-01 -2.219380672788052501e-04 -1.130180495931445268e-04 9.999994207037413707e-01 4.562346922147919592e-02
9.972623090278684987e-01 -7.394189601294631764e-02 2.129677845075347495e-04 3.019239583657122949e+01 7.394179878660889216e-02 9.972622041063079479e-01 1.291183673948781169e-04 6.654942159199833673e-01 -2.219380672788054669e-04 -1.130180495931445268e-04 9.999994207037413707e-01 4.562846921309104964e-02
9.972623090278684987e-01 -7.394189601294631764e-02 2.129677845075351561e-04 3.019239584563736045e+01 7.394179878660889216e-02 9.972622041063079479e-01 1.291183673948781440e-04 6.654942158407316510e-01 -2.219380672788056838e-04 -1.130180495931445268e-04 9.999994207037413707e-01 4.562246922315682518e-02
9.972623090278684987e-01 -7.394189601294631764e-02 2.129677845075355627e-04 3.019239586528065189e+01 7.394179878660889216e-02 9.972622041063079479e-01 1.291183673948781711e-04 6.654942156689941379e-01 -2.219380672788059006e-04 -1.130180495931445268e-04 9.999994207037413707e-01 4.560946924496556143e-02
9.972623090278684987e-01 -7.394189601294631764e-02 2.129677845075359692e-04 3.019239585772554690e+01 7.394179878660889216e-02 9.972622041063079479e-01 1.291183673948781982e-04 6.654942157350685061e-01 -2.219380672788061175e-04 -1.130180495931445268e-04 9.999994207037413707e-01 4.561446923657741515e-02
9.972623090278684987e-01 -7.394189601294631764e-02 2.129677845075363758e-04 3.019239586074759885e+01 7.394179878660889216e-02 9.972622041063079479e-01 1.291183673948782253e-04 6.654942157086565224e-01 -2.219380672788063343e-04 -1.130180495931445268e-04 9.999994207037413707e-01 4.561246923993267366e-02
9.972623090278684987e-01 -7.394189601294631764e-02 2.129677845075367824e-04 3.019239584865943016e+01 7.394179878660889216e-02 9.972622041063079479e-01 1.291183673948782524e-04 6.654942158143637432e-01 -2.219380672788065511e-04 -1.130180495931445268e-04 9.999994207037413707e-01 4.562046922651208369e-02
9.972623090278684987e-01 -7.394189601294631764e-02 2.129677845075371890e-04 3.019239584865943726e+01 7.394179878660889216e-02 9.972622041063079479e-01 1.291183673948782795e-04 6.654942158143783981e-01 -2.219380672788067680e-04 -1.130180495931445268e-04 9.999994207037413707e-01 4.562046922651252778e-02
9.972623090278684987e-01 -7.394189601294631764e-02 2.129677845075375955e-04 3.019239586074762016e+01 7.394179878660889216e-02 9.972622041063079479e-01 1.291183673948783067e-04 6.654942157087004873e-01 -2.219380672788069848e-04 -1.130180495931445268e-04 9.999994207037413707e-01 4.561246923993311775e-02
9.972623090278684987e-01 -7.394189601294631764e-02 2.129677845075380021e-04 3.019239585168149276e+01 7.394179878660889216e-02 9.972622041063079479e-01 1.291183673948783338e-04 6.654942157879810694e-01 -2.219380672788072017e-04 -1.130180495931445268e-04 9.999994207037413707e-01 4.561846922986778630e-02
9.972623090278684987e-01 -7.394189601294631764e-02 2.129677845075384087e-04 3.019239585621456357e+01 7.394179878660889216e-02 9.972622041063079479e-01 1.291183673948783609e-04 6.654942157483628717e-01 -2.219380672788074185e-04 -1.130180495931445268e-04 9.999994207037413707e-01 4.561546923490022998e-02
9.972623090278684987e-01 -7.394189601294631764e-02 2.129677845075388153e-04 3.019239584563741374e+01 7.394179878660889216e-02 9.972622041063079479e-01 1.291183673948783880e-04 6.654942158408638786e-01 -2.219380672788076353e-04 -1.130180495931445268e-04 9.999994207037413707e-01 4.562246922315726927e-02
