1.000000000000000000e+00 0.000000000000000000e+00 0.000000000000000000e+00 0.000000000000000000e+00 0.000000000000000000e+00 1.000000000000000000e+00 0.000000000000000000e+00 0.000000000000000000e+00 0.000000000000000000e+00 0.000000000000000000e+00 1.000000000000000000e+00 0.000000000000000000e+00
9.999998934279927809e-01 -4.612573619911096868e-04 -1.963791635516440887e-05 1.143721157896984364e+00 4.612567637136556330e-04 9.999998931572153804e-01 -3.045906081722493124e-05 1.538491273595202387e-03 1.965196372312152367e-05 3.044999944934246290e-05 9.999999993432989731e-01 1.298406460489065495e-03
9.999996033046496535e-01 -8.894599915878323481e-04 -4.744958110487916065e-05 2.317346900474514193e+00 8.894579138050966605e-04 9.999996034733412698e-01 -4.379241921219858858e-05 3.820314124797933707e-03 4.748851389484204822e-05 4.375019743431271334e-05 9.999999979153807450e-01 2.810101627011896142e-03
9.999993432886273848e-01 -1.144855341877111000e-03 -5.223559440444282514e-05 3.520825341260504615e+00 1.144852538699062160e-03 9.999993432162825879e-01 -5.366251514244192337e-05 6.311623202949400921e-03 5.229699591419578600e-05 5.360267784859724569e-05 9.999999971958887235e-01 4.361003215086256546e-03
9.999992317143113763e-01 -1.238478033710063708e-03 -5.237312525461721975e-05 4.619231386575034293e+00 1.238472245499333763e-03 9.999992269980837456e-01 -1.104071086572030151e-04 7.857968980120861105e-03 5.250982154903393646e-05 1.103421611707674821e-04 9.999999925336631179e-01 6.255588305147607997e-03
9.999987393023928028e-01 -1.587136218072117931e-03 -4.891064731883312941e-05 5.837435183267169592e+00 1.587130478011067975e-03 9.999987336427127449e-01 -1.171743053097080842e-04 1.095191076222597551e-02 4.909655696429660163e-05 1.170965300090500268e-04 9.999999919389653824e-01 7.792028771403280984e-03
9.999986147689797766e-01 -1.663960896922936014e-03 -4.116134370763952632e-05 7.045672184461347243e+00 1.663955513587393699e-03 9.999986071129940424e-01 -1.304765183073488654e-04 1.377932397185932696e-02 4.137839419900087744e-05 1.304078469221856213e-04 9.999999906408109096e-01 9.455281213325505973e-03
9.999975545072770089e-01 -2.210658622212899587e-03 -6.299148570465398030e-05 8.196180286670291082e+00 2.210648568365694306e-03 9.999975438360959590e-01 -1.592315559730207893e-04 1.753440567789691512e-02 6.334333759917021062e-05 1.590919145356681815e-04 9.999999853386919435e-01 1.083881447836576584e-02
9.999965494435663071e-01 -2.625969931368352800e-03 -7.336813741662711523e-05 9.396473220398014803e+00 2.625957610427505362e-03 9.999965381345448101e-01 -1.675277799884759583e-04 2.200702674011794854e-02 7.380780633877124543e-05 1.673345403054848630e-04 9.999999832757794360e-01 1.235539683485997742e-02
9.999947849708403780e-01 -3.228173014969419781e-03 -9.449921229498125434e-05 1.051163810080085703e+01 3.228153407585356190e-03 9.999947680932985694e-01 -2.069096417615553770e-04 2.670380922006136346e-02 9.516665800650074396e-05 2.066035047670771493e-04 9.999999741291489830e-01 1.387507626815320805e-02
9.999931042479284216e-01 -3.712967639819476223e-03 -7.299240205882290245e-05 1.144903762219792576e+01 3.712945707547848483e-03 9.999930624875471574e-01 -2.983470170029511523e-04 3.070021710246528812e-02 7.409964849314265892e-05 2.980739428494903124e-04 9.999999528305820728e-01 1.622318923622678710e-02
9.999911434935350174e-01 -4.208203067568641424e-03 -6.293987572147706564e-05 1.269568753010104523e+01 4.208184203937048902e-03 9.999911014793436692e-01 -2.968969995111208943e-04 3.713390883781514384e-02 6.418871851423776139e-05 2.966295074496151738e-04 9.999999539453705566e-01 1.769361601162078301e-02
9.999872565065878183e-01 -5.047988372081457439e-03 -6.810181765236260972e-05 1.372362745293237829e+01 5.047964236177457202e-03 9.999871976811320895e-01 -3.500441988299096609e-04 4.360199660702644003e-02 6.986796483445611809e-05 3.496959625038012888e-04 9.999999364155984782e-01 1.978601525698131525e-02
9.999816528751674927e-01 -6.057013965931318418e-03 -8.059104077541356459e-05 1.478492429340505154e+01 6.056981972471720682e-03 9.999815796877655760e-01 -3.914774544593927451e-04 5.163711661046759688e-02 8.296074066946454093e-05 3.909821334925221085e-04 9.999999201252400827e-01 2.182620204624319271e-02
9.999743728194175896e-01 -7.158816872276928776e-03 -7.103089124832241967e-05 1.603773129179295864e+01 7.158787816207022765e-03 9.999742950613257353e-01 -4.012151452123279612e-04 6.262131796519680715e-02 7.390129115233994494e-05 4.006963681210495669e-04 9.999999169905062768e-01 2.309117049421915979e-02
9.999668466465553296e-01 -8.142311074037724902e-03 -9.153200370921372618e-05 1.714198474669817429e+01 8.142270026075846406e-03 9.999667542689093525e-01 -4.402223467912193180e-04 7.328924850091542154e-02 9.511338794776325143e-05 4.394624736545593691e-04 9.999998989130834959e-01 2.462887596351626129e-02
9.999639675936273786e-01 -8.488482313652434205e-03 -9.582491783069227681e-05 1.823310953464097750e+01 8.488434280855529368e-03 9.999638520467913905e-01 -4.910022358897697800e-04 8.312375871681569606e-02 9.998931774843702620e-05 4.901711403808791962e-04 9.999998748671866666e-01 2.661558992660317813e-02
9.999573679264098791e-01 -9.233254201968922256e-03 -9.667746499840675968e-05 1.944232727671519001e+01 9.233204508386825757e-03 9.999572468366725309e-01 -5.024274399794506109e-04 9.605864261356386602e-02 1.013123719992415999e-04 5.015133776508662886e-04 9.999998691100588921e-01 2.814881969072180468e-02
9.999504143700381764e-01 -9.957668113997531281e-03 -1.168200784534978041e-04 2.060436891873138876e+01 9.957604871556396606e-03 9.999502813655164468e-01 -5.300021295151764820e-04 1.092279527595734490e-01 1.220918556208088303e-04 5.288126008442762746e-04 9.999998527253950442e-01 2.965311479632370961e-02
9.999323999008301600e-01 -1.162675133292378690e-02 -1.195071845760628412e-04 2.181775970981249912e+01 1.162668362061581966e-02 9.999322552021021604e-01 -5.524802105534035385e-04 1.264991889666035041e-01 1.259226386078280682e-04 5.510533906117157403e-04 9.999998402418120991e-01 3.083300546493239480e-02
9.999060555839944797e-01 -1.370615879186505050e-02 -1.456627118590630857e-04 2.296731960265733008e+01 1.370607266383056660e-02 9.999059010732223030e-01 -5.766897581999630125e-04 1.459344456197599338e-01 1.535532065506787537e-04 5.746391177055320057e-04 9.999998231056328457e-01 3.191876524159331652e-02
9.998908303184078639e-01 -1.477496749874558819e-02 -1.666752111367286510e-04 2.411918335582199546e+01 1.477486466116033695e-02 9.998906643775592462e-01 -6.022166537158529700e-04 1.650071723971459348e-01 1.755547190802915340e-04 5.996883062309607505e-04 9.999998047772188370e-01 3.326935585293089304e-02
9.998767238224696152e-01 -1.570037217676948857e-02 -1.883390163918292599e-04 2.528093804895143748e+01 1.570025141261273752e-02 9.998765472397269649e-01 -6.264068748091535356e-04 1.851758025064555446e-01 1.981505864851735416e-04 6.233726838577645455e-04 9.999997860713980558e-01 3.479217583153904059e-02
9.998787411944821679e-01 -1.557154303736345453e-02 -1.730745584006522183e-04 2.631647639812764439e+01 1.557141765760837113e-02 9.998785105769885106e-01 -7.035897281056001330e-04 2.009491484757303659e-01 1.840095094005085705e-04 7.008093954227124145e-04 9.999997375033113922e-01 3.738625627284619668e-02
9.998748904970317097e-01 -1.581672729747078676e-02 -1.857180030486168057e-04 2.749418667800539140e+01 1.581658807963024632e-02 9.998746445026081009e-01 -7.285755509016823145e-04 2.205596329303569358e-01 1.972184030763452314e-04 7.255469740253711912e-04 9.999997173432049191e-01 3.928848409044460865e-02
9.998850423303999868e-01 -1.516168708180606201e-02 -1.592758408484017119e-04 2.853516704005086879e+01 1.516155273034881790e-02 9.998847262622168053e-01 -8.133304146083460487e-04 2.351189979417218079e-01 1.715889417628997313e-04 8.108220469813340759e-04 9.999996565623624489e-01 4.203003720503328822e-02
9.998674111654812791e-01 -1.628280713157729404e-02 -1.740147282397940475e-04 2.972543675536777386e+01 1.628265686361585196e-02 9.998670820745408916e-01 -8.326278745623201961e-04 2.568158445773791598e-01 1.875491176535187799e-04 8.296840552947365834e-04 9.999996382247828830e-01 4.362709532747421903e-02
9.998441868637423235e-01 -1.765122037401271535e-02 -1.908246476715504797e-04 3.084221144920888236e+01 1.765104797196579908e-02 9.998438293897319307e-01 -8.702509552178373754e-04 2.788663165762518825e-01 2.061558378580608929e-04 8.667471036777372540e-04 9.999996031245355077e-01 4.506633545090732440e-02
9.998241145397636087e-01 -1.875377992721609724e-02 -1.890055829773158735e-04 3.204761144330633016e+01 1.875360432702342581e-02 9.998237381821628578e-01 -8.915672061896192085e-04 3.037255254581740505e-01 2.056925236830886149e-04 8.878658565634081450e-04 9.999995846923168674e-01 4.677531441910209864e-02
9.997915899867306777e-01 -2.041398231043418249e-02 -2.142845180058328863e-04 3.322077663174719930e+01 2.041377954612254991e-02 9.997912036485638865e-01 -9.092367234607629835e-04 3.308344422025916720e-01 2.328009185679725743e-04 9.046728725122915029e-04 9.999995636852676562e-01 4.815100999047583485e-02
9.996914452460685663e-01 -2.483857491347522470e-02 -2.439223325862446639e-04 3.438872739349959318e+01 2.483835235250651807e-02 9.996910962009476487e-01 -8.766008049472659089e-04 3.654040208199742512e-01 2.656204988143063151e-04 8.702716967592628514e-04 9.999995860363762867e-01 4.902016275015697033e-02
9.995457026974252646e-01 -3.013821948639409248e-02 -2.755814659252191993e-04 3.546188087223615071e+01 3.013797791472759904e-02 9.995453930522286701e-01 -8.423272061371502376e-04 4.035975300006157673e-01 3.008424268933377948e-04 8.336390710258784892e-04 9.999996072697893146e-01 5.025408937345510196e-02
9.992888834084308058e-01 -3.770445818476755168e-02 -3.183248324707730172e-04 3.663527165362587112e+01 3.770421497391168719e-02 9.992886705641317313e-01 -7.382795858693219117e-04 4.554692812328320906e-01 3.459348304419469777e-04 7.257523950996153236e-04 9.999996768062247021e-01 5.074005384050961354e-02
9.986730350956634084e-01 -5.149746580986221123e-02 -4.242483165295412467e-04 3.774758031879899534e+01 5.149723032643665349e-02 9.986729867499539726e-01 -5.484553666625345287e-04 5.237215540804369684e-01 4.519293948674514561e-04 5.258799723563056458e-04 9.999997596050089754e-01 5.282100946991219459e-02
9.984071481049346941e-01 -5.641768111920171525e-02 -4.602917916494840187e-04 3.880898279165494102e+01 5.641744060353474227e-02 9.984071324963367244e-01 -5.197832435486927222e-04 5.892552346498225457e-01 4.888835730789029780e-04 4.929868209958238956e-04 9.999997589783935492e-01 5.428197106723420262e-02
9.974791382025463005e-01 -7.095812505685021587e-02 -5.597732784999289108e-04 3.980889142627517430e+01 7.095797046248858431e-02 9.974792637086773439e-01 -2.913864163232136742e-04 6.714902875688207873e-01 5.790384715698890759e-04 2.509314957135930853e-04 9.999998008738973931e-01 5.664578240259210418e-02
9.960879403934160825e-01 -8.836442137661372487e-02 -7.375987146897025008e-04 4.081864289914737753e+01 8.836443198053595127e-02 9.960882123795437026e-01 -1.826393603086245000e-05 7.741546578314791871e-01 7.363272675458198621e-04 -4.698500492680063778e-05 9.999997278072472184e-01 5.935312981325724380e-02
9.941013695893481383e-01 -1.084503332981349710e-01 -9.960978991578918473e-04 4.189468058856184030e+01 1.084506191269388742e-01 9.941018091089355302e-01 2.374031341437960233e-04 9.067095685356340029e-01 9.644762749346602430e-04 -3.440302144715254437e-04 9.999994757142294244e-01 6.215509261243434835e-02
9.921585062389717269e-01 -1.249804232345494842e-01 -1.179971744222085579e-03 4.298516415606921015e+01 1.249810216910986760e-01 9.921590315748169964e-01 4.475590762050300135e-04 1.056799998135423246e+00 1.114783500686341612e-03 -5.915236184170877699e-04 9.999992036784648430e-01 6.502346868487363096e-02
9.905930173619753587e-01 -1.368353125817249882e-01 -1.253479563535517998e-03 4.405043437349963398e+01 1.368361486476830646e-01 9.905935089266998395e-01 6.070603092827372028e-04 1.213489839993556973e+00 1.158621432442703478e-03 -7.728710191364643930e-04 9.999990301329158005e-01 6.744823091323315367e-02
9.876109907189665194e-01 -1.569147073862164898e-01 -1.518443061712405331e-03 4.508476853825855812e+01 1.569161251250721367e-01 9.876115550049112679e-01 8.637990804497418674e-04 1.393226202989430895e+00 1.364089134193000648e-03 -1.091365666569399893e-03 9.999984740897522872e-01 7.087642276112537942e-02
9.850327001502919844e-01 -1.723595476521857517e-01 -1.663138960622305429e-03 4.608334751641955052e+01 1.723614609914422002e-01 9.850331726527551401e-01 1.084251812942165025e-03 1.579966453302035001e+00 1.451365895876279228e-03 -1.354684551431321275e-03 9.999980291814694056e-01 7.424243810606201421e-02
9.806129744473264243e-01 -1.959433848169584713e-01 -2.093889871543346427e-03 4.702547079413900377e+01 1.959466804575234478e-01 9.806133984766267631e-01 1.503738195472208205e-03 1.786847322364790269e+00 1.758648912410448869e-03 -1.884875953339094782e-03 9.999966771928177067e-01 7.861944316588864723e-02
9.769463693109495805e-01 -2.134718447743658154e-01 -2.358614266622058829e-03 4.795251720655661387e+01 2.134763146227333652e-01 9.769465093721262372e-01 1.838750445043315675e-03 2.002999366816210713e+00 1.911718526482780950e-03 -2.299868851718861722e-03 9.999955279577870115e-01 8.261975599888815580e-02
9.720118481860738902e-01 -2.349158697368238513e-01 -2.738835780046596120e-03 4.889217511380189762e+01 2.349220327130478458e-01 9.720117344161171014e-01 2.196996380805711288e-03 2.247126643044691896e+00 2.146071202711722237e-03 -2.778919380288306408e-03 9.999938359737563509e-01 8.716550678025125620e-02
9.627071572025482915e-01 -2.705239870348458697e-01 -3.420826685971547002e-03 4.990096823166831541e+01 2.705331510251283711e-01 9.627072182619283991e-01 2.574150006719778255e-03 2.558956405369674059e+00 2.596885222236413899e-03 -3.403599655807789358e-03 9.999908358063023250e-01 9.265577853156159449e-02
9.558548597599170193e-01 -2.938145382268134709e-01 -3.808462904413154482e-03 5.093904926563411095e+01 2.938256987337171666e-01 9.558549273007208580e-01 2.795873452382678995e-03 2.896603791775969938e+00 2.818869768132640716e-03 -3.791473498327025109e-03 9.999888392887283928e-01 9.768765855063765713e-02
9.484763439777563754e-01 -3.168205599488049251e-01 -4.166286404400217254e-03 5.201563872676147327e+01 3.168337043052213975e-01 9.484763957257249523e-01 2.988444656197892287e-03 3.274394253431893720e+00 3.004823606454559530e-03 -4.154489013492372075e-03 9.999868555417216198e-01 1.031350240785662287e-01
9.372850665904617351e-01 -3.485319598177356037e-01 -4.709258927473832998e-03 5.305254291738506112e+01 3.485481977884824500e-01 9.372853621331813656e-01 3.209974579764680695e-03 3.685541104379684629e+00 3.295140730821547164e-03 -4.650064947568000387e-03 9.999837593399319990e-01 1.091766472892499173e-01
9.271136950942915345e-01 -3.747430337304793468e-01 -5.277804015660202824e-03 5.400952349157530108e+01 3.747630438783606244e-01 9.271140650427439622e-01 3.488770427237501866e-03 4.095163075116407647e+00 3.585733924216359496e-03 -5.212412737929828822e-03 9.999799864326005538e-01 1.154987313697093398e-01
9.127836217286393605e-01 -4.083997167041559795e-01 -5.977587189591364661e-03 5.497371871232613216e+01 4.084245784070855700e-01 9.127843933908051932e-01 3.743685867099261818e-03 4.555896132623897365e+00 3.927328052879547858e-03 -5.858568669009661667e-03 9.999751263244572863e-01 1.223905704603804878e-01
9.005790894227364562e-01 -4.346449671765068024e-01 -6.407535469154322823e-03 5.602431395861773211e+01 4.346729735740542111e-01 9.005800454313261927e-01 3.871449772562117041e-03 5.085068100016063575e+00 4.087792428851556512e-03 -6.271729202744044836e-03 9.999719772903532533e-01 1.294023692614705290e-01
8.874874281007939514e-01 -4.607814375753874203e-01 -6.821445870115557496e-03 5.707890395831500996e+01 4.608125274946041072e-01 8.874886587650130387e-01 3.961747376462637811e-03 5.655068921451915642e+00 4.228456199544741202e-03 -6.659408697954579022e-03 9.999688857329951386e-01 1.365984964555404524e-01
8.745528174792438492e-01 -4.848761976395315476e-01 -7.241741636991324595e-03 5.809031178027321829e+01 4.849106633168978608e-01 8.745542314211537382e-01 4.067594511715406057e-03 6.237600688018162920e+00 4.361016036473184393e-03 -7.068923976295975013e-03 9.999655053316008901e-01 1.437747381703644578e-01
8.603073287365353705e-01 -5.097183655055168572e-01 -7.647774121302936857e-03 5.911021300275967860e+01 5.097561478767701493e-01 8.603089700960483421e-01 4.140789119502686147e-03 6.864690787260853355e+00 4.468812421677276388e-03 -7.460851096715407499e-03 9.999621819931978628e-01 1.511090350812769323e-01
8.434418946368046344e-01 -5.371589527826514665e-01 -8.125905103062824875e-03 6.011661797229859872e+01 5.372006805036363408e-01 8.434440663554201301e-01 4.187638127065824480e-03 7.531375800149385569e+00 4.604319138232781938e-03 -7.897271180947950178e-03 9.999582158037024771e-01 1.586556946866539697e-01
8.244392554207159440e-01 -5.658844067682963219e-01 -8.645972961684310343e-03 6.108351347306755486e+01 5.659306715957141964e-01 8.244419585609231715e-01 4.234673786203487292e-03 8.223215190368666327e+00 4.731767025404972835e-03 -8.384252581627173531e-03 9.999536562709434584e-01 1.667656236810080017e-01
8.046948812058162259e-01 -5.936183973349301590e-01 -9.129460711459041686e-03 6.206732888393923986e+01 5.936688479119518469e-01 8.046983930966199461e-01 4.218496512619295501e-03 8.976660311535379577e+00 4.842285231898732847e-03 -8.814478966423016856e-03 9.999494273384259557e-01 1.747665009936305580e-01
7.828598536834662225e-01 -6.221233107755934633e-01 -9.645531312786897668e-03 6.302578023819138764e+01 6.221783534521150294e-01 7.828644042783949875e-01 4.173919433146295634e-03 9.767998381205378777e+00 4.954450555363303955e-03 -9.268834740285596813e-03 9.999447695360091926e-01 1.830826029952379308e-01
7.616784497574438095e-01 -6.478753511996104830e-01 -1.017197588918371427e-02 6.390306967430247909e+01 6.479355587836497232e-01 7.616837318325991868e-01 4.171922301731496342e-03 1.054414258473574328e+01 5.044942936009907779e-03 -9.768448186019884280e-03 9.999395611590653488e-01 1.913308157750450711e-01
7.363048535231055958e-01 -6.765643928065913082e-01 -1.076037157229510488e-02 6.475527578064632905e+01 6.766305201546690684e-01 7.363111302897110688e-01 4.130270997863065736e-03 1.136250322356783116e+01 5.128587071219083138e-03 -1.032193439015976870e-02 9.999335754265160636e-01 2.000461765103396239e-01
7.148816658196288643e-01 -6.991554345064545650e-01 -1.121975357242627723e-02 6.559500211671709735e+01 6.992264252633222377e-01 7.148885551230423907e-01 4.093966627179363230e-03 1.221326471825461013e+01 5.158554411012801141e-03 -1.077184985839093299e-02 9.999286757400189796e-01 2.084089694274364746e-01
6.901245831468553193e-01 -7.235954092774208313e-01 -1.173644223266823508e-02 6.640763898043957170e+01 7.236719632010327752e-01 6.901324043338674663e-01 4.019307449464709983e-03 1.309901218173752291e+01 5.191346684949999825e-03 -1.126715706216019006e-02 9.999230475849224531e-01 2.169427875457303756e-01
6.652219200491015227e-01 -7.465453135279217500e-01 -1.224306366498401424e-02 6.718352763216643098e+01 7.466275767312769984e-01 6.652305810914179718e-01 3.941613549260157383e-03 1.400412139642197396e+01 5.201867240789838365e-03 -1.176305668181460914e-02 9.999172821163240243e-01 2.253890832435279101e-01
6.355598389149172966e-01 -7.719447562724495171e-01 -1.284464839721091191e-02 6.790733157256767072e+01 7.720339880535113108e-01 6.355697813447914735e-01 3.817709006658063717e-03 1.492527857595204921e+01 5.216609931118765080e-03 -1.234288764237439356e-02 9.999102160222379521e-01 2.340673775613133500e-01
6.121943312059230369e-01 -7.905909907017099059e-01 -1.356417468827529442e-02 6.850662831766736360e+01 7.906894819675716057e-01 6.122057211489085882e-01 3.781358585116315497e-03 1.573672751633008282e+01 5.314557323318869209e-03 -1.303997654131471180e-02 9.999008523310826124e-01 2.421155188559547256e-01
5.886635843718193151e-01 -8.082552328524215124e-01 -1.409480469037749026e-02 6.913338856640072549e+01 8.083606771396667501e-01 5.886759380112419615e-01 3.695426761228157685e-03 1.663352928551788068e+01 5.310424360558238001e-03 -1.356904902109023342e-02 9.998938345154060325e-01 2.499335136400113733e-01
5.662638571267728516e-01 -8.240912007376912651e-01 -1.479653832849198332e-02 6.965917082108509817e+01 8.242066292091535518e-01 5.662772899217922706e-01 3.669312522896273250e-03 1.743627710749341730e+01 5.355095468705222024e-03 -1.427320403537987378e-02 9.998837925475472233e-01 2.578021607885894184e-01
5.428026206742655457e-01 -8.397163131723643925e-01 -1.555085021279436173e-02 7.014795218204565685e+01 8.398429543725329793e-01 5.428173443117280117e-01 3.625364278181979899e-03 1.823318325444482113e+01 5.396993695195200121e-03 -1.502812921024125094e-02 9.998725057684455519e-01 2.657108131029977116e-01
5.203877296967941435e-01 -8.537749531292808669e-01 -1.627700232644893955e-02 7.060668670256305290e+01 8.539129925363981855e-01 5.204034088003849368e-01 3.590807857496562585e-03 1.902562305878823778e+01 5.404865693136053778e-03 -1.576775610726157545e-02 9.998610729968432365e-01 2.735068509624558608e-01
4.866390530975125417e-01 -8.734345759122310593e-01 -1.716024815918375940e-02 7.107383940632118424e+01 8.735863058217171462e-01 4.866577036677099954e-01 3.353543967376978498e-03 1.992555758017936895e+01 5.422065716463963028e-03 -1.662292325114104324e-02 9.998471281281569034e-01 2.819288631743654960e-01
4.644118502603709620e-01 -8.854385624883941430e-01 -1.789373900479374752e-02 7.146212275727086194e+01 8.856029659415335376e-01 4.644313585721300264e-01 3.301573830034385763e-03 2.070902516961078277e+01 5.387072735367383000e-03 -1.738003833965781966e-02 9.998344431528708443e-01 2.895120865794824638e-01
4.398739247941949593e-01 -8.978643629734259779e-01 -1.872208526748943280e-02 7.180913174138041200e+01 8.980435479820250144e-01 4.398948958603992043e-01 3.204217864388694392e-03 2.146820228930943131e+01 5.358796722501987797e-03 -1.822269976118130394e-02 9.998195919820963562e-01 2.967785922485810524e-01
4.188483275461791222e-01 -9.078477578841055440e-01 -1.945578269272990601e-02 7.213715907581578790e+01 9.080408404366291375e-01 4.188697459056868744e-01 3.157297528389497402e-03 2.222349952774606052e+01 5.283093275172196651e-03 -1.898907405121266767e-02 9.998057331263116021e-01 3.038586704517687309e-01
3.937316335504481013e-01 -9.190016576658973646e-01 -2.028187454169485052e-02 7.244331351206956526e+01 9.192106675586620979e-01 3.937545273475226981e-01 3.020153240277883774e-03 2.299519474713278200e+01 5.210554094574301569e-03 -1.983244529932418412e-02 9.997897400151773972e-01 3.108361313667251657e-01
3.759532464312347333e-01 -9.264022501521872455e-01 -2.092911644426860909e-02 7.273273665392461851e+01 9.266247047605441489e-01 3.759755299488486968e-01 3.009636435770186857e-03 2.374772666317442571e+01 5.080701685732307710e-03 -2.052491892787778466e-02 9.997764320954702910e-01 3.175851194392005361e-01
3.545304561049195113e-01 -9.347939326505146918e-01 -2.164392874846944245e-02 7.300960029907328419e+01 9.350313810779785628e-01 3.545529679137660595e-01 2.917159715827395954e-03 2.452919672107834614e+01 4.946975976886880573e-03 -2.127197454762772000e-02 9.997614868195634497e-01 3.244149036249575069e-01
3.317701905153556119e-01 -9.430956508664072313e-01 -2.234131748716212951e-02 7.328101286501069467e+01 9.433480744089020043e-01 3.317931313027110418e-01 2.780106862617974951e-03 2.535844336071242822e+01 4.790788999804018039e-03 -2.199799540816804733e-02 9.997465361474898726e-01 3.312885646374144066e-01
3.126264202918908053e-01 -9.495966954059423815e-01 -2.303991869329901840e-02 7.350873192889009999e+01 9.498648814774554028e-01 3.126489376899679318e-01 2.710929912082262090e-03 2.610059310444754743e+01 4.629116021659070331e-03 -2.273231794646217441e-02 9.997308702874653230e-01 3.373325370456368155e-01
2.957298802660900949e-01 -9.549785232634111498e-01 -2.366132898664509432e-02 7.373054147578970685e+01 9.552612806283894420e-01 2.957511094360253390e-01 2.677212274813655334e-03 2.686220569732951091e+01 4.441184078338318401e-03 -2.339448308768652882e-02 9.997164468213821653e-01 3.433891890041027573e-01
2.776139872667147124e-01 -9.603878631135374100e-01 -2.419973030502445624e-02 7.396135906087846479e+01 9.606834138525929268e-01 2.776340007546947430e-01 2.596240017587339664e-03 2.771245508390442325e+01 4.225270544237060520e-03 -2.396903205955954949e-02 9.997037724201639497e-01 3.493705280865029295e-01
2.703405762231822496e-01 -9.624546744108847252e-01 -2.443303176387778136e-02 7.418023954654420038e+01 9.627558841666551404e-01 2.703599578120486346e-01 2.569280751669142902e-03 2.851516766680408210e+01 4.132897172699223805e-03 -2.421762593014912396e-02 9.996981673262280710e-01 3.539197906667075344e-01
2.602894465646635735e-01 -9.652116985549975547e-01 -2.481494439660395998e-02 7.438100101622251259e+01 9.655223640361875193e-01 2.603076092347090809e-01 2.552176769960381661e-03 2.928946346214295104e+01 3.996127979041100287e-03 -2.462368844869786133e-02 9.996888040427894806e-01 3.586989848242891910e-01
2.478794987259228533e-01 -9.684595790180738906e-01 -2.533374040125937338e-02 7.456165800444287584e+01 9.687833465902309094e-01 2.478958809886478987e-01 2.541661171299029829e-03 3.003221044636524795e+01 3.818633792488835069e-03 -2.517293149697749297e-02 9.996758182310644392e-01 3.638567109688590762e-01
2.428564488111272512e-01 -9.697239457683394237e-01 -2.561668907036993362e-02 7.472603460039098877e+01 9.700545868791005111e-01 2.428747244370567659e-01 2.442783054628785023e-03 3.070618462127426795e+01 3.852821081536483925e-03 -2.544283234341590538e-02 9.996688541973303144e-01 3.673919787333130849e-01
2.418388394591923785e-01 -9.699796945641322443e-01 -2.556107092723248000e-02 7.480912118454025972e+01 9.703083242788514973e-01 2.418605749183302123e-01 2.284429906888586510e-03 3.105380348974329863e+01 3.966364691559169306e-03 -2.535458376791206378e-02 9.996706522816577456e-01 3.699168276689657198e-01
2.388148841123556854e-01 -9.707304155496320197e-01 -2.549337046064763940e-02 7.486146505831578679e+01 9.710556600676472083e-01 2.388460799294770120e-01 1.858934404411281393e-03 3.129480277863864757e+01 4.284467436604883460e-03 -2.519942287675608003e-02 9.996732628342136495e-01 3.714285007687854190e-01
2.385403808973511064e-01 -9.707964070536314605e-01 -2.555040542361804862e-02 7.486499366894022955e+01 9.711227633865520126e-01 2.385736910092418062e-01 1.781256553064665838e-03 3.131882367835650527e+01 4.366417071661390405e-03 -2.523748192963845907e-02 9.996719481449639622e-01 3.716155121168807085e-01
2.384906469515310767e-01 -9.708084636676364010e-01 -2.555657786418760735e-02 7.486563046070253336e+01 9.711350399789037136e-01 2.385236058234556089e-01 1.795570762757781004e-03 3.132258870582433374e+01 4.352691815803133926e-03 -2.524711509107864515e-02 9.996717647576501831e-01 3.718536683348498961e-01
2.384103706080718810e-01 -9.708276439407946823e-01 -2.557697071765690014e-02 7.486679329988830034e+01 9.711546883142750941e-01 2.384436803944512406e-01 1.784132664996176737e-03 3.133021612462399474e+01 4.366581724344674974e-03 -2.526455074755673547e-02 9.996712636860723977e-01 3.721065707430923908e-01
2.383552378298826047e-01 -9.708406988005371385e-01 -2.559528542035214779e-02 7.486722516091438706e+01 9.711682909160801458e-01 2.383881288122747799e-01 1.803120832479706333e-03 3.133363262275211625e+01 4.351069113476198000e-03 -2.528711288439544624e-02 9.996707608606354434e-01 3.723685756896077947e-01
2.381385946275723364e-01 -9.708929696561874323e-01 -2.562911830710517050e-02 7.487006240045234051e+01 9.712212393292696255e-01 2.381726372725194163e-01 1.760572232391132124e-03 3.135295756472949336e+01 4.394827499878809808e-03 -2.531080423463607718e-02 9.996699698802512524e-01 3.726417390912248884e-01
2.358832580654640354e-01 -9.714443240568221283e-01 -2.559324728366673546e-02 7.491075683073559333e+01 9.717695858360858585e-01 2.359284347810046423e-01 1.283039390625438821e-03 3.154793174099208386e+01 4.791773443530901282e-03 -2.517338681712774293e-02 9.996716158337021207e-01 3.730412464786647675e-01
2.358406124299170514e-01 -9.714543255450467374e-01 -2.560662790797197524e-02 7.491098622308903998e+01 9.717800521032260441e-01 2.358851764310442856e-01 1.309335204193049851e-03 3.154998557575099127e+01 4.768264598682126799e-03 -2.519280461141210070e-02 9.996712390824654682e-01 3.732814484891333606e-01
2.336164448630010382e-01 -9.719927219498354365e-01 -2.556375658115428440e-02 7.496507630768398656e+01 9.723157766375274402e-01 2.336687954862708694e-01 9.617703416498743279e-04 3.180203222072782054e+01 5.038618440512602874e-03 -2.508072919440626838e-02 9.996727311212570966e-01 3.752223251215984767e-01
2.318861550852572562e-01 -9.724073457867186132e-01 -2.554927443692974962e-02 7.499945883757263232e+01 9.727274919878098336e-01 2.319504622519213966e-01 4.581230080723138723e-04 3.197304054550579266e+01 5.480683841660028213e-03 -2.495871402054139834e-02 9.996734590351070704e-01 3.749332493448860326e-01
2.313401531196868366e-01 -9.725399143477875263e-01 -2.545287880404711184e-02 7.500899701156396304e+01 9.728573496494833384e-01 2.314053186966359421e-01 3.952168564799430034e-04 3.203032360849795168e+01 5.505567367767980405e-03 -2.485344973490313802e-02 9.996759448763289369e-01 3.751328407695404543e-01
2.294979818871598354e-01 -9.729770606865567606e-01 -2.542274910413346370e-02 7.505934396465850966e+01 9.732919355747432499e-01 2.295709171908353052e-01 5.108708205054237966e-05 3.227033676221230252e+01 5.786617274386383382e-03 -2.475548105802423751e-02 9.996767883762507356e-01 3.769460634987020775e-01
2.294506189579093025e-01 -9.729880266267781908e-01 -2.543057186346005943e-02 7.505972612104318387e+01 9.733032026728061226e-01 2.295231391011121336e-01 6.905499017856497532e-05 3.227326326487128227e+01 5.769715008593731542e-03 -2.476750174333973778e-02 9.996765883255759322e-01 3.771779444031206907e-01
2.290566612730522145e-01 -9.730821374204789986e-01 -2.538110013718292840e-02 7.506560021943931815e+01 9.733958038581067562e-01 2.291301143493339743e-01 1.463729152969399156e-05 3.231367950148809598e+01 5.801331093778642686e-03 -2.470920913258993490e-02 9.996778478798716838e-01 3.773355464192111874e-01
2.289236321821744580e-01 -9.731126217153464042e-01 -2.541252784248514140e-02 7.506735744551340872e+01 9.734268369159680967e-01 2.289982379066653750e-01 -2.630541406011368657e-05 3.232650668904682334e+01 5.845022231064516544e-03 -2.473121465743258196e-02 9.996770492198148172e-01 3.777430889044102180e-01
2.273402087870418087e-01 -9.734830444293999241e-01 -2.543997173141286303e-02 7.515795447085542946e+01 9.737971100051748818e-01 2.274184553734863168e-01 -1.875784924289166115e-04 3.274027560343144927e+01 5.968123561654966117e-03 -2.473072680965520548e-02 9.996763339465273290e-01 3.802952537716901560e-01
2.271026432217998492e-01 -9.735369839994765240e-01 -2.549766090134232902e-02 7.516063731309722584e+01 9.738521332300156264e-01 2.271826610326544149e-01 -2.482217851856139226e-04 3.276074049285146117e+01 6.034279545627496341e-03 -2.477457963023176057e-02 9.996748509763864199e-01 3.805483187886911089e-01
2.242864297697377551e-01 -9.741921675403608649e-01 -2.540115369048139699e-02 7.523106092085293994e+01 9.745039638750457867e-01 2.243698419971166258e-01 -4.459581612667595915e-04 3.309639693300752583e+01 6.133701791608690140e-03 -2.465350258723423074e-02 9.996772391690544879e-01 3.837304596738499995e-01
2.187025906264974395e-01 -9.754539632814890338e-01 -2.566598636460229108e-02 7.533077263382227784e+01 9.757729086677249253e-01 2.187853904387825899e-01 -4.290979736491845262e-04 3.357785407711676129e+01 6.033908170591423085e-03 -2.495032932291926103e-02 9.996704822185238370e-01 3.861443610069668075e-01
2.176901354524458099e-01 -9.756773180127791267e-01 -2.578326058718970193e-02 7.534977004619923946e+01 9.759979361232095085e-01 2.177788067704079789e-01 -6.484514895497591044e-04 3.368806116421811225e+01 6.247727139191820191e-03 -2.502324761956527949e-02 9.996673461628701185e-01 3.860323577938151729e-01
2.172782126438459749e-01 -9.757706644121261208e-01 -2.572526515766352523e-02 7.535551799902674475e+01 9.760894999304978725e-01 2.173678632111442910e-01 -7.075682942124004267e-04 3.373085835548293687e+01 6.282270306081567598e-03 -2.495642202160445328e-02 9.996688001932602097e-01 3.861708311590463794e-01
2.165486950575167824e-01 -9.759347962211842864e-01 -2.565027637342708056e-02 7.536403470632237145e+01 9.762514927387847541e-01 2.166389716793293285e-01 -7.611566651206062980e-04 3.378974718996189353e+01 6.299688775342936024e-03 -2.487629310876872737e-02 9.996706877580496808e-01 3.865546010187372872e-01
2.153390139732154485e-01 -9.762040736159890431e-01 -2.558742271264358853e-02 7.544100745305313183e+01 9.765180771864427900e-01 2.154333544778618270e-01 -9.566561626424469923e-04 3.415963274942938455e+01 6.446275954014295088e-03 -2.478057542539412531e-02 9.996721305548452730e-01 3.897193315465705687e-01
2.152871516757329795e-01 -9.762152078535626387e-01 -2.559903832683813052e-02 7.544117573789840492e+01 9.765296299858103879e-01 2.153810668885144941e-01 -9.371607367190395391e-04 3.416223942495664545e+01 6.428418753116208265e-03 -2.479646075228342933e-02 9.996718516426515988e-01 3.899677553258951157e-01
2.151641180300599143e-01 -9.762413046170844710e-01 -2.563821281530326637e-02 7.544274201053625006e+01 9.765565189992054806e-01 2.152589852328646580e-01 -9.669339051678660151e-04 3.417426787668789245e+01 6.462816494422206001e-03 -2.482911437201374555e-02 9.996708193613603743e-01 3.904093266212460556e-01
2.150323490144816496e-01 -9.762691397385462322e-01 -2.568377222988397005e-02 7.544437426921905399e+01 9.765852896755023993e-01 2.151282731551171501e-01 -9.992813505435356892e-04 3.418707330795826493e+01 6.500873115913391627e-03 -2.486751631956855141e-02 9.996696180643780405e-01 3.908882672811251346e-01
2.105023993555987238e-01 -9.772513080276931108e-01 -2.585771274701810160e-02 7.560479493528796979e+01 9.775718101322298237e-01 2.105996638737901994e-01 -1.066815762887473934e-03 3.495235120712533927e+01 6.488172716305890854e-03 -2.505320377077871127e-02 9.996650642068954928e-01 3.968481058037669484e-01
2.103075772861695836e-01 -9.772918651665866152e-01 -2.591010806702594843e-02 7.560674499318209030e+01 9.776134001049726630e-01 2.104062776241324151e-01 -1.112994331317078769e-03 3.496932773056053634e+01 6.539369700701488757e-03 -2.509599769567560576e-02 9.996636572086281536e-01 3.972030218766740006e-01
2.102626535246746864e-01 -9.773013947391577805e-01 -2.591526304069399766e-02 7.560702009858960082e+01 9.776231776903651083e-01 2.103609344139487636e-01 -1.095536358875396883e-03 3.497196503932030964e+01 6.522228163854986577e-03 -2.510501141520659826e-02 9.996635428691867942e-01 3.974163065304621156e-01
2.102064412055647258e-01 -9.773129993369550350e-01 -2.593364393033053064e-02 7.560741645544166545e+01 9.776353520015946819e-01 2.103044291873442384e-01 -1.079845236060667174e-03 3.497576985974578889e+01 6.509306973511106223e-03 -2.512665668090906246e-02 9.996630832670163613e-01 3.977275106971993601e-01
2.101196459674026518e-01 -9.773309458828617347e-01 -2.596068340881988942e-02 7.560834223925324693e+01 9.776539235817951479e-01 2.102180271532863298e-01 -1.089609899056007657e-03 3.498361370722057018e+01 6.522313126555125823e-03 -2.515161553977528566e-02 9.996623708369600791e-01 3.980370812416453852e-01
2.082246800486789173e-01 -9.777336942447354406e-01 -2.606350402248168094e-02 7.576427991247440730e+01 9.780588578444786574e-01 2.083254099134526360e-01 -1.180957717208959380e-03 3.572727257154664926e+01 6.584352314331031603e-03 -2.524573642531641182e-02 9.996595916096125967e-01 4.040772762579081245e-01
2.081557789361072330e-01 -9.777482397469752229e-01 -2.606821535810021837e-02 7.576475423825864652e+01 9.780735388127484997e-01 2.082564809536866512e-01 -1.179533754363342379e-03 3.573220054585367222e+01 6.582161850745497055e-03 -2.525110487088671335e-02 9.996594704439724088e-01 4.043291611763835114e-01
2.080273772392253750e-01 -9.777742735827320564e-01 -2.611667519980734667e-02 7.576625850580452948e+01 9.781006242810406093e-01 2.081290715820943715e-01 -1.207819605000427310e-03 3.574462531787595054e+01 6.616614302501792541e-03 -2.529347676492840757e-02 9.996581718009747153e-01 4.048323057574179096e-01
2.074185658548824973e-01 -9.779039974822341108e-01 -2.610192965519205627e-02 7.577234160529312135e+01 9.782295301149306344e-01 2.075218957655866059e-01 -1.284396260887080317e-03 3.579381662801654329e+01 6.672738166484915370e-03 -2.526727074374474774e-02 9.996584614730558149e-01 4.049523330728570514e-01
2.073707443246026183e-01 -9.779139813251658264e-01 -2.610785345021046297e-02 7.577266621370098676e+01 9.782397764821377795e-01 2.074736893314536590e-01 -1.268238206511952595e-03 3.579680610187740086e+01 6.656920553073079720e-03 -2.527674521516856329e-02 9.996583274100360184e-01 4.051781553591111695e-01
2.066540015532601360e-01 -9.780656341641811302e-01 -2.611013967446347214e-02 7.580140347202741680e+01 9.783891979015415519e-01 2.067654912557523039e-01 -1.615407115418217212e-03 3.595706336648350998e+01 6.978650044594247870e-03 -2.521204826115405750e-02 9.996577669713720971e-01 4.051855696149724295e-01
2.065912541989609330e-01 -9.780785980010932024e-01 -2.612107014448235634e-02 7.580193479660881906e+01 9.784024825499133549e-01 2.067026623311081501e-01 -1.609972111953581917e-03 3.596186647451409613e+01 6.973974011157160237e-03 -2.522431371087991217e-02 9.996574901857459006e-01 4.054390231174025416e-01
2.055109464413543974e-01 -9.783040864209422427e-01 -2.619858525911286651e-02 7.580994940140394078e+01 9.786294490734626095e-01 2.056247183749260743e-01 -1.696196964997213506e-03 3.602446692750902457e+01 7.046473141189142121e-03 -2.529012000747507885e-02 9.996553191207634415e-01 4.059303512284593296e-01
2.044370330784429646e-01 -9.785257993221786466e-01 -2.632033532510076254e-02 7.593905939641420844e+01 9.788537919872526416e-01 2.045533952229184882e-01 -1.778454281174473520e-03 3.664656868862489603e+01 7.124177354381517821e-03 -2.540017811507480280e-02 9.996519779647825565e-01 4.118171043735059378e-01
2.041333251308341534e-01 -9.785876529818375857e-01 -2.637785979152073093e-02 7.594176431647244385e+01 9.789165758220033098e-01 2.042520169732405244e-01 -1.857855744469173211e-03 3.667182742472287771e+01 7.205805761555893023e-03 -2.544247390631012434e-02 9.996503173035109491e-01 4.119568764323964238e-01
2.040833795618428870e-01 -9.785978151235088518e-01 -2.638732473679155158e-02 7.594200542838861168e+01 9.789271110837111101e-01 2.042016768358018430e-01 -1.840338943337743163e-03 3.667470284567693284e+01 7.189287630649983558e-03 -2.545568497512706516e-02 9.996500999079465100e-01 4.121977258938698263e-01
2.037698567039845088e-01 -9.786631151349762803e-01 -2.638850237883193228e-02 7.594540527328136648e+01 9.789920934400688779e-01 2.038894184399115683e-01 -1.893809586271719527e-03 3.670440516816470478e+01 7.233737995819577472e-03 -2.544823387099457920e-02 9.996499689529388943e-01 4.124358477175582571e-01
2.024364366928015635e-01 -9.789377632298273957e-01 -2.646403798288895354e-02 7.595957462730184773e+01 9.792669440674498516e-01 2.025626499349152676e-01 -2.150719141661828690e-03 3.680099481519288673e+01 7.466045850673340943e-03 -2.547997367622999165e-02 9.996474524055822819e-01 4.129301509825529237e-01
2.013799405006346799e-01 -9.791520571661889161e-01 -2.659640945512784307e-02 7.607600414440057079e+01 9.794841363545213619e-01 2.015089050326858422e-01 -2.233451838627624822e-03 3.737313143370526802e+01 7.546302312447667089e-03 -2.560098873926150084e-02 9.996437578943506708e-01 4.183457160211760950e-01
