1.000000000000000000e+00 -3.306050084167601550e-19 -2.270457535318767223e-19 -8.673617379884035472e-19 7.546676715296109287e-19 1.000000000000000000e+00 6.237773588823049983e-19 1.387778780781445676e-17 -3.447385680526250622e-20 4.770700176052009879e-20 1.000000000000000222e+00 5.551115123125782702e-17
9.999902348012404962e-01 1.371502282026627667e-04 -4.417180620669670758e-03 -4.530825883109721244e-03 -1.395111693588430978e-04 9.999998475917715179e-01 -5.341847833773046960e-04 -4.929137636507582854e-03 4.417107056731231669e-03 5.347958197916284802e-04 9.999901015351791989e-01 2.217921838927178757e-01
9.999010073929515130e-01 6.379892587662628050e-04 -1.405590066876384256e-02 -1.721490529675501896e-02 -6.514754077538318852e-04 9.999993318690382216e-01 -9.549044338234829055e-04 -1.065858076866559034e-02 1.405528324576377219e-02 9.639669861437109811e-04 9.999007549838410114e-01 5.058959883066945773e-01
9.997030228962638931e-01 1.229833117738887054e-03 -2.433831195444140227e-02 -3.310691407885620746e-02 -1.260995144039763838e-03 9.999984047573459156e-01 -1.265059801647508376e-03 -1.561235190945155227e-02 2.433671937199003571e-02 1.295374606121127642e-03 9.997029789780593756e-01 7.697271049631833062e-01
9.996291777926344935e-01 1.221640045933266271e-03 -2.720320551694247954e-02 -4.195049864843226894e-02 -1.270797778863734084e-03 9.999975907732532310e-01 -1.789838830027245045e-03 -2.147629007035462001e-02 2.720095573658339733e-02 1.823744904365477010e-03 9.996283219581640900e-01 1.015017489022822739e+00
9.989702845514648599e-01 2.103290204112385695e-03 -4.532048652830329011e-02 -7.249922905522084016e-02 -2.187140933257589875e-03 9.999959870086908564e-01 -1.800662402292845486e-03 -2.649261744629190229e-02 4.531652116990397827e-02 1.897930523025042259e-03 9.989708759536618521e-01 1.312639178761590752e+00
9.981399083449672416e-01 3.018555858761904492e-03 -6.089015731938857146e-02 -1.032581760600316256e-01 -3.134643847352451551e-03 9.999934469830986661e-01 -1.811078318309608092e-03 -3.060832940570576421e-02 6.088429660745643679e-02 1.998578492448387610e-03 9.981428297078684952e-01 1.573388234400084240e+00
9.965658348592358884e-01 4.059399974358907787e-03 -8.270463932491579906e-02 -1.480150679321186047e-01 -4.197346493553776210e-03 9.999900748715389032e-01 -1.494138210257375202e-03 -3.651005542984105123e-02 8.269776015295847438e-02 1.836147086250994624e-03 9.965729826499495347e-01 1.874880786697252777e+00
9.947298469042448188e-01 4.917309719885873918e-03 -1.024126491907804692e-01 -1.987284574133818538e-01 -5.084140436115422435e-03 9.999861399036398257e-01 -1.368037570132042604e-03 -4.272274872964697268e-02 1.024045113292625375e-01 1.881508043035748411e-03 9.947410603024597897e-01 2.192331551470597439e+00
9.922820823828555348e-01 5.856233178920656687e-03 -1.238627144747173753e-01 -2.584505414118262734e-01 -6.037107633296379637e-03 9.999811878885628280e-01 -1.084994356986643304e-03 -4.930139180652957920e-02 1.238540408403320803e-01 1.824392929454900399e-03 9.922987703612100585e-01 2.516388048331275940e+00
9.881683464088483193e-01 7.292490495212981295e-03 -1.531996624494230685e-01 -3.358534103432662676e-01 -7.432630172073805691e-03 9.999723191327012373e-01 -3.420423735602785517e-04 -5.620013359788091079e-02 1.531929403534178780e-01 1.476671776676620734e-03 9.881951956711898521e-01 2.850115280467438339e+00
9.833382886372434850e-01 8.616413024337849294e-03 -1.815807383037887079e-01 -4.243666634555502970e-01 -8.681018119563116767e-03 9.999622229059312861e-01 4.389812838527315389e-04 -6.305801162082774747e-02 1.815776764984130820e-01 1.144638440799602454e-03 9.833759404896456058e-01 3.198114325172096706e+00
9.776822441852817125e-01 9.937737560954529661e-03 -2.098539177282507662e-01 -5.240353087634770368e-01 -9.893999725102482073e-03 9.999502615185742460e-01 1.258284851781929200e-03 -6.961606206797717189e-02 2.098560021508231732e-01 8.460916832722661192e-04 9.777319400490668277e-01 3.549756129492235068e+00
9.710729183237586382e-01 1.131700992715626262e-02 -2.385147951774942154e-01 -6.343415350324077551e-01 -1.113474729062960758e-02 9.999357773631391000e-01 2.111534515008987693e-03 -7.580039738400033700e-02 2.385233935413117179e-01 6.053477910943018316e-04 9.711365658710653381e-01 3.896974767975579734e+00
9.625789338168738718e-01 1.269755776771874269e-02 -2.707038266312654096e-01 -7.772207048078723091e-01 -1.236176493618278485e-02 9.999192521476479856e-01 2.945501988809277188e-03 -8.165267110389413940e-02 2.707193914369209198e-01 5.110986827527746502e-04 9.626581722739877556e-01 4.309174524545636764e+00
9.526881213719313735e-01 1.432647076061392688e-02 -3.036117383060554786e-01 -9.045866474150877634e-01 -1.376982249094703056e-02 9.998972930806236947e-01 3.974331772919138632e-03 -8.687892108155147175e-02 3.036375190860708395e-01 3.943808124509649588e-04 9.527875471337743374e-01 4.607911704688786081e+00
9.415711143944330841e-01 1.597608471450435996e-02 -3.364351223416314762e-01 -1.038030457797405770e+00 -1.515213659020476188e-02 9.998723230989315924e-01 5.074475014220659538e-03 -9.159044132072045874e-02 3.364732660236949280e-01 3.197315397475747247e-04 9.416929698449225672e-01 4.888222562319358033e+00
9.285990884052204297e-01 1.767873472337877158e-02 -3.706631672538966971e-01 -1.175998939670709120e+00 -1.652091487122313990e-02 9.998436811976717520e-01 6.298617678475153941e-03 -9.548041534560666732e-02 3.707166085495638974e-01 2.748036743780627833e-04 9.287460003465008995e-01 5.142683612833300444e+00
9.140816865888070630e-01 1.936545960544854700e-02 -4.050674452432693196e-01 -1.329421119496991377e+00 -1.782727362322451825e-02 9.998124263235363962e-01 7.569711526756134172e-03 -9.927275064503249258e-02 4.051380904318683251e-01 3.019131484723224976e-04 9.142554628933583505e-01 5.404569226840794549e+00
8.970650547633113314e-01 2.106531969050149181e-02 -4.413961068773048502e-01 -1.503214037451948260e+00 -1.907423535564454695e-02 9.997780247100247486e-01 8.948458260385148619e-03 -1.027975704672396962e-01 4.414866672898075661e-01 3.919436457753115461e-04 8.972677340288648384e-01 5.675802679919671689e+00
8.790249287319545912e-01 2.278054084901431561e-02 -4.762312486664919131e-01 -1.675478684301063392e+00 -2.028778983761797550e-02 9.997403432539108126e-01 1.037553425197890698e-02 -1.055979792243038340e-01 4.763439925448164636e-01 5.413258233246882097e-04 8.792588515334248678e-01 5.917756087206284654e+00
8.579114850010246540e-01 2.448972581614084626e-02 -5.132135177333502218e-01 -1.874350864495100133e+00 -2.140608224725579212e-02 9.996997935577938144e-01 1.192067382221479420e-02 -1.081041213399067114e-01 5.133514251425581598e-01 7.590073527205204538e-04 8.581781643170635077e-01 6.175304693734576134e+00
8.355948901243703819e-01 2.627652623958923531e-02 -5.487173206463717978e-01 -2.046580298401332154e+00 -2.252025719778226812e-02 9.996541993631087308e-01 1.357644195191801822e-02 -1.091293770439802774e-01 5.488843619632703952e-01 1.012849212908373568e-03 8.358976958486935560e-01 6.364744809566765582e+00
8.098963189949198727e-01 2.804631505034112932e-02 -5.859021482014492577e-01 -2.252337147699132736e+00 -2.346769789974524970e-02 9.996058190755989781e-01 1.541018147260459110e-02 -1.101098235639564049e-01 5.861034450833738640e-01 1.269124883886596673e-03 8.102352566614873242e-01 6.577481398434578352e+00
7.775957571734004592e-01 2.981315233722800842e-02 -6.280573066366846868e-01 -2.513412782390161748e+00 -2.397610089003883449e-02 9.995547126280720507e-01 1.776297038008576093e-02 -1.102746463790490045e-01 6.283072638855206060e-01 1.245954439232151590e-03 7.779643077129141382e-01 6.827310377734260527e+00
7.447093596249922953e-01 3.158834905425665640e-02 -6.666409135808822883e-01 -2.769606332808643323e+00 -2.451000251183566708e-02 9.994998975212924242e-01 1.998035785018315025e-02 -1.094411484182073874e-01 6.669387276845136769e-01 1.459810434547605985e-03 7.451111601646418503e-01 7.044898106394532178e+00
7.058264514475370843e-01 3.348281857021757207e-02 -7.075930173348518037e-01 -3.080097567285076998e+00 -2.467906181974074270e-02 9.994382298723147873e-01 2.267528705935714650e-02 -1.080445114058713185e-01 7.079548050629862477e-01 1.457913857096907687e-03 7.062562648658633480e-01 7.289266835037488512e+00
6.641047539320703574e-01 3.540978818154533886e-02 -7.468004920184565520e-01 -3.411685402438620063e+00 -2.465657201825713699e-02 9.993717421916841204e-01 2.545926998030577371e-02 -1.055745790353063707e-01 7.472328792797285901e-01 1.505917295303040330e-03 6.645606100721889176e-01 7.522363335787951577e+00
6.103851304355577545e-01 3.823593866790882256e-02 -7.911813649960970363e-01 -3.826011917933973550e+00 -2.425330857735287157e-02 9.992680969772993471e-01 2.958120084573731545e-02 -1.021334048201189143e-01 7.917334288496351569e-01 1.132839997889383173e-03 6.108657369457139996e-01 7.780689120178143625e+00
5.580042956971685841e-01 4.068380235561493835e-02 -8.288401387405893717e-01 -4.225878779330608737e+00 -2.367739216784208942e-02 9.991714066314016929e-01 3.310409821972242622e-02 -9.690735174999610957e-02 8.295002379838877227e-01 1.152543327990348003e-03 5.585052246524514485e-01 7.992711514087367242e+00
5.048432925086696610e-01 4.297231133468915054e-02 -8.621406888391776047e-01 -4.632055008780998406e+00 -2.289980546819850304e-02 9.990753208026118548e-01 3.638821668213469002e-02 -9.010237638571258478e-02 8.629072439746877654e-01 1.372506242837850856e-03 5.053605333104090880e-01 8.176313400283637733e+00
4.498569039244605383e-01 4.520747163675856856e-02 -8.919557068462776739e-01 -5.057110652933442196e+00 -2.187279532937550300e-02 9.989761813162503223e-01 3.960012648810272429e-02 -8.166962371566688361e-02 8.928328029718528569e-01 1.695173607446758598e-03 4.503851471638217197e-01 8.338685864284274274e+00
3.944991557032894169e-01 4.731706688318922105e-02 -9.176771981285234414e-01 -5.468655460182130668e+00 -2.076057613821866848e-02 9.988773770072468805e-01 4.257915220031305292e-02 -7.240967384790052142e-02 9.186617908290934942e-01 2.254067024765462907e-03 3.950386128578897704e-01 8.464975966933991458e+00
3.384395242499216860e-01 4.929819280095960876e-02 -9.396958561058600390e-01 -5.897444458027198522e+00 -1.942187885171400841e-02 9.987799395433000216e-01 4.540289635848139549e-02 -6.152100798451691499e-02 9.407877305887785147e-01 2.884523699841085205e-03 3.389840725391907172e-01 8.570818158719177404e+00
2.788998536006863649e-01 5.143575678917199773e-02 -9.589416859269364046e-01 -6.345354769945633855e+00 -1.783124117708991332e-02 9.986697959141165315e-01 4.838063212523781992e-02 -4.927801767342826489e-02 9.601546733414514367e-01 3.605768526015052343e-03 2.794460247315748713e-01 8.652791308257688385e+00
2.205457783957778528e-01 5.332429879468671835e-02 -9.739178604955522900e-01 -6.784791076826389933e+00 -1.614115473492255121e-02 9.985672507544456344e-01 5.101871059628588362e-02 -3.602130608431025616e-02 9.752430997939500745e-01 4.468196912276022753e-03 2.210905088504480365e-01 8.705486357428615207e+00
1.645305715515315848e-01 5.491870123970712253e-02 -9.848418888193317677e-01 -7.181985886251392337e+00 -1.454596645529709735e-02 9.984753244250911264e-01 5.324886243303917494e-02 -2.308125778901379266e-02 9.862647661543634259e-01 5.564410583829186054e-03 1.650785629047816783e-01 8.724971796620099695e+00
1.088533445350938350e-01 5.636850518279321737e-02 -9.924582905578498426e-01 -7.606948778849259796e+00 -1.273627257853897528e-02 9.983880862974876536e-01 5.530837608924085713e-02 -8.149685470855955183e-03 9.939762679160464298e-01 6.619716886571190041e-03 1.093958085071776304e-01 8.726780235643179395e+00
5.621665898315152815e-02 5.752856063079971743e-02 -9.967597849104554708e-01 -8.040133677517490085e+00 -1.111473290763034978e-02 9.983128023001407447e-01 5.699132769680873706e-02 8.509180945203906332e-03 9.983567675058259150e-01 7.874856065153264251e-03 5.676122648094439338e-02 8.708741124315016791e+00
6.867043732729273715e-03 5.852675027966759702e-02 -9.982621798253582535e-01 -8.556090062283647768e+00 -9.729474633931948710e-03 9.982424165898161617e-01 5.845866054717685500e-02 3.114713428629761749e-02 9.999291306994954054e-01 9.311127730726889359e-03 7.424410394958128045e-03 8.675219211982769352e+00
-3.810168685011944972e-02 5.922794864732001952e-02 -9.975170315586009417e-01 -9.107202852512388702e+00 -8.597899816246258944e-03 9.981855473322988059e-01 5.959604985670143712e-02 5.678084455162432653e-02 9.992369203333340000e-01 1.084726091642079088e-02 -3.752331564299186961e-02 8.621726772635405212e+00
-6.859558978672786189e-02 5.938194414887471712e-02 -9.958756683310345803e-01 -9.649906791783454452e+00 -7.382644387897125716e-03 9.981694386750075143e-01 6.002722878570262294e-02 8.020828527536177921e-02 9.976172746911631251e-01 1.146979847634344019e-02 -6.803162404777075845e-02 8.564638583837119512e+00
-8.907679933032282282e-02 5.921515692315450913e-02 -9.942629462752557989e-01 -1.019010483933293543e+01 -6.514760934988809114e-03 9.981752043245243344e-01 6.003181904780460071e-02 1.027414825268827547e-01 9.960034972951926635e-01 1.182482711070028530e-02 -8.852847825498361134e-02 8.503242128473779360e+00
-1.093244205880317815e-01 5.928869350282920531e-02 -9.922363325253185096e-01 -1.082465689251596785e+01 -5.484579636781437319e-03 9.981684053938898460e-01 6.024743806372476890e-02 1.301649165350113324e-01 9.939910336894619558e-01 1.202851485986488993e-02 -1.087990074849035232e-01 8.422179540341522497e+00
-1.264931688486447825e-01 5.916702339177273146e-02 -9.902013227915467120e-01 -1.146728433027073102e+01 -4.636076949073893519e-03 9.981734208495098848e-01 6.023560933477366264e-02 1.577327375515203967e-01 9.919566872241363242e-01 1.221004205362914881e-02 -1.259878146705700752e-01 8.330485627911226487e+00
-1.421560699637199610e-01 5.897194391043058398e-02 -9.880859679560148878e-01 -1.212304742583541106e+01 -3.860328991871926716e-03 9.981830925997170478e-01 6.012995458694976592e-02 1.856369441342523019e-01 9.898367711957750670e-01 1.236217436948121480e-02 -1.416701329267700538e-01 8.227352238997131195e+00
-1.615067212978268385e-01 5.910436478706219965e-02 -9.851000822439394122e-01 -1.279754186207297195e+01 -2.827139666957387970e-03 9.981731389095835905e-01 6.035223250719051052e-02 2.149162137228559644e-01 9.868676049861402344e-01 1.253230615032892292e-02 -1.610445731465494079e-01 8.106775876372214640e+00
-1.820024040607569338e-01 5.947566050506079144e-02 -9.814976772128348737e-01 -1.356350098543897609e+01 -1.542470659903975643e-03 9.981505553310902057e-01 6.077079562687480452e-02 2.478537639705734041e-01 9.832969178605350802e-01 1.257436171138418685e-02 -1.815740597168640502e-01 7.955533466842329204e+00
-1.896975549792231652e-01 5.983776004832269679e-02 -9.800174488318876831e-01 -1.447859184659981580e+01 -1.096537536650187905e-03 9.981276312614953961e-01 6.115577847307654413e-02 2.882747097626852106e-01 9.818420025573662002e-01 1.267572701243187272e-02 -1.892767553530735891e-01 7.774454687187464685e+00
-1.922060232402714730e-01 6.003475095457146832e-02 -9.795165099685168020e-01 -1.534600759149716609e+01 -8.837751691701138451e-04 9.981160378540062661e-01 6.134813641934146189e-02 3.266159438020365124e-01 9.813542409546439638e-01 1.265715314774626399e-02 -1.917908556423873478e-01 7.601830015366781268e+00
-1.920795407744407546e-01 5.997432264332479279e-02 -9.795450222566619569e-01 -1.615072749503748284e+01 -8.422232443063970694e-04 9.981204567440231656e-01 6.127678525575009499e-02 3.621632135619994308e-01 9.813790416285939067e-01 1.259501180152158319e-02 -1.916680056966457990e-01 7.443533579589856508e+00
-1.924131942788090410e-01 5.998812950400757987e-02 -9.794786914404428613e-01 -1.696658907703521280e+01 -8.375358420782728170e-04 9.981193849567994159e-01 6.129430503147436510e-02 3.980724434917103371e-01 9.813136827043400512e-01 1.261418097615552014e-02 -1.920010954189508567e-01 7.282600224426898805e+00
-1.923452161615483158e-01 5.998943187091061030e-02 -9.794919631528928861e-01 -1.784042922371595807e+01 -8.259201510486168180e-04 9.981195073220470171e-01 6.129247002039864972e-02 4.369500422560308461e-01 9.813270190611262933e-01 1.259829498829404155e-02 -1.919339644066354877e-01 7.109987394009976924e+00
-1.931249153174905420e-01 6.010865299815124768e-02 -9.793312192220029466e-01 -1.869892947334447086e+01 -8.444652587687789466e-04 9.981111696960666135e-01 6.142784163687595167e-02 4.749826952533152680e-01 9.811738564604772783e-01 1.269025735059893176e-02 -1.927093739523785543e-01 6.939631825956404043e+00
-1.927036007179082633e-01 6.004879324730821172e-02 -9.794178805340626459e-01 -1.953960620915109558e+01 -7.859528380848134887e-04 9.981160158596316112e-01 6.134982546449514740e-02 5.123403198119568236e-01 9.812567386780528533e-01 1.259210797619707278e-02 -1.922933531673463869e-01 6.773822139080193594e+00
-1.927195590344641662e-01 6.006781438041922799e-02 -9.794135741614260482e-01 -2.042492261262604458e+01 -7.841597748768771659e-04 9.981148343852731530e-01 6.136906708877300221e-02 5.518211363515865830e-01 9.812536060117745818e-01 1.259503571847413531e-02 -1.923091464811493290e-01 6.598421135345165389e+00
-1.928268457150906778e-01 6.009822454150078042e-02 -9.793905916399295863e-01 -2.131288253792220999e+01 -7.880788685431565571e-04 9.981127916695821112e-01 6.140223089605303247e-02 5.914358335135142530e-01 9.812325255269660484e-01 1.261183497615261245e-02 -1.924155776412288243e-01 6.422335514946602153e+00
-1.923518519846840469e-01 6.008864029761665226e-02 -9.794845789206303444e-01 -2.223165640473587246e+01 -7.636916257232124377e-04 9.981140869354632184e-01 6.138148057730648255e-02 6.326672282975542849e-01 9.813257687825727160e-01 1.255486507910553648e-02 -1.919432024189940966e-01 6.240283446547940649e+00
-1.920746712241032939e-01 6.012980136583442881e-02 -9.795364452896186958e-01 -2.321664084984498189e+01 -7.321147531233378539e-04 9.981121320936992003e-01 6.141364422503891446e-02 6.766883555549365603e-01 9.813800830230269279e-01 1.251313804715238447e-02 -1.916680361982712189e-01 6.044876889866389824e+00
-1.924445150723176901e-01 6.011808391402420626e-02 -9.794645703681222892e-01 -2.401083391401997957e+01 -7.441198714902584393e-04 9.981124173890381091e-01 6.140886305005763962e-02 7.117959229283258304e-01 9.813076161759194393e-01 1.254663736293090692e-02 -1.920365235875957366e-01 5.888025488812110630e+00
-1.926256895630901189e-01 6.014013684265284015e-02 -9.794276020556346163e-01 -2.486560197392769922e+01 -7.413314519313872995e-04 9.981109247806879692e-01 6.143315214707002064e-02 7.498078931711165129e-01 9.812720707342367232e-01 1.255968322282702797e-02 -1.922172198678039901e-01 5.719090843656132961e+00
-1.926696647775987536e-01 6.015511687239225719e-02 -9.794180324037625729e-01 -2.574338668848895040e+01 -7.389538723732371091e-04 9.981099801802538751e-01 6.144852588395792459e-02 7.889867824028525822e-01 9.812634390801117101e-01 1.256301107309061756e-02 -1.922610619323982806e-01 5.545315020678186713e+00
-1.925079043391754730e-01 6.011905902348302355e-02 -9.794520537078658107e-01 -2.658419545521313054e+01 -7.064759195153454043e-04 9.981127861641029275e-01 6.140331350288253526e-02 8.263279475282397923e-01 9.812952105851756590e-01 1.251258193341692367e-02 -1.921021265874796879e-01 5.379491000693509051e+00
-1.921709325084935416e-01 5.995801140281949854e-02 -9.795280953392834222e-01 -2.727771136112871275e+01 -8.022119137025785982e-04 9.981219164148903422e-01 6.125354153416844027e-02 8.563406405544229383e-01 9.813611831655272288e-01 1.255693874610672167e-02 -1.917619188998397617e-01 5.242907408934435409e+00
-1.917957353434900925e-01 5.989882739185854038e-02 -9.796052502716532384e-01 -2.811590150636528307e+01 -7.494796420642000365e-04 9.981265862404951061e-01 6.117806831237913162e-02 8.934130420818877649e-01 9.814346217986826826e-01 1.246788623155986250e-02 -1.913915281183458383e-01 5.078360317492688125e+00
-1.917786834445586730e-01 5.993179846592120580e-02 -9.796065720926352416e-01 -2.902570080056948498e+01 -7.522371354791468909e-04 9.981245050644627081e-01 6.121197963882450688e-02 9.339314491970318599e-01 9.814379518833067362e-01 1.247604874834305419e-02 -1.913739190667847201e-01 4.898719525527017282e+00
-1.918339508499809221e-01 5.995859786523478202e-02 -9.795941107537574633e-01 -2.991604277540622547e+01 -7.527070500781727572e-04 9.981227801712343473e-01 6.124009354550401241e-02 9.735221479327352823e-01 9.814271503341491787e-01 1.248527592929624293e-02 -1.914287035904789769e-01 4.723080100043478780e+00
-1.915712575659850592e-01 5.997572133737796851e-02 -9.796444692315188219e-01 -3.084307103144081807e+01 -7.368305132658313711e-04 9.981221200263995508e-01 6.125104502672714529e-02 1.014921611483738939e+00 9.814784730411233449e-01 1.245577110008918957e-02 -1.911673162924582836e-01 4.540118442050515846e+00
-1.904812777405053836e-01 5.981527366037214799e-02 -9.798667949273376365e-01 -3.163367161830226237e+01 -6.279191679072191647e-04 9.981343606864607754e-01 6.105246642799906642e-02 1.049761739675776351e+00 9.816906698492955385e-01 1.224462839267534929e-02 -1.900883477191636639e-01 4.386536609934656106e+00
-1.907411787978036122e-01 5.990247650635074222e-02 -9.798109082686016214e-01 -3.259864270436150235e+01 -6.299997502556227208e-04 9.981286946444665187e-01 6.114500756242841062e-02 1.092538456659628565e+00 9.816402031928196381e-01 1.228015088398633214e-02 -1.903465037590099940e-01 4.196637437091281342e+00
-1.906768908464641366e-01 5.992499389273086424e-02 -9.798220442227686400e-01 -3.350011235162190104e+01 -6.275641242372957413e-04 9.981273698664956395e-01 6.116665438590153381e-02 1.132633642218550785e+00 9.816526942741384820e-01 1.227796808122134237e-02 -1.902822152744212958e-01 4.019783576015531601e+00
-1.906136503205864419e-01 5.993994297029808099e-02 -9.798334345626752429e-01 -3.439158378445293351e+01 -6.197805192061925849e-04 9.981265832388445114e-01 6.117956869834027811e-02 1.172245767521678639e+00 9.816649809893359668e-01 1.226894202558129546e-02 -1.902194004000079264e-01 3.845075963962976129e+00
-1.908641791767367313e-01 5.997299552672488016e-02 -9.797826416415057471e-01 -3.524699516910222741e+01 -6.198956001468068980e-04 9.981243216116905126e-01 6.121645414927757989e-02 1.210059164496404049e+00 9.816163015894485699e-01 1.229139065858203886e-02 -1.904690008605866292e-01 3.677587376296418409e+00
-1.908252880002989649e-01 5.999373653023969133e-02 -9.797889471629854796e-01 -3.614190780140103243e+01 -6.158010388134315489e-04 9.981231072082441536e-01 6.123629289846398149e-02 1.249884094376830568e+00 9.816238653167478345e-01 1.228878771644097145e-02 -1.904301836833663941e-01 3.501958391674993898e+00
-1.910117333390673744e-01 6.005529932185574293e-02 -9.797488447059540251e-01 -3.706123986244971036e+01 -6.349883942063254188e-04 9.981188704703162218e-01 6.130511497877224464e-02 1.290886787409860847e+00 9.815875901933113212e-01 1.233212485766006089e-02 -1.906142796048241328e-01 3.321037141823106165e+00
-1.907710275516839304e-01 6.006966301710536804e-02 -9.797948614767656439e-01 -3.797723397046617322e+01 -6.243019895457803435e-04 9.981182948311342340e-01 6.131459607739961348e-02 1.331868199060499469e+00 9.816344064906666889e-01 1.230873581583103761e-02 -1.903745496088015687e-01 3.141100466597602114e+00
-1.906221538846871733e-01 6.007730774577878935e-02 -9.798233674911842606e-01 -3.887010260875018730e+01 -6.115186400049966130e-04 9.981180932952995466e-01 6.131800553833429562e-02 1.371707417458907452e+00 9.816633349627957861e-01 1.228774997717319885e-02 -1.902266808775184281e-01 2.966102993643174202e+00
-1.910622781799273251e-01 6.016418826755236954e-02 -9.797323084706864860e-01 -3.978077159055654732e+01 -6.377417571485639435e-04 9.981119763081959251e-01 6.141722850371583720e-02 1.412322250419516534e+00 9.815777512991807896e-01 1.235933123920916407e-02 -1.906631773529263163e-01 2.786893808299508724e+00
-1.919797367362399143e-01 6.031410063920014664e-02 -9.795437253807433020e-01 -4.066879604142163629e+01 -6.652026952237025462e-04 9.981014886130820107e-01 6.158714033637301827e-02 1.451909160297599310e+00 9.813987063691769208e-01 1.247507755455526737e-02 -1.915751384139226521e-01 2.611413812510266830e+00
-1.916766813236186473e-01 6.030183507988402108e-02 -9.796038273192151369e-01 -4.155971246211741033e+01 -6.409739176877869574e-04 9.981028087356274003e-01 6.156599928200291033e-02 1.491930980562883313e+00 9.814579571604785668e-01 1.242866636697926436e-02 -1.912743805908983241e-01 2.435858585258516396e+00
-1.913568623479365016e-01 6.031014276156405202e-02 -9.796658399052741162e-01 -4.248192083840757505e+01 -6.245636431559648634e-04 9.981027482926124739e-01 6.156714783115505019e-02 1.533444276419513086e+00 9.815203736280341262e-01 1.239315933720359746e-02 -1.909561411876925796e-01 2.254079941129123021e+00
-1.909112324012962325e-01 6.026621088423762818e-02 -9.797554823109395628e-01 -4.334989851708585462e+01 -5.804457263601430026e-04 9.981064151771180670e-01 6.150810504474350793e-02 1.572315232949705877e+00 9.816071755716860858e-01 1.231128245614107261e-02 -1.905147430204618131e-01 2.084094303192681963e+00
-1.916556188438302000e-01 6.038551423723689804e-02 -9.796027936929965207e-01 -4.421547924459773782e+01 -5.980394368911835746e-04 9.980981062302587414e-01 6.164262007119152009e-02 1.610896996187915597e+00 9.814620974849207480e-01 1.239999503863373036e-02 -1.912549957936239553e-01 1.913627265377289888e+00
-1.925821092608152874e-01 6.052698172379419872e-02 -9.794123420108574729e-01 -4.506936173964123071e+01 -6.163027409293671179e-04 9.980882192696537425e-01 6.180231910309030852e-02 1.648981113937144416e+00 9.812807111219096212e-01 1.250563492176602620e-02 -1.921766300470101885e-01 1.744645641151959969e+00
-1.933536561930193354e-01 6.065803750488184265e-02 -9.792522076343376236e-01 -4.597731093542320480e+01 -6.495514393129538013e-04 9.980788891061279644e-01 6.195247471836975300e-02 1.689929216234261622e+00 9.811289539872113385e-01 1.261481162094479046e-02 -1.929428003588370411e-01 1.563719627329126727e+00
-1.945735501856880045e-01 6.082529357529471714e-02 -9.790001722706138665e-01 -4.685617629989258148e+01 -6.425112473211803694e-04 9.980673832220098296e-01 6.213763470960314422e-02 1.729580889889907880e+00 9.808877628666720083e-01 1.271935825262693678e-02 -1.941584316398479726e-01 1.387524720779251153e+00
-1.950357793759141256e-01 6.090235345649604864e-02 -9.789034008517516483e-01 -4.774723110427966333e+01 -6.655610040302625124e-04 9.980618069596435271e-01 6.222689479995771600e-02 1.770034793443453935e+00 9.807959443081917250e-01 1.278799030239387638e-02 -1.946172266513849503e-01 1.208622260278954030e+00
-1.956854694860371002e-01 6.103091757575653670e-02 -9.787657249041463725e-01 -4.868851090257807357e+01 -6.895707427327156351e-04 9.980527690202023461e-01 6.237142504709424634e-02 1.812947750641879407e+00 9.806665101263164486e-01 1.288010924922476305e-02 -1.952623380397932318e-01 1.018491547173535405e+00
-1.963943944136343212e-01 6.118141314880880255e-02 -9.786143247818729352e-01 -4.968992780951953847e+01 -7.038373253488300341e-04 9.980423809012399783e-01 6.253727253969830480e-02 1.858616996345541006e+00 9.805247722482985928e-01 1.297075450793598247e-02 -1.959668657316722962e-01 8.154659275494564596e-01
-1.970166557494482940e-01 6.129014210499480336e-02 -9.784824352027300387e-01 -5.059349564973224034e+01 -7.299555448016443494e-04 9.980345501789649187e-01 6.266182037247849945e-02 1.900069377681688376e+00 9.803999117906292415e-01 1.305967042415776165e-02 -1.965846888174148654e-01 6.319678134456001573e-01
-1.983158461906212866e-01 6.118148195861293492e-02 -9.782267485722743183e-01 -5.132520641716188692e+01 -7.335567129087645823e-04 9.980403458507385306e-01 6.256940040748602827e-02 1.933255886426775261e+00 9.801379339253860623e-01 1.312608783943362313e-02 -1.978823341311961581e-01 4.815798190608784335e-01
-1.986859013212043945e-01 6.123527795411415342e-02 -9.781482881293831477e-01 -5.219359285367265500e+01 -7.436859363358568368e-04 9.980364495012393755e-01 6.263140040513880125e-02 1.972996071740518165e+00 9.800629785941373795e-01 1.317141082079507398e-02 -1.982502302038877950e-01 3.041550979177682912e-01
-1.990993521185816240e-01 6.135146341805315651e-02 -9.780569340062353900e-01 -5.321022343796773413e+01 -7.517902561870299337e-04 9.980285361197245297e-01 6.275727703092982834e-02 2.019597646228633803e+00 9.799790636781400277e-01 1.323022632648786397e-02 -1.986607100033689899e-01 9.511174609154010584e-02
-1.999789969841036796e-01 6.152971912037508151e-02 -9.778662560376061297e-01 -5.425668653311677758e+01 -7.712297402519939374e-04 9.980160489110161404e-01 6.295531143957293352e-02 2.067609871704708002e+00 9.797999226330162958e-01 1.334389903337654913e-02 -1.995347933847288757e-01 -1.209268068948217562e-01
-2.007067544866790454e-01 6.169017121088939820e-02 -9.777070326904856445e-01 -5.531038519361161576e+01 -7.888321256274290856e-04 9.980048214706815912e-01 6.313282808837819560e-02 2.116156907669068055e+00 9.796510903609875198e-01 1.344243120423083311e-02 -2.002576439895491500e-01 -3.392811457959451493e-01
-2.006559516669598198e-01 6.172895403750524451e-02 -9.777150124578286583e-01 -5.623512722369358841e+01 -7.890836580429190852e-04 9.980023579939066858e-01 6.317175557768497929e-02 2.159310804461171074e+00 9.796614970526438260e-01 1.344728713272949627e-02 -2.002064020992612992e-01 -5.307118044998028195e-01
-2.014740895611511762e-01 6.186133106883846128e-02 -9.775383814841888119e-01 -5.713071881400054508e+01 -8.170601146975613313e-04 9.979926786351808188e-01 6.332413221021150618e-02 2.200975709109641798e+00 9.794935456762945414e-01 1.355687896890418569e-02 -2.010191203897088996e-01 -7.167901666884328726e-01
-2.012002083067613856e-01 6.181592389684668204e-02 -9.775976616384969287e-01 -5.797089135146494954e+01 -7.762111601376255575e-04 9.979964273532645480e-01 6.326553882860204425e-02 2.239998390578335830e+00 9.795498742053481145e-01 1.348786126715797312e-02 -2.007491053620361343e-01 -8.901821810853902672e-01
-2.014968822232394707e-01 6.190666479157296009e-02 -9.775308136475669984e-01 -5.893598661034659614e+01 -7.796856316138020722e-04 9.979902373886333500e-01 6.336306561367312240e-02 2.285058148343031004e+00 9.794888875924662175e-01 1.352962636106007539e-02 -2.010436520852574849e-01 -1.091116822878817061e+00
-2.008865768945509722e-01 6.187466077979404677e-02 -9.776584423391242451e-01 -5.983981275609487227e+01 -7.420280862650631718e-04 9.979933738595659909e-01 6.331409829931049227e-02 2.327496203588291124e+00 9.796142684803353928e-01 1.344440195964361276e-02 -2.004375584010243405e-01 -1.278230254773317753e+00
-2.001626923916293710e-01 6.181290373124286031e-02 -9.778108108325577197e-01 -6.071831274143081458e+01 -6.825701438691881206e-04 9.979988225382795397e-01 6.322882433724047457e-02 2.368625305138990278e+00 9.797624778936856460e-01 1.332347563956068001e-02 -1.997199381791693040e-01 -1.459044904489226635e+00
-2.000069263775723361e-01 6.175772086862069826e-02 -9.778461707153242033e-01 -6.153212725621698098e+01 -6.431291675219853125e-04 9.980030605949293809e-01 6.316230952871909610e-02 2.406222028872247343e+00 9.797943142347510515e-01 1.326178024190938394e-02 -1.995678049721622271e-01 -1.625968063325780477e+00
-2.004193714435370255e-01 6.171176037808950160e-02 -9.777646211968364920e-01 -6.230416377513456894e+01 -6.900391078116397542e-04 9.980050307533945286e-01 6.313067680675342463e-02 2.441806823431050155e+00 9.797099988280920657e-01 1.332730584912344800e-02 -1.999769559319124757e-01 -1.785201140759048011e+00
-2.004965617455527760e-01 6.170063073846094454e-02 -9.777494981744391245e-01 -6.314097625025023319e+01 -6.823773595320026556e-04 9.980057857185031800e-01 6.311882405973676113e-02 2.480427309425476512e+00 9.796942101974361883e-01 1.332230078402411345e-02 -2.000546240241695972e-01 -1.957442205423672421e+00
-2.003203976075865200e-01 6.165028179643673029e-02 -9.777887815556368656e-01 -6.396898851909864447e+01 -6.476768055796169269e-04 9.980096594552003708e-01 6.305791041674153885e-02 2.518594591651093673e+00 9.797302696292620183e-01 1.326507625820102371e-02 -1.998817608395667134e-01 -2.127549859600795568e+00
-2.003353231717489025e-01 6.164603298674690285e-02 -9.777859915065677532e-01 -6.482143235911387080e+01 -6.325621940273997573e-04 9.980101249496825533e-01 6.305069611225060100e-02 2.558007127233630662e+00 9.797272276327664287e-01 1.324979149027994893e-02 -1.998976844594625157e-01 -2.302929850682470914e+00
-2.001951898513047168e-01 6.159655917938658409e-02 -9.778178102961587737e-01 -6.564126848917895529e+01 -5.958492202286757569e-04 9.980139309251070401e-01 6.299078155151069391e-02 2.595726441815157326e+00 9.797558947711846322e-01 1.319308290661708877e-02 -1.997608846128641202e-01 -2.471259024565860773e+00
-2.007256081741218834e-01 6.167442281358423428e-02 -9.777041557073727907e-01 -6.650962755117824088e+01 -6.125623400191384767e-04 9.980082237630645281e-01 6.308097958823262463e-02 2.635842039443737850e+00 9.796473535860176218e-01 1.326087219417289471e-02 -2.002880267478510112e-01 -2.650605771256634657e+00
-2.006522752787752439e-01 6.166151678361724009e-02 -9.777200223297485282e-01 -6.736272719532938424e+01 -5.903266442713241829e-04 9.980094209326103583e-01 6.306224830562759398e-02 2.675314412318456014e+00 9.796623899792517021e-01 1.323075724257640959e-02 -2.002164591224653567e-01 -2.826384525227508160e+00
-2.002810647037507885e-01 6.157514931274085668e-02 -9.778015731148821388e-01 -6.817475208171678958e+01 -5.316698435484088804e-04 9.980160976191322364e-01 6.295701817581102200e-02 2.712700170309491732e+00 9.797383808243356196e-01 1.312896569423702663e-02 -1.998509874714840540e-01 -2.993070315514318125e+00
-1.992217317066719284e-01 6.139551988216742501e-02 -9.780292490483405432e-01 -6.892929932227711731e+01 -4.998018553874150009e-04 9.980289754348209419e-01 6.275280319193374257e-02 2.747185928249347153e+00 9.799543531513019712e-01 1.299054240580512463e-02 -1.987983736833135451e-01 -3.146686586950834474e+00
-1.981031654378439255e-01 6.120265140662514702e-02 -9.782685170771475702e-01 -6.966499877304379140e+01 -4.773940277708805559e-04 9.980425675839280641e-01 6.253643181192909684e-02 2.780488522185638800e+00 9.801811008281317017e-01 1.285568409313818383e-02 -1.976861725979678075e-01 -3.295512709761272419e+00
-1.983075898223087552e-01 6.120229987620900980e-02 -9.782271201085701584e-01 -7.049128454574162106e+01 -4.724222791974181800e-04 9.980424838281355404e-01 6.253780624302503199e-02 2.818008362585260329e+00 9.801397650905216974e-01 1.286385736309025862e-02 -1.978904846764356074e-01 -3.463661445341783551e+00
-1.977645092594747800e-01 6.104021003757020836e-02 -9.783471836846273639e-01 -7.121244855148016484e+01 -5.235747777130277244e-04 9.980526159523918084e-01 6.237548860632105563e-02 2.850382259765056769e+00 9.802494617391384057e-01 1.284789525156167234e-02 -1.973474251925931289e-01 -3.609802556247690308e+00
-1.958720098798709675e-01 6.081744621933479755e-02 -9.787416993784341379e-01 -7.187796183803500583e+01 -4.640861606253075984e-04 9.980691216428666523e-01 6.211129499936923065e-02 2.879758967498391442e+00 9.806294014167165063e-01 1.262008410881243839e-02 -1.954655788175471975e-01 -3.742225525378795048e+00
-1.945409088148773447e-01 6.061440216772458200e-02 -9.790197388827230895e-01 -7.254404109007184331e+01 -4.684254984809733111e-04 9.980830059144532029e-01 6.188775163416364300e-02 2.908886378229933012e+00 9.808943357825414822e-01 1.249829669761636647e-02 -1.941395802087520495e-01 -3.874267311245850109e+00
-1.907336342623549286e-01 6.057347666579426110e-02 -9.797711235945475439e-01 -7.322995901231566052e+01 -5.888385071833373771e-04 9.980871115080071077e-01 6.182047420709633340e-02 2.939104332750050563e+00 9.816416946846229230e-01 1.236817012074617299e-02 -1.903331125886348063e-01 -4.006425277579070077e+00
-1.811258505325925861e-01 6.058495083264292536e-02 -9.815919771655471360e-01 -7.388229254929164824e+01 -7.938667295367519234e-04 9.980913448195460891e-01 6.174979427348432914e-02 2.967542412312939692e+00 9.834596479024909632e-01 1.196373664807083743e-02 -1.807320458559603382e-01 -4.122640371582450669e+00
-1.728959933189758436e-01 6.060698320518042442e-02 -9.830735925951535892e-01 -7.450924333012778789e+01 -9.417862202772043665e-04 9.980943787881341178e-01 6.169865469773828243e-02 2.994785757762224776e+00 9.849396792579482307e-01 1.159329477176458331e-02 -1.725094387158250253e-01 -4.229113416164014261e+00
-1.583254314342446289e-01 6.053480690068548803e-02 -9.855295601166113029e-01 -7.515210451260786328e+01 -1.297099183771087015e-03 9.981052773695859859e-01 6.151563007092567675e-02 3.022234007444606352e+00 9.873861751756316529e-01 1.101781766296192067e-02 -1.579469274947520319e-01 -4.325302706469067893e+00
-1.426727260390105723e-01 6.038872321678818988e-02 -9.879259151738338796e-01 -7.576886210493523777e+01 -1.757854971590962949e-03 9.981199438818171288e-01 6.126571222975220332e-02 3.048533915183775811e+00 9.897684007847374899e-01 1.047757604871773184e-02 -1.422983371735568880e-01 -4.406395712357684680e+00
-1.272207033760566763e-01 6.029742758236986133e-02 -9.900399138475777239e-01 -7.641443718490070580e+01 -2.108233912878540277e-03 9.981317997252225904e-01 6.106116320518757690e-02 3.075773111613647082e+00 9.918722358867173572e-01 9.855479228924466512e-03 -1.268559070214969331e-01 -4.481802462758786021e+00
-1.079523179026549151e-01 6.000102186623085948e-02 -9.923437369024848964e-01 -7.693373263306393994e+01 -2.651783981434462350e-03 9.981561225813264659e-01 6.064093437691185640e-02 3.097128158552726607e+00 9.941525787289666738e-01 9.177810010661719559e-03 -1.075941557893443090e-01 -4.525956576761179129e+00
-8.239570012032342017e-02 5.972236377431979631e-02 -9.948085771315479109e-01 -7.752115200603739709e+01 -3.426156667021949473e-03 9.981799407224843934e-01 6.020853194765517918e-02 3.122153682274690922e+00 9.965938466105703775e-01 8.369293522146905445e-03 -8.204111535992841819e-02 -4.559474593004013698e+00
-4.166812518582511948e-02 5.932319612442265439e-02 -9.973687594778875010e-01 -7.797782652469618370e+01 -5.193909252747004775e-03 9.982094133089342014e-01 5.959018730131619701e-02 3.142484519360453810e+00 9.991180490451680996e-01 7.663253536742777906e-03 -4.128539396712904014e-02 -4.550116325833301723e+00
1.114973556843847731e-03 5.901818229573266988e-02 -9.982562433986096329e-01 -7.846413151098029459e+01 -6.956409975391167344e-03 9.982332094604056127e-01 5.900904871964836318e-02 3.163482138954450740e+00 9.999752250048189461e-01 6.878485464960244940e-03 1.523559836486947051e-03 -4.521454248128681463e+00
4.870498261786922189e-02 5.880721459957505282e-02 -9.970804646031101726e-01 -7.896216113293759520e+01 -8.902228085196939658e-03 9.982511469078044763e-01 5.844140637511521102e-02 3.184625891336511305e+00 9.987735780733738578e-01 6.029849317963466640e-03 4.914332152627413214e-02 -4.467810638640829168e+00
9.829124868809807625e-02 5.854592259975548857e-02 -9.934340051018798468e-01 -7.938972320697655505e+01 -1.111851483217789205e-02 9.982702672180810977e-01 5.773085977805911262e-02 3.203220481261780606e+00 9.950956202721557009e-01 5.371071697868638577e-03 9.877217632664229974e-02 -4.391635286235644031e+00
1.443552675127151297e-01 5.811003882784900737e-02 -9.878181503943281871e-01 -7.978858535518656936e+01 -1.319794324547692542e-02 9.982984604315152666e-01 5.679787106617006226e-02 3.220591064436088669e+00 9.894379488275726331e-01 4.838095275983960233e-03 1.448765758236189305e-01 -4.299832772981910800e+00
1.920404542904776413e-01 5.786665643017477323e-02 -9.796794544244412650e-01 -8.030385165715156859e+01 -1.500856564041325170e-02 9.983165286787072379e-01 5.602545399898604256e-02 3.241341555681803488e+00 9.812722807769587163e-01 3.944429008336303166e-03 1.925856567080848070e-01 -4.170071769318792754e+00
2.460334373459919233e-01 5.780773130534509058e-02 -9.675359091049371418e-01 -8.081760308088125555e+01 -1.699833935741612914e-02 9.983237101110942202e-01 5.532473470018729050e-02 3.261180156847061973e+00 9.691123177348422990e-01 2.834768306503978111e-03 2.466036509016805989e-01 -4.006446252226342430e+00
