1.000000000000000000e+00 -3.306050084167601550e-19 -2.270457535318767223e-19 -8.673617379884035472e-19 7.546676715296109287e-19 1.000000000000000000e+00 6.237773588823049983e-19 1.387778780781445676e-17 -3.447385680526250622e-20 4.770700176052009879e-20 1.000000000000000222e+00 5.551115123125782702e-17
9.999999935661544326e-01 -2.660931545035024585e-06 -1.134038814756135281e-04 -1.130565827797991654e-03 2.661085901188941520e-06 9.999999999955331287e-01 1.359370593224452305e-06 -1.543827408208077456e-02 1.134038874427389086e-04 -1.359672478991483604e-06 9.999999935689424246e-01 8.600320052771635027e-01
9.999999844654708925e-01 2.386175360771723269e-05 1.746422137649982962e-04 -1.872392928796786510e-03 -2.383877607524835775e-05 9.999999910592933805e-01 -1.315795689084576646e-04 -2.928897387091045079e-02 -1.746453667903583322e-04 1.315754063251496739e-04 9.999999760933141468e-01 1.614880872425423330e+00
9.999999248802509122e-01 8.856680376378852314e-05 -3.773522069122543809e-04 -4.340236321840685967e-03 -8.856941912404624521e-05 9.999999960540044697e-01 -6.898952824649054566e-06 -4.596658870251703333e-02 3.773516262825584193e-04 6.932373933359932354e-06 9.999999287791428992e-01 2.556401713196424730e+00
9.999999562224215488e-01 6.202056562275392161e-05 -2.893234556968450263e-04 -5.735725110530998962e-03 -6.202728820663773500e-05 9.999999978069451512e-01 -2.321272031855415343e-05 -6.158678738513832795e-02 2.893220398231553044e-04 2.323066542609843193e-05 9.999999578767742037e-01 3.433815972869100452e+00
9.999998967155747653e-01 8.858700127407596197e-05 4.457821504658521618e-04 -5.819415357923305235e-03 -8.850107870147102499e-05 9.999999775027721416e-01 -1.927749604647373055e-04 -7.482930514534134880e-02 -4.457992556290792975e-04 1.927354924464722485e-04 9.999998820576856406e-01 4.115026875448020149e+00
9.999992375036952375e-01 9.562902941988047430e-05 1.231198101872995471e-03 -5.332831795486535700e-03 -9.516361352608622784e-05 9.999999240009213031e-01 -3.780770359015174281e-04 -8.828167742155317022e-02 -1.231234267806204834e-03 3.779595907371335580e-04 9.999991706031420291e-01 4.806771864354802304e+00
9.999972303637094662e-01 3.398190306366186017e-05 2.353319619554838839e-03 -3.834214064731299165e-03 -3.256110275883815000e-05 9.999998171948779602e-01 -6.037798556707586750e-04 -1.019195052469629853e-01 -2.353339906313704506e-03 6.037015705282737120e-04 9.999970486618968701e-01 5.511605022336376614e+00
9.999949789571036529e-01 -1.390533525019317629e-04 3.165869395632612583e-03 -2.305031172934280531e-03 1.416790420627060437e-04 9.999996462084815851e-01 -8.291621289992933850e-04 -1.135602400842018189e-01 -3.165753246000495465e-03 8.296065221109202381e-04 9.999946448633457718e-01 6.072398223980150611e+00
9.999877283594341693e-01 -2.277894668530368305e-04 4.948863356484250499e-03 1.340232672793849507e-03 2.327047655997242152e-04 9.999994802352999423e-01 -9.926617594155687750e-04 -1.261402546509872158e-01 -4.948635085342063984e-03 9.938012256924394494e-04 9.999872616010929693e-01 6.674418128931867145e+00
9.999798169415003990e-01 -4.194168599070244221e-04 6.339543069032926512e-03 5.319081949163083876e-03 4.270270649159589095e-04 9.999991898739009066e-01 -1.199124216677848820e-03 -1.378378765734784017e-01 -6.339035536942585689e-03 1.201807200302386488e-03 9.999791859242306291e-01 7.231304362232626737e+00
9.999737933859729200e-01 -4.103857312581683662e-04 7.228010262119465880e-03 9.523588797960759467e-03 4.201948463299674612e-04 9.999989928542069029e-01 -1.355627657902945538e-03 -1.511700737250925020e-01 -7.227447264070304377e-03 1.358629337110103807e-03 9.999729586972891937e-01 7.857014236249678873e+00
9.999744354940299784e-01 -4.574254907497937402e-04 7.135764001920478702e-03 1.255604302191508891e-02 4.685712635854478308e-04 9.999986728551371051e-01 -1.560361611733988027e-03 -1.644952822541956849e-01 -7.135041386765499788e-03 1.563665372773877195e-03 9.999733227083952292e-01 8.468643625459254309e+00
9.999411713245351940e-01 -7.601451044452013422e-04 1.082016997118381493e-02 1.960319079585091592e-02 7.802947765333001799e-04 9.999979692471947512e-01 -1.858128229433804110e-03 -1.710162822490713386e-01 -1.081873646676108705e-02 1.866461886431300139e-03 9.999397338116251532e-01 8.768760523043177102e+00
9.998983156083597335e-01 -1.148015569329558817e-03 1.421409548688813175e-02 2.872144548311421700e-02 1.177735888062273091e-03 9.999971376333464113e-01 -2.082705371753818500e-03 -1.802195307058524210e-01 -1.421166502537480648e-02 2.099234097321428429e-03 9.998968055698549406e-01 9.210552350057747972e+00
9.998268138314638787e-01 -1.499145106957650757e-03 1.854979541943787766e-02 3.921770052870941770e-02 1.542284855352871967e-03 9.999961390937391892e-01 -2.311526097724299518e-03 -1.875618031256190421e-01 -1.854626005649258336e-02 2.339734904229963906e-03 9.998252656739335942e-01 9.550201735979053197e+00
9.997958223556367985e-01 -1.503030463957851772e-03 2.015079401257123884e-02 4.502664757711542093e-02 1.559199881028380287e-03 9.999949423642305879e-01 -2.772028054874865234e-03 -1.916143992929643380e-01 -2.014652735930819866e-02 2.802881257088243178e-03 9.997931092462114533e-01 9.697072356009671878e+00
9.997161134868465249e-01 -1.777563559812607961e-03 2.375989678150606382e-02 5.568940752958370655e-02 1.851269184406479241e-03 9.999935417589306264e-01 -3.080461050054358278e-03 -1.982928182288849761e-01 -2.375426962890866620e-02 3.123572595636902455e-03 9.997129477910238204e-01 9.985434635200160614e+00
9.996122038008029564e-01 -2.165795986131173988e-03 2.776240843507298689e-02 6.933478583828120434e-02 2.258647673072973570e-03 9.999919593031826315e-01 -3.313583643370724037e-03 -2.061975912918282972e-01 -2.775501100793563783e-02 3.375004238135492253e-03 9.996090579492380446e-01 1.033806997675905315e+01
9.995188032067109374e-01 -2.340603479299722435e-03 3.093030201610240393e-02 8.010168491485095132e-02 2.457043912464194815e-03 9.999900356647631883e-01 -3.727130668827050974e-03 -2.119243346763568514e-01 -3.092127269722801108e-02 3.801334397596642205e-03 9.995145945839405410e-01 1.055507800956594266e+01
9.994407929425509485e-01 -2.391739733583041899e-03 3.335237540380691507e-02 8.922648950402439771e-02 2.532349888558434441e-03 9.999880811926540325e-01 -4.174287146844889163e-03 -2.165777845260402068e-01 -3.334199689581283932e-02 4.256412852953979364e-03 9.994349374704956102e-01 1.071914629401563523e+01
9.993257362635076246e-01 -2.546178604154411898e-03 3.662771851202541173e-02 1.009196762583326329e-01 2.716781614165097395e-03 9.999856892256120400e-01 -4.608734955467355156e-03 -2.222061509458335693e-01 -3.661546277663282195e-02 4.705137089277545287e-03 9.993183524928622719e-01 1.091904380061945190e+01
9.992085414511449049e-01 -2.663975824479887858e-03 3.968871195422105091e-02 1.125517805135813065e-01 2.866459358893816596e-03 9.999831617389883798e-01 -5.045755174181883185e-03 -2.275890552810999612e-01 -3.967460525236958524e-02 5.155527883835680884e-03 9.991993526338951437e-01 1.110594826951935588e+01
9.991303839432724709e-01 -2.640173716922782857e-03 4.161136006633814333e-02 1.203264136758312036e-01 2.869918602964152948e-03 9.999809625171174332e-01 -5.462432293032701107e-03 -2.308769251612616258e-01 -4.159614964018288480e-02 5.577103436309342743e-03 9.991189400348986505e-01 1.120481981621111878e+01
9.990546259080314018e-01 -2.568859942414468672e-03 4.339648975157531924e-02 1.264776311740541115e-01 2.819821855687190508e-03 9.999796490325333354e-01 -5.722772188439561800e-03 -2.330279666409958150e-01 -4.338090926140421300e-02 5.839732550482092457e-03 9.990415378400260282e-01 1.124922888767238227e+01
9.989538577409990960e-01 -2.515990275499806195e-03 4.566026495797954887e-02 1.332879935344798983e-01 2.793758103919569483e-03 9.999779736374474481e-01 -6.020560742244274177e-03 -2.352323752959336045e-01 -4.564411541827138874e-02 6.141826274586261250e-03 9.989388834186445632e-01 1.129385550692212625e+01
9.988484244775374110e-01 -2.442321796352994300e-03 4.791513192191926285e-02 1.395478695148895665e-01 2.744154003044114391e-03 9.999767998217433673e-01 -6.234535520844164923e-03 -2.369932911746774618e-01 -4.789879759316750807e-02 6.358842649577672868e-03 9.988319530489585540e-01 1.132019799782742808e+01
9.987216873163193842e-01 -2.394563397320408939e-03 5.049016950706917278e-02 1.468002067119285048e-01 2.728201327721799328e-03 9.999748917360137268e-01 -6.540092593866360555e-03 -2.391529537172971120e-01 -5.047324539088359624e-02 6.669479832391399590e-03 9.987031439213873707e-01 1.136133055160523853e+01
9.986052719931138855e-01 -2.317738172237329610e-03 5.274598266724286194e-02 1.531372596916254214e-01 2.677319355630447019e-03 9.999736506864639329e-01 -6.747584009443543217e-03 -2.408891753339466313e-01 -5.272895817523976653e-02 6.879390985646266846e-03 9.985851646732930575e-01 1.138630965237566350e+01
9.985021792974166921e-01 -2.245783763628624204e-03 5.466584152067385100e-02 1.597910936870008125e-01 2.632407023806985699e-03 9.999720243024869948e-01 -7.001502822958818872e-03 -2.430176776545346917e-01 -5.464859296816455131e-02 7.134918759084439913e-03 9.984801572347817844e-01 1.142680120679177591e+01
9.983762512001015388e-01 -2.202665600377034898e-03 5.692107800762022385e-02 1.677417581636323485e-01 2.625958776092109700e-03 9.999694465620174721e-01 -7.362763003400399353e-03 -2.456666178099953801e-01 -5.690312598292624618e-02 7.500280325981219243e-03 9.983515313941353497e-01 1.148562039354495923e+01
9.982486957304579356e-01 -2.169996669330091343e-03 5.911710738878082905e-02 1.763380785340322443e-01 2.632643748921377220e-03 9.999665091461437116e-01 -7.749178599653321585e-03 -2.486040427663968044e-01 -5.909831681518132318e-02 7.891241918613919534e-03 9.982209762658732499e-01 1.155727293120882671e+01
9.981133586764279197e-01 -2.097841016831462468e-03 6.136222025117343826e-02 1.831879568812255776e-01 2.592744417521132810e-03 9.999647440095178474e-01 -7.986764700131498279e-03 -2.505424724699947814e-01 -6.134330709321558772e-02 8.130793305614152783e-03 9.980836082718993474e-01 1.158854719937166600e+01
9.979654681031615571e-01 -2.009911756854298060e-03 6.372506952662887469e-02 1.892930372007660123e-01 2.534363646491210372e-03 9.999635753862005094e-01 -8.150147103548223762e-03 -2.519813826636733700e-01 -6.370637267941049731e-02 8.295068085785204520e-03 9.979342113450095919e-01 1.160129579372755693e+01
9.979042408344600545e-01 -1.898982961464027548e-03 6.468013402162102465e-02 1.949081425852743632e-01 2.441328955112570184e-03 9.999625157800837716e-01 -8.307041822846208956e-03 -2.539301825305679827e-01 -6.466194007756799478e-02 8.447537968421545834e-03 9.978714711143661376e-01 1.163515613245399827e+01
9.977793075983246718e-01 -1.799100730076894214e-03 6.658240229703414614e-02 2.005661008529101008e-01 2.366295482954853657e-03 9.999615760087886551e-01 -8.440802564236788222e-03 -2.553820235712113695e-01 -6.656466371344298139e-02 8.579612000611476497e-03 9.977452260358141700e-01 1.164898076482576528e+01
9.976823247868459310e-01 -1.743545469965097645e-03 6.802160372438852132e-02 2.091750628616617369e-01 2.348566567621460099e-03 9.999583839726146062e-01 -8.815585863447314430e-03 -2.585477100948729290e-01 -6.800340831466836211e-02 8.954907696207882808e-03 9.976448999391459571e-01 1.172414516338201196e+01
9.975486197452559933e-01 -1.665363200563226400e-03 6.995696896054125202e-02 2.161383036728583007e-01 2.303943458335467372e-03 9.999564073938965736e-01 -9.048488967891491278e-03 -2.606055591049797893e-01 -6.993885625115670024e-02 9.187484821032949195e-03 9.975089707955137053e-01 1.175903319047621132e+01
9.974385199342528097e-01 -1.573529731151018145e-03 7.151169579624420958e-02 2.227831447274929710e-01 2.240772129325879249e-03 9.999546954645230912e-01 -9.251267747010604933e-03 -2.626890237232937797e-01 -7.149390489657213299e-02 9.387812468439548155e-03 9.973968572562540436e-01 1.179446148645705961e+01
9.974462591663979527e-01 -1.474382404743208993e-03 7.140578374727103717e-02 2.268840348466807377e-01 2.149269179783145061e-03 9.999537390865747000e-01 -9.375517323106508441e-03 -2.644340490696482915e-01 -7.138866339326108146e-02 9.505045178581835244e-03 9.974032851254106546e-01 1.182217563163738028e+01
9.974017384506513872e-01 -1.361076090893057530e-03 7.202721209247442413e-02 2.327923182567979421e-01 2.053714832612727349e-03 9.999523540185603077e-01 -9.543162186642391645e-03 -2.666147657740839394e-01 -7.201079740864130274e-02 9.666290159332697335e-03 9.973570114165078992e-01 1.186320777461032883e+01
9.973208465433374137e-01 -1.285067992203426605e-03 7.314012108656582634e-02 2.408633138155693021e-01 2.011164750928222562e-03 9.999494188445688936e-01 -9.854692543485039924e-03 -2.695756064942407271e-01 -7.312376381234519940e-02 9.975387400477341016e-03 9.972729852727045818e-01 1.192942696721646811e+01
9.972640314461517219e-01 -1.188739969027739632e-03 7.391236794158077827e-02 2.448163314104036814e-01 1.929309920691907407e-03 9.999486465045616113e-01 -9.948975494383787907e-03 -2.707893458550877375e-01 -7.389675179128485372e-02 1.006435553451132461e-02 9.972151117855542202e-01 1.193733014566701733e+01
9.973540678156853634e-01 -1.063665646896967730e-03 7.268928183537252952e-02 2.520922484851692014e-01 1.811149419743859424e-03 9.999461532966529287e-01 -1.021813297849311422e-02 -2.745191648155040909e-01 -7.267450523005680729e-02 1.032274790568087422e-02 9.973022899317958156e-01 1.203357095383951503e+01
9.973883934447249633e-01 -9.504623529898901472e-04 7.221834195545437374e-02 2.573954323826221913e-01 1.705488709013621047e-03 9.999445283016404895e-01 -1.039382627020206049e-02 -2.769999135391769673e-01 -7.220446305112655783e-02 1.048984951847224158e-02 9.973346875074377005e-01 1.208636949272647243e+01
9.975365245869519670e-01 -7.904731902700815700e-04 7.014454334098542410e-02 2.626941979599240473e-01 1.539097163546299021e-03 9.999424303912852752e-01 -1.061918452282826532e-02 -2.802118201798491359e-01 -7.013211690178457192e-02 1.070098395918002085e-02 9.974803133057521531e-01 1.217095360068358012e+01
9.988421172080373944e-01 4.734617018499476249e-04 4.810613910011919681e-02 2.511657163105273094e-01 2.529065256802303236e-05 9.999462649248520574e-01 -1.036661094766655640e-02 -2.840985513400476337e-01 -4.810846638041917089e-02 1.035582450468359138e-02 9.987884323025205680e-01 1.238392775295073811e+01
9.994653384546128283e-01 1.594013278094061478e-03 3.265725532949134702e-02 2.415346623143778959e-01 -1.261892411260115074e-03 9.999473049029411476e-01 -1.018798539903668053e-02 -2.869164119772411592e-01 -3.267177700568112825e-02 1.014132855623859318e-02 9.994146829533802068e-01 1.254765572163752907e+01
9.997579858415694964e-01 2.261903491856683424e-03 2.188272244026498101e-02 2.335070374031606444e-01 -2.041952346229344763e-03 9.999472265220388234e-01 -1.006849564501000917e-02 -2.881104533006610402e-01 -2.190434343779270460e-02 1.002137566269726936e-02 9.997098437997372633e-01 1.263823999777238249e+01
9.999932450508579596e-01 3.540867625005709139e-03 -9.859802530658619019e-04 2.107977217827891048e-01 -3.550254706967840256e-03 9.999467761753694228e-01 -9.687131379902843425e-03 -2.920283928383054506e-01 9.516269977498303598e-04 9.690566608583495514e-03 9.999525925676616689e-01 1.285194700923282873e+01
9.995517684110394319e-01 4.883552898942232490e-03 -2.953664033120939267e-02 1.763868547081608729e-01 -5.151401498054485571e-03 9.999462386172864869e-01 -8.999052609418807525e-03 -2.975410662338945356e-01 2.949110753547072236e-02 9.147174190859332782e-03 9.995231883113003812e-01 1.308201785843582243e+01
9.982449172660230463e-01 6.293790205551024614e-03 -5.888525323784660204e-02 1.332481403325626867e-01 -6.791855951647947365e-03 9.999428040913563853e-01 -8.261915814530403079e-03 -3.045619999162844649e-01 5.882989144144692290e-02 8.647355738716128865e-03 9.982305683460787060e-01 1.334520585231810053e+01
9.958172911818004014e-01 7.788894360407596328e-03 -9.103436153541009934e-02 7.965653788226934040e-02 -8.498460445334919330e-03 9.999364361418833225e-01 -7.409444309519295883e-03 -3.109724254354088169e-01 9.097087134159941024e-02 8.152104755343631687e-03 9.958201869413220164e-01 1.359617043272673520e+01
9.920900124750514637e-01 9.360249446419723410e-03 -1.251790374950234319e-01 1.513434492021174804e-02 -1.024824797373044029e-02 9.999266716527698273e-01 -6.451724955283842308e-03 -3.173779635450469372e-01 1.251094791338853984e-01 7.683557746224227089e-03 9.921131905019235919e-01 1.384858060478893549e+01
9.867417659454391643e-01 1.102106057213098414e-02 -1.619235034917849148e-01 -6.078104342562767881e-02 -1.204831458336034535e-02 9.999130318689268826e-01 -5.363473078655075187e-03 -3.234127053825591180e-01 1.618503238166813241e-01 7.243268213098386782e-03 9.867887363101485176e-01 1.409409047743030996e+01
9.801747428439780974e-01 1.268341369660420069e-02 -1.977286040043061410e-01 -1.463046354930767068e-01 -1.379210559146068667e-02 9.998959330650099009e-01 -4.230945341443117548e-03 -3.294244145793026601e-01 1.976543808613568098e-01 6.874159513936439758e-03 9.802476703456224350e-01 1.434483654004015918e+01
9.704469007623448551e-01 1.435495225187759238e-02 -2.408874068814118030e-01 -2.692905431053757015e-01 -1.551103712145696610e-02 9.998754803054439311e-01 -2.903730781035443118e-03 -3.374113913935542497e-01 2.408157490829520297e-01 6.554329973196247779e-03 9.705487215760882913e-01 1.467952921919106934e+01
9.564184001387313616e-01 1.598559897732071411e-02 -2.915618232207451421e-01 -4.190191418302988136e-01 -1.701578184732383328e-02 9.998547232220056369e-01 -9.978302646332704896e-04 -3.446712641801372157e-01 2.915035397725954658e-01 5.915495477250538349e-03 9.565514626660058806e-01 1.501428495713514799e+01
9.397839530706435518e-01 1.765733191521438178e-02 -3.413126569254977261e-01 -5.847437349823902952e-01 -1.842816219275988585e-02 9.998297028649167917e-01 9.839507534026403334e-04 -3.510457890645508616e-01 3.412719351376198307e-01 5.365063690512937404e-03 9.399493032545229720e-01 1.533668996373039839e+01
9.184718398200467648e-01 1.941475524459217866e-02 -3.950095351440829905e-01 -7.898275282194642255e-01 -1.963021164910462232e-02 9.998011953561620757e-01 3.496371113335674033e-03 -3.578493121048905712e-01 3.949989199792985350e-01 4.542802130570196446e-03 9.186703597124085130e-01 1.569697713439844478e+01
8.940128558289041072e-01 2.126126161094740383e-02 -4.475365400301937746e-01 -1.012871928383565878e+00 -2.072755994458554477e-02 9.997666115418196719e-01 6.090218762212753524e-03 -3.634986983765327029e-01 4.475616137197752087e-01 3.831606298235380823e-03 8.942448983069116730e-01 1.603895129039874234e+01
8.673223924280826225e-01 2.310688151836269230e-02 -4.972101345137749928e-01 -1.245502427815536217e+00 -2.171112091928209531e-02 9.997273995908725341e-01 8.588003168507671661e-03 -3.677036108643088608e-01 4.972730788190395934e-01 3.346421555509543778e-03 8.675876370495788636e-01 1.635122693816143880e+01
8.377981120534444548e-01 2.500218100756697315e-02 -5.454073599649920112e-01 -1.494359490012892033e+00 -2.257113681886348255e-02 9.996830009582587939e-01 1.115533248557827595e-02 -3.708851980979703811e-01 5.455134200931880395e-01 2.964547260023121193e-03 8.380968593389108712e-01 1.664802546575334574e+01
8.090303835045710157e-01 2.670296255662951354e-02 -5.871599101828210987e-01 -1.761286455393310968e+00 -2.339853794397626571e-02 9.996387837368369000e-01 1.322159364482757699e-02 -3.724034923714769074e-01 5.873009238222427486e-01 3.042012045113479113e-03 8.093629597553405608e-01 1.694226451806299849e+01
7.768326434959970106e-01 2.842202796916849100e-02 -6.290653367515612882e-01 -2.040899774477360040e+00 -2.401215538600737220e-02 9.995913401363115680e-01 1.551029293615754229e-02 -3.733779086965306471e-01 6.292491501492865069e-01 3.056312297485781065e-03 7.771976582900866903e-01 1.721651282775272307e+01
7.389558306636814233e-01 3.029229468336057385e-02 -6.730725205164976854e-01 -2.370200398354131543e+00 -2.425078733282432647e-02 9.995372867503269365e-01 1.836060393608850844e-02 -3.737695938192324707e-01 6.733173226655199128e-01 2.754862729077062027e-03 7.393485190380925109e-01 1.751152028231062374e+01
6.975888025460397213e-01 3.228125444279458106e-02 -7.157707307327595414e-01 -2.720328025756597157e+00 -2.432685766992429000e-02 9.994756809012528276e-01 2.136743663010083616e-02 -3.730334271695506243e-01 7.160852666385191245e-01 2.506767621958697241e-03 6.980083459935578771e-01 1.778949355488447637e+01
6.531225181469898500e-01 3.432565623176812158e-02 -7.564738438661692266e-01 -3.156694538387336824e+00 -2.402528421164877928e-02 9.994084869798404158e-01 2.460613606112309337e-02 -3.690994252985146384e-01 7.568710654642761826e-01 2.103676971356641893e-03 6.535608724805649361e-01 1.810989683083484181e+01
6.067438961185783741e-01 3.629865011293414295e-02 -7.940681321411064975e-01 -3.569823005504619395e+00 -2.357985645353880347e-02 9.993391065690134800e-01 2.766478820546016890e-02 -3.646837712495804573e-01 7.945475993389879976e-01 1.938570575535966678e-03 6.071988212403887086e-01 1.837003947958034189e+01
5.538640674344533776e-01 3.871754001554370689e-02 -8.317063711643380985e-01 -3.997227908995304002e+00 -2.298946795630570430e-02 9.992485085399747113e-01 3.120741244717453386e-02 -3.597918947110932963e-01 8.322896955015109954e-01 1.835821927312995122e-03 5.543379402390837818e-01 1.859878078190541828e+01
5.075943211392615062e-01 4.041354049154342182e-02 -8.606478302932971669e-01 -4.404368141328423469e+00 -2.250089285937752898e-02 9.991804245562688758e-01 3.364801697591333907e-02 -3.526686594232360528e-01 8.613023727459871992e-01 2.285801619722290477e-03 5.080876513631916724e-01 1.878939575099630943e+01
4.528772950840742051e-01 4.261083391529774111e-02 -8.905539878099199003e-01 -4.852958715182639438e+00 -2.152925331517980753e-02 9.990886632045778981e-01 3.685558765723364466e-02 -3.446966674854521906e-01 8.913129158363722881e-01 2.481902854294179908e-03 4.533819521447168266e-01 1.896659194048506691e+01
3.949300946765212372e-01 4.493749718359552753e-02 -9.176114485120092645e-01 -5.293837040663994742e+00 -2.044271618102775148e-02 9.989855556476621157e-01 4.012424437079948475e-02 -3.361190549368008873e-01 9.184837434939646661e-01 2.912198070296521165e-03 3.954481059809906163e-01 1.910535624050450210e+01
3.381354223391047076e-01 4.697599242502520367e-02 -9.399242616203128398e-01 -5.739325833023995571e+00 -1.916901573386705845e-02 9.988899968459180601e-01 4.302700373245184340e-02 -3.258429179843978507e-01 9.409022584360855479e-01 3.468468169283417304e-03 3.386605759339271771e-01 1.921725837670372528e+01
2.820223361969314002e-01 4.884363687548906596e-02 -9.581636726738662624e-01 -6.221687168809951096e+00 -1.768099658848190647e-02 9.987982269627674325e-01 4.571087593116347075e-02 -3.126127547574137910e-01 9.592449438909519399e-01 4.049799889161087400e-03 2.825470150046051065e-01 1.931389098797916404e+01
2.262898215275961078e-01 5.061594666782454760e-02 -9.727439861655542419e-01 -6.725463156471602311e+00 -1.614937892131309768e-02 9.987066576877571267e-01 4.821005540134693651e-02 -2.971934867145870629e-01 9.739261751016834445e-01 4.799765690117568234e-03 2.268145689217714034e-01 1.938781761887154786e+01
1.732183440335192115e-01 5.213153086266451852e-02 -9.835027336526760422e-01 -7.238967164705601753e+00 -1.477513170679030374e-02 9.986233075777571910e-01 5.033075627702435911e-02 -2.796583523676490768e-01 9.847726554814424382e-01 5.813171476884039859e-03 1.737501273960593007e-01 1.943755036207482334e+01
1.314740829075801976e-01 5.261092059634539519e-02 -9.899225090166478003e-01 -7.925927038690683268e+00 -1.341734630703119574e-02 9.985936782753166430e-01 5.128976995354460333e-02 -2.542347715259624663e-01 9.912288452612354472e-01 6.538856974587308434e-03 1.319950885092165960e-01 1.950209206704392884e+01
9.654940143019156984e-02 5.286026455031581084e-02 -9.939234991795814489e-01 -8.592885025821049183e+00 -1.205230183199418673e-02 9.985776319423830261e-01 5.193702893304719126e-02 -2.303431090693117689e-01 9.952552633323219489e-01 6.964576282605825994e-03 9.704916203455872525e-02 1.954581682323742697e+01
6.380327691068106433e-02 5.313299590188497873e-02 -9.965470098779795061e-01 -9.178603167642629401e+00 -1.094135034377530409e-02 9.985588924027901658e-01 5.253974895953626711e-02 -2.091438048679792883e-01 9.979025570008619450e-01 7.551361157299390885e-03 6.429267777629761593e-02 1.956247241213762322e+01
4.287827458694168370e-02 5.343401203273855093e-02 -9.976503275633354928e-01 -9.891165593857468963e+00 -9.904844081459729041e-03 9.985424105378489790e-01 5.305608713103063256e-02 -1.839141058049109934e-01 9.990312469761585268e-01 7.606616810593651301e-03 4.334503275504795333e-02 1.958286593481680171e+01
1.999626651294918178e-02 5.382504898155662104e-02 -9.983501036753252844e-01 -1.065002045861349700e+01 -8.699809699789153028e-03 9.985213640842631744e-01 5.366002920705360835e-02 -1.564634241454770369e-01 9.997622455368170291e-01 7.612455012067117013e-03 2.043496853093471413e-02 1.958756683390204145e+01
3.753565987673450344e-03 5.400244757046776534e-02 -9.985337062358419224e-01 -1.144120890304476212e+01 -7.991870424654231794e-03 9.985105132184900478e-01 5.397114926278957781e-02 -1.283509804403782373e-01 9.999610621354383388e-01 7.777567069908524269e-03 4.179557197266100567e-03 1.958427352727542115e+01
-1.412195365573565634e-02 5.391978937749993678e-02 -9.984453629950205134e-01 -1.207800168598302371e+01 -7.238597779999341418e-03 9.985133005697677255e-01 5.402583862306073459e-02 -1.051211261068087099e-01 9.998741211723002342e-01 7.990294127976117766e-03 -1.371065335481067536e-02 1.956523113146171866e+01
-2.656313196328948315e-02 5.372273469421371545e-02 -9.982024764611218126e-01 -1.277032019808236107e+01 -6.756711710975932955e-03 9.985224118235197510e-01 5.391975411240879784e-02 -8.026561756335814923e-02 9.996243453979577476e-01 8.176843262164397441e-03 -2.616089203051532447e-02 1.953967401610280064e+01
-3.974046551005080974e-02 5.341582329296563209e-02 -9.977812192710897587e-01 -1.342188918193161662e+01 -6.218759614560098042e-03 9.985375344761602268e-01 5.370399632126798134e-02 -5.712682855756961997e-02 9.991907262472761175e-01 8.339182724377560210e-03 -3.935016475293345167e-02 1.950585796386318549e+01
-5.167742583856167055e-02 5.316063671120963008e-02 -9.972478662749573175e-01 -1.409510304670337710e+01 -5.759711397770382428e-03 9.985497109526728643e-01 5.352850110026901448e-02 -3.322200196556791829e-02 9.986472622037539937e-01 8.510074412822837830e-03 -5.129628717779426139e-02 1.946377688801951322e+01
-5.394515996590511231e-02 5.335920205907694613e-02 -9.971171604796393861e-01 -1.501195397685626354e+01 -5.621100452299888917e-03 9.985391727696175668e-01 5.373940474710963561e-02 -2.863909550571419604e-04 9.985281207121470270e-01 8.503875872480821246e-03 -5.356641644172874250e-02 1.941160316741228442e+01
-5.737988342343464110e-02 5.358949706840823030e-02 -9.969130510089213582e-01 -1.597571666871249185e+01 -5.315947575331949303e-03 9.985277440028602625e-01 5.398226657894358155e-02 3.451865563385984881e-02 9.983383066675628470e-01 8.397033042809361886e-03 -5.701052505850285473e-02 1.935247046446766106e+01
-6.040040894259977172e-02 5.375853469275496122e-02 -9.967255023689547411e-01 -1.682902935918476572e+01 -5.064304736663602022e-03 9.985193096709703564e-01 5.416217294243785146e-02 6.514977186798792674e-02 9.981614239552212275e-01 8.319138439648670127e-03 -6.003872350914817024e-02 1.929806996817032427e+01
-6.406071733197232776e-02 5.395199505630689230e-02 -9.964864892684676123e-01 -1.768226255917427991e+01 -4.734068973121776866e-03 9.985098595564633195e-01 5.436587996537499412e-02 9.589946527244667951e-02 9.979348164626118400e-01 8.200152399789774685e-03 -6.370984387055564357e-02 1.924002126210829289e+01
-6.660252317727850813e-02 5.418072497137123300e-02 -9.963074171916700417e-01 -1.884322871628715390e+01 -4.575825270657140308e-03 9.984975101117549157e-01 5.460571460710161862e-02 1.380771228027976028e-01 9.977691368888739198e-01 8.195806389527906383e-03 -6.625453049957250040e-02 1.915997331560654615e+01
-7.191087852043148709e-02 5.427375391723310294e-02 -9.959332818319462932e-01 -1.963660746054495476e+01 -4.254214472958026995e-03 9.984926537045520911e-01 5.472039930731605051e-02 1.671007554269107742e-01 9.974020312564561008e-01 8.171905128821261091e-03 -7.157159020563724772e-02 1.909833692037902964e+01
-7.454962492801897600e-02 5.447928948281249850e-02 -9.957280136423790617e-01 -2.055178923120807610e+01 -4.055470140681680970e-03 9.984817746711843744e-01 5.493358493314443036e-02 2.011177839579604276e-01 9.972091010922278231e-01 8.133422739687569403e-03 -7.421550113866925980e-02 1.902692944887087378e+01
-8.206786423406269015e-02 5.472455146909057516e-02 -9.951231109525207064e-01 -2.138922152486483697e+01 -3.667016228907003100e-03 9.984679805200120661e-01 5.521091204666207092e-02 2.319383967441551730e-01 9.966200395745775653e-01 8.180173592772213911e-03 -8.174145732116987195e-02 1.895327393472634370e+01
-8.855294913534333956e-02 5.506076732760286502e-02 -9.945484422755389575e-01 -2.231436364182264143e+01 -3.277324323235137303e-03 9.984494959022437444e-01 5.556854521220402909e-02 2.669476469008054131e-01 9.960661217473063545e-01 8.180215719782566244e-03 -8.823519390581524569e-02 1.886687313972840485e+01
-9.275891524538616706e-02 5.528194881629393265e-02 -9.941527079782261911e-01 -2.348683182581691398e+01 -3.050627016557260537e-03 9.984370362413449440e-01 5.580482304041065045e-02 3.114869624145514271e-01 9.956839668320752734e-01 8.209183322852697806e-03 -9.244529028955512928e-02 1.875572056852179514e+01
-9.667393982184595280e-02 5.550145758330721213e-02 -9.937674046969718900e-01 -2.455034175472273006e+01 -2.767721374300266025e-03 9.984252025408090203e-01 5.603083603549584291e-02 3.521930038327938384e-01 9.953122994872100060e-01 8.167192320295002528e-03 -9.636808385072573313e-02 1.864969643540266730e+01
-9.958171865478465667e-02 5.572860740291184917e-02 -9.934675237534977832e-01 -2.574023001614545336e+01 -2.589806717595491761e-03 9.984124782232292050e-01 5.626558597869658895e-02 3.975535235995254491e-01 9.950260592567380380e-01 8.175911982195816982e-03 -9.927930266061302245e-02 1.852821851990908897e+01
-1.032883639326381414e-01 5.594857796600993805e-02 -9.930766273035417369e-01 -2.678469269547057507e+01 -2.290883018563239122e-03 9.984007178090720247e-01 5.648679906372749276e-02 4.380130368943303543e-01 9.946488576693331973e-01 8.109450802329646116e-03 -1.029950035196402630e-01 1.841672748676271354e+01
-1.063476875250694287e-01 5.617984169534837730e-02 -9.927406066046289279e-01 -2.795879219060385878e+01 -2.099722767778705677e-03 9.983876701338995074e-01 5.672434418424293634e-02 4.834225002928185799e-01 9.943268299732387350e-01 8.116982246616638585e-03 -1.060582563552197183e-01 1.828873911170987299e+01
-1.083243000081828694e-01 5.640213614491151883e-02 -9.925142630522373333e-01 -2.913020008858198295e+01 -2.004195098081257807e-03 9.983747967541268808e-01 5.695391419099863489e-02 5.288086095933061115e-01 9.941136320758773293e-01 8.158684471273915106e-03 -1.080352085953823899e-01 1.815848409962073617e+01
-1.120654270519965551e-01 5.662724107275285412e-02 -9.920859907287599144e-01 -3.033447476242787388e+01 -1.818074918250282704e-03 9.983616105341525104e-01 5.719081349182860569e-02 5.761157311608026133e-01 9.936992094433699796e-01 8.212798958422636714e-03 -1.117788661467422895e-01 1.802071990579333516e+01
-1.160035259767340649e-01 5.685582750563999282e-02 -9.916201461722998767e-01 -3.151955621473217306e+01 -1.612280572887224428e-03 9.983482221702448811e-01 5.743019913376631869e-02 6.230758837110917936e-01 9.932475354249646893e-01 8.260874860324719099e-03 -1.157202448554986718e-01 1.788032676588039394e+01
-1.210524599025701309e-01 5.708164164997196061e-02 -9.910034842039209257e-01 -3.274852106523491102e+01 -1.405101692871141717e-03 9.983343920858760434e-01 5.767553379459705587e-02 6.723122878309117922e-01 9.926451589888394267e-01 8.374225284052122867e-03 -1.207706269342341265e-01 1.772924443451242027e+01
-1.248229711412517789e-01 5.730649480335071183e-02 -9.905226444563391963e-01 -3.392582354709891490e+01 -1.192900259257730295e-03 9.983212108710041166e-01 5.790800327969099215e-02 7.195482090826531563e-01 9.921783543374501635e-01 8.409843111435609184e-03 -1.245450572406733986e-01 1.757901481599679983e+01
-1.299700692615043396e-01 5.752488923446935631e-02 -9.898477589947654032e-01 -3.509398716660848550e+01 -9.274335667965989899e-04 9.983081056995178892e-01 5.813833408722307583e-02 7.671058683052101035e-01 9.915175262253642652e-01 8.474260717559627121e-03 -1.296968216088284775e-01 1.742431139429928422e+01
-1.310048078269325234e-01 5.774608225669445455e-02 -9.896984632238032820e-01 -3.630759921723425521e+01 -9.590746702716385118e-04 9.982942899255637936e-01 5.837457328400447870e-02 8.158475961985534042e-01 9.913813112671194805e-01 8.596543856528250996e-03 -1.307259672817820406e-01 1.726155928867965628e+01
-1.317330260249149343e-01 5.792054002686768122e-02 -9.895916019815610420e-01 -3.749001045539365151e+01 -9.813875830268761410e-04 9.982834136388287760e-01 5.855990829828067179e-02 8.637579162195607729e-01 9.912847878109362076e-01 8.685446210261913227e-03 -1.314500508906522591e-01 1.710193765642097574e+01
-1.326513812937878123e-01 5.811702171113703602e-02 -9.894573970949277486e-01 -3.863456877527063682e+01 -1.005968330992448824e-03 9.982710684000654089e-01 5.876956653336915665e-02 9.104489791951663191e-01 9.911622888619469052e-01 8.791226363065215987e-03 -1.323635707260660266e-01 1.694636059690968111e+01
-1.329646176927471446e-01 5.825354631223462337e-02 -9.894073239214224991e-01 -3.984883162622896435e+01 -1.003918166331355501e-03 9.982628022046728944e-01 5.890984476174759843e-02 9.600538960092674934e-01 9.911203188195985003e-01 8.826208352142084906e-03 -1.326751485392099195e-01 1.678076079457698100e+01
-1.337446054853285438e-01 5.843320387043234726e-02 -9.892915945532985145e-01 -4.104894841857455390e+01 -1.021899267927902462e-03 9.982515100351345705e-01 5.910057834815136274e-02 1.009263652644462050e+00 9.910153480123298220e-01 8.915339271790416117e-03 -1.334510400172618239e-01 1.661632036079059915e+01
-1.341388404913693988e-01 5.856974855904954758e-02 -9.892301420296820691e-01 -4.217929170499790104e+01 -1.030252861958019014e-03 9.982430546160550033e-01 5.924307905684936953e-02 1.056125611599775027e+00 9.909620546786200856e-01 8.965954498169616607e-03 -1.338428227045046770e-01 1.646072338162576543e+01
-1.344567154314189050e-01 5.870548947032468157e-02 -9.891789398608472617e-01 -4.335702510219748262e+01 -1.033954166030560517e-03 9.982347090963191727e-01 5.938346924958853856e-02 1.104981790601241132e+00 9.909189706376808626e-01 9.007271294190155597e-03 -1.341586599102119748e-01 1.629823400964905034e+01
-1.344332075903310608e-01 5.880808756922692448e-02 -9.891760406600597078e-01 -4.451909860064927926e+01 -1.015681636993738838e-03 9.982287234500631934e-01 5.948431722510180708e-02 1.153472149079935782e+00 9.909221790048646783e-01 9.001354888093105605e-03 -1.341353573884269956e-01 1.613772004868325993e+01
-1.344471189831192570e-01 5.891130997238649969e-02 -9.891680077911820801e-01 -4.565986990052126515e+01 -9.958138183558771107e-04 9.982226836421055349e-01 5.958592235229583783e-02 1.201237663386045096e+00 9.909203117847785736e-01 8.996182144822457982e-03 -1.341494977036375713e-01 1.598013985322851127e+01
-1.323284098418051336e-01 5.913898803640761648e-02 -9.894400890784269542e-01 -4.672185702981980171e+01 -1.212884856585092798e-03 9.982081278493818433e-01 5.982526498821606753e-02 1.246219757378531190e+00 9.912052283253524054e-01 9.116658468406981311e-03 -1.320195639469102789e-01 1.583485818571381643e+01
-1.313791070631430136e-01 5.922181224259216725e-02 -9.895616327406322466e-01 -4.779991517960871761e+01 -1.223498271278899681e-03 9.982035468374184095e-01 5.990143619446383627e-02 1.291990107875387928e+00 9.913314869908311788e-01 9.080523528677638193e-03 -1.310706313461258155e-01 1.568887891179668692e+01
-1.298614652753607435e-01 5.939018120559429875e-02 -9.897518497016098982e-01 -4.899873744243188156e+01 -1.351264660928326415e-03 9.981930124935007864e-01 6.007398619812748947e-02 1.342675888054560618e+00 9.915312691850823867e-01 9.138711953630035065e-03 -1.295465538569259834e-01 1.552836680301587968e+01
-1.293213386942060616e-01 5.944262456922995430e-02 -9.898194196442975379e-01 -5.017015523553049405e+01 -1.298726895697168825e-03 9.981906114624276016e-01 6.011502658479109251e-02 1.392382018979028580e+00 9.916019304787786481e-01 9.059660197485906730e-03 -1.290101448908802517e-01 1.537247642132824410e+01
-1.273081210567929278e-01 5.966498245953494317e-02 -9.900669926309642044e-01 -5.129522681739958045e+01 -1.509597823126324588e-03 9.981762698523408694e-01 6.034778655787772367e-02 1.440398137672286305e+00 9.918621110470378088e-01 9.177365676990009019e-03 -1.269858737502024271e-01 1.522454119154948415e+01
-1.250248525922846021e-01 5.991790741070093101e-02 -9.903426418521300567e-01 -5.244792444094554895e+01 -1.774381667101755785e-03 9.981596518837447807e-01 6.061485663740196622e-02 1.489790611103046114e+00 9.921520658411200344e-01 9.335608729949772949e-03 -1.246884445829192500e-01 1.507567219451926555e+01
-1.221501043341628040e-01 6.024575716760563471e-02 -9.906814414107868449e-01 -5.357001050235021467e+01 -2.159836804430994087e-03 9.981375379939591008e-01 6.096548430295235799e-02 1.538330833746508697e+00 9.925093304956282836e-01 9.586649897346420299e-03 -1.217924818806647297e-01 1.493381612144462700e+01
-1.170780411434717699e-01 6.057553619313264109e-02 -9.912735516440505101e-01 -5.469593468581469864e+01 -2.720505165629409292e-03 9.981147633824751786e-01 6.131490759758615600e-02 1.587696384381177772e+00 9.931190337687793024e-01 9.875393487174859153e-03 -1.166925237516635988e-01 1.479700047445748723e+01
-1.136432628141114121e-01 6.098462947749612451e-02 -9.916481236836451885e-01 -5.590186676696630741e+01 -3.242418480741446601e-03 9.980862485088501934e-01 6.175214315243853641e-02 1.640491796123590751e+00 9.935163711290392330e-01 1.023305263737572281e-02 -1.132280386377866321e-01 1.465504900483519712e+01
-1.088597516504388601e-01 6.132980148011895477e-02 -9.921633571363103199e-01 -5.708314144672095836e+01 -3.812458584852919472e-03 9.980618598534266583e-01 6.211271198095863477e-02 1.692886232214987130e+00 9.940498497930936317e-01 1.054415551524973994e-02 -1.084149473434633942e-01 1.452161227100888219e+01
-1.038537306688372269e-01 6.166496204151839661e-02 -9.926790782064449647e-01 -5.823516694971601027e+01 -4.380796475318377708e-03 9.980380926630094685e-01 6.245617775913393788e-02 1.744533772505464153e+00 9.945829757112401026e-01 1.083503148142698179e-02 -1.033798360997117555e-01 1.439730039672350870e+01
-9.998505715117066150e-02 6.205431291458250037e-02 -9.930519461488149791e-01 -5.944085809811107879e+01 -4.916913266841537768e-03 9.980102924738053494e-01 6.285920779672944658e-02 1.798640894973389637e+00 9.949768322416761013e-01 1.116773118931516269e-02 -9.948099893084695611e-02 1.427220071946267055e+01
-9.547233051178807828e-02 6.241187254311144489e-02 -9.934735574470345831e-01 -6.061514286994825085e+01 -5.474189250418969380e-03 9.979845175836783433e-01 6.322132425186219318e-02 1.851956715825480382e+00 9.954170743029140400e-01 1.147434885483461162e-02 -9.493825178080177174e-02 1.415564707277961709e+01
-9.301676048809275066e-02 6.269247626794774431e-02 -9.936888108053044677e-01 -6.178609451600672031e+01 -5.784588656390842951e-03 9.979648362712516541e-01 6.350373237033994644e-02 1.905333222760095646e+00 9.956477817445700262e-01 1.165499191167480506e-02 -9.246480443776061708e-02 1.404278783326344104e+01
-9.094868396015690082e-02 6.292483095775769364e-02 -9.938655439907970734e-01 -6.292308861453454938e+01 -6.015263567654690474e-03 9.979488052818550337e-01 6.373381022224494652e-02 1.957546883247247571e+00 9.958374556169984348e-01 1.177486878801420681e-02 -9.038361953039313057e-02 1.393563054634376108e+01
