1.000000000000000000e+00 -3.306050084167601550e-19 -2.270457535318767223e-19 -8.673617379884035472e-19 7.546676715296109287e-19 1.000000000000000000e+00 6.237773588823049983e-19 1.387778780781445676e-17 -3.447385680526250622e-20 4.770700176052009879e-20 1.000000000000000222e+00 5.551115123125782702e-17
9.998488627175790011e-01 8.096731589624011965e-04 -1.736652230537021405e-02 -2.163045304913582476e-02 -8.119376804885057022e-04 9.999996627725559195e-01 -1.233424306051773280e-04 -5.020597819636610226e-03 1.736641804928161850e-02 1.374243108327220331e-04 9.998491829718265667e-01 3.112563613747368341e-01
9.993238858359843046e-01 1.823516207221792312e-03 -3.672119044963643997e-02 -5.016978715023855118e-02 -1.825341989209305470e-03 9.999983339324591824e-01 -1.619134057542104971e-05 -9.111624326955156117e-03 3.672110284751498727e-02 8.320909381485242081e-05 9.993255494917760995e-01 5.934213383366628847e-01
9.985190811398155786e-01 2.847944174127116194e-03 -5.432801778844417728e-02 -8.109120459522009550e-02 -2.848630872846694227e-03 9.999959405458908046e-01 6.480101481603613915e-05 -1.246036543487939741e-02 5.432798638690246318e-02 9.005537215912878162e-05 9.985231405221851597e-01 8.524533737275465928e-01
9.974569756569512391e-01 3.676816004500594193e-03 -7.117627581833298189e-02 -1.180917067113392560e-01 -3.684876910419302570e-03 9.999932106585447400e-01 1.805508540136776648e-05 -1.687598089834368986e-02 7.117586497800282297e-02 2.442665861765746008e-04 9.974637523041867126e-01 1.147114499097924734e+00
9.958876669697726003e-01 4.660337799449683176e-03 -9.047671112088703782e-02 -1.624286504693226163e-01 -4.663687977793020724e-03 9.999891097470243739e-01 1.743873997791983753e-04 -2.121232670912760743e-02 9.047654615628054897e-02 2.482848136836024130e-04 9.958985560008570825e-01 1.435764510164874386e+00
9.939099918869735983e-01 5.577717201381602631e-03 -1.100536957546070227e-01 -2.142030138869059908e-01 -5.574495376439265668e-03 9.999844056129694181e-01 3.369619797251689275e-04 -2.621869922610775561e-02 1.100538683131462442e-01 2.785838487240357660e-04 9.939255855969932885e-01 1.739263969983972258e+00
9.913631464845183983e-01 6.663478295446599066e-03 -1.309759834868499950e-01 -2.705567567524747030e-01 -6.635019015344887500e-03 9.999777743679801878e-01 6.536868270194650657e-04 -3.038309771051221631e-02 1.309774393588409025e-01 2.209870011217063420e-04 9.913853253176182490e-01 2.017025367353557197e+00
9.882996697802416408e-01 7.772626743792743903e-03 -1.523264483307333050e-01 -3.332082958606797374e-01 -7.706623185033229309e-03 9.999697795329087757e-01 1.023716981023168769e-03 -3.450252564316518000e-02 1.523298147967366845e-01 1.621832536878988016e-04 9.883297038411308355e-01 2.292967789964470260e+00
9.846940998527521360e-01 8.884363952015653099e-03 -1.740649161543416645e-01 -4.031128312578304285e-01 -8.766170772777292022e-03 9.999605282434860243e-01 1.447834326011206369e-03 -3.879372366853560405e-02 1.740709233031674241e-01 1.002087120987694231e-04 9.847331143649907803e-01 2.572646323146350777e+00
9.799818352463571802e-01 1.018459444582504522e-02 -1.988262383120935617e-01 -4.808859220722278560e-01 -9.957083726808058435e-03 9.999481283013417210e-01 2.144111180673800333e-03 -4.300717163442477342e-02 1.988377785630270622e-01 -1.214606828369647798e-04 9.800324110879010675e-01 2.839020167464280320e+00
9.746964443708101555e-01 1.135619614565384732e-02 -2.232439778320144952e-01 -5.731455838671674075e-01 -1.099753403986727766e-02 9.999354642975041285e-01 2.849826403373544818e-03 -4.837778965038938561e-02 2.232619526796741360e-01 -3.225826159043477278e-04 9.747584321465756485e-01 3.142979489039319674e+00
9.698404217507817782e-01 1.236702469562528037e-02 -2.434268015375043170e-01 -6.646020454919931986e-01 -1.193487131957489400e-02 9.999234949737308975e-01 3.250088345759947518e-03 -5.234633403816733865e-02 2.434483926592724834e-01 -2.467997140106282573e-04 9.699138233049701130e-01 3.429558609414113501e+00
9.641633160061539032e-01 1.330358713702775413e-02 -2.649756749439334813e-01 -7.742997070369046497e-01 -1.277448490128365102e-02 9.999114830105180207e-01 3.720041648630999492e-03 -5.779123385608199437e-02 2.650017323872638775e-01 -2.018001624786202653e-04 9.642479180509382353e-01 3.755423019985535849e+00
9.589273784799487998e-01 1.404063417890050701e-02 -2.833039643171785249e-01 -8.862748414852910095e-01 -1.348277498610508593e-02 9.999014235356856739e-01 3.918931351668679050e-03 -6.278521435419663621e-02 2.833310854383895849e-01 6.175279626476237900e-05 9.590221579546633901e-01 4.074234268925236435e+00
9.528333154196050314e-01 1.459102554108894501e-02 -3.031431457113007433e-01 -1.030961045061549397e+00 -1.400587587120170202e-02 9.998934892008043418e-01 4.104354955102219697e-03 -6.976378979371938849e-02 3.031707700597776056e-01 3.350188799857588186e-04 9.529361889385387085e-01 4.475857870779129222e+00
9.464396884684901368e-01 1.534216738956917757e-02 -3.225159294238184038e-01 -1.163349041723202859e+00 -1.470471650223311062e-02 9.998821418570298381e-01 4.412906638113661163e-03 -7.544059067897694593e-02 3.225456491039372375e-01 5.659550639001139716e-04 9.465537455603344474e-01 4.809524426766132343e+00
9.398037018291294231e-01 1.570280370896979388e-02 -3.413537954026562571e-01 -1.343409415771065651e+00 -1.506498495530262174e-02 9.998763027410398907e-01 4.519456101648780359e-03 -8.270336993245142043e-02 3.413825678537674713e-01 8.950879471405213169e-04 9.399240137116841032e-01 5.263329991286382459e+00
9.346260556104774020e-01 1.601692030791916285e-02 -3.552711404650557014e-01 -1.499229588334201502e+00 -1.547692311061809288e-02 9.998707102954689230e-01 4.362061902721607078e-03 -8.921810672908057904e-02 3.552951043853191382e-01 1.421607142751113526e-03 9.347531112720400825e-01 5.636549539443055146e+00
9.298198923734599664e-01 1.620453531175778880e-02 -3.676579508607619728e-01 -1.668791680708942904e+00 -1.580437890263180351e-02 9.998666996986557143e-01 4.099327053692068852e-03 -9.636460076334943392e-02 3.676754007040368699e-01 1.998969452218030129e-03 9.299520502805845856e-01 6.033655825146831297e+00
9.245872413844331561e-01 1.640050971940034547e-02 -3.806171876863106429e-01 -1.846535246310538225e+00 -1.613794822386069305e-02 9.998622413897927386e-01 3.881354464052699967e-03 -1.038652718307174067e-01 3.806284427462103270e-01 2.553729381978956086e-03 9.247245426904954213e-01 6.433925950128633886e+00
9.199814494588273162e-01 1.633867656281888167e-02 -3.916212031765303192e-01 -2.058311327659227530e+00 -1.626472280843667059e-02 9.998615724890209666e-01 3.506379143895394304e-03 -1.123787521372676540e-01 3.916243147147013270e-01 3.143806282190326085e-03 9.201198433615164207e-01 6.907168612728913359e+00
9.157311345989912477e-01 1.637199236355746726e-02 -4.014578842209821086e-01 -2.241166776568384478e+00 -1.651906855329584103e-02 9.998587596174270953e-01 3.095356920543156955e-03 -1.199265207408850564e-01 4.014518932374910865e-01 3.797195344756210296e-03 9.158722470619320433e-01 7.300109880402935403e+00
9.109484914829409918e-01 1.642528913851167352e-02 -4.121929654951829725e-01 -2.433563851028381464e+00 -1.679239825452477977e-02 9.998552666978086645e-01 2.731494588073763840e-03 -1.277737425987829356e-01 4.121782078622587830e-01 4.433457302779192366e-03 9.110924675271845352e-01 7.699733634056189047e+00
9.057542703178442789e-01 1.627769449158698867e-02 -4.234905225814540319e-01 -2.682383837525883052e+00 -1.685402672201946617e-02 9.998551179651788967e-01 2.384304424097908118e-03 -1.372725323165853162e-01 4.234680131731573538e-01 4.977926415229231780e-03 9.058973881421639174e-01 8.210852808402176350e+00
9.004917538095582596e-01 1.629429275756306972e-02 -4.345676941267154203e-01 -2.894771033611409194e+00 -1.710409829473204246e-02 9.998516178019168921e-01 2.047497727455701265e-03 -1.460702648703464113e-01 4.345366112606587339e-01 5.589133484934249475e-03 9.006368367137509434e-01 8.626764194432961830e+00
8.963677960418736657e-01 1.613298983811054660e-02 -4.430174755635348793e-01 -3.146302424261235409e+00 -1.717640164086058421e-02 9.998511012208419757e-01 1.657305354071021393e-03 -1.556000831786897853e-01 4.429782855218843407e-01 6.123890699040119082e-03 8.965114353623750976e-01 9.117204284656422075e+00
8.905881883650884623e-01 1.625110342938540509e-02 -4.545201450899463702e-01 -3.347259894967086868e+00 -1.754040514381216206e-02 9.998452027144119070e-01 1.380161125384937433e-03 -1.634731710742433342e-01 4.544722541464145116e-01 6.743312050211214097e-03 8.907353793645677031e-01 9.485600953270989066e+00
8.871520969070052498e-01 1.613173379837998939e-02 -4.611950840001521890e-01 -3.593812794811360067e+00 -1.763484804237396703e-02 9.998439422777031238e-01 1.050368461892937184e-03 -1.729926016647707898e-01 4.611400941733066472e-01 7.201268400278604785e-03 8.872981313512182666e-01 9.943716018426737691e+00
8.818363359742807939e-01 1.643557689773032446e-02 -4.712690621647792621e-01 -4.010133133020369556e+00 -1.776892101632947599e-02 9.998408071019543319e-01 1.620477966802241938e-03 -1.876541535728575849e-01 4.712207127824215580e-01 6.944946136582102851e-03 8.819879970811859149e-01 1.071283876237365185e+01
8.778408109774248347e-01 1.624049824930539482e-02 -4.786770694190075615e-01 -4.299385196352736749e+00 -1.780996625698499577e-02 9.998405948542250510e-01 1.260965080263788630e-03 -1.978870164221918082e-01 4.786212849723429086e-01 7.418295595759014267e-03 8.779901220931610739e-01 1.122779606843406164e+01
8.754184539620204486e-01 1.604211784565693494e-02 -4.830995348201864714e-01 -4.571300443790971890e+00 -1.778734262808465486e-02 9.998413230121377948e-01 9.691692318538750513e-04 -2.083159774938638242e-01 4.830384663814000223e-01 7.744628071980932428e-03 8.755648925843149133e-01 1.170834666243746369e+01
8.725847681057147254e-01 1.604613762265728882e-02 -4.881990609795360814e-01 -4.929239710978674971e+00 -1.783693893924402987e-02 9.998404270860546950e-01 9.818468704841127204e-04 -2.207315634852873854e-01 4.881369537267779002e-01 7.851231968462039912e-03 8.727317419354787553e-01 1.233641686837244578e+01
8.704673358677149642e-01 1.598869277912781314e-02 -4.919664193618721870e-01 -5.297346895107974518e+00 -1.780881387292267484e-02 9.998409261896770150e-01 9.841311504458752270e-04 -2.334672959973980166e-01 4.919039369218892177e-01 7.904684123018557509e-03 8.706136077182655697e-01 1.297777038403513039e+01
8.655876217883692325e-01 1.601964010618360176e-02 -5.005011671376442539e-01 -5.643153463710466333e+00 -1.797334549800602005e-02 9.998380448255111963e-01 9.181619050208739098e-04 -2.450646108604271345e-01 5.004348592900234038e-01 8.200930568055576908e-03 8.657353626861250540e-01 1.356197866561174514e+01
8.628035287068119841e-01 1.591251119100477174e-02 -5.052888684683866094e-01 -5.979564596600291715e+00 -1.801586275365710602e-02 9.998374391458948462e-01 7.238935032324845219e-04 -2.565912813767298739e-01 5.052182899287940288e-01 8.478636786867525463e-03 8.629499490189359578e-01 1.412421177885448742e+01
8.576225913604453854e-01 1.603171718303433163e-02 -5.140296215508425304e-01 -6.366222074594582558e+00 -1.817692833531908692e-02 9.998344194043981004e-01 8.562135018126543467e-04 -2.692415995449578547e-01 5.139582782181059128e-01 8.609171297272325343e-03 8.577719938616703566e-01 1.475679557030581890e+01
8.530543738863356484e-01 1.608799155400872719e-02 -5.215739526234161039e-01 -6.744550003807043836e+00 -1.831193283892315615e-02 9.998319263867112561e-01 8.900253202781514567e-04 -2.814708526238547948e-01 5.215006525871187515e-01 8.791786942640033090e-03 8.532056009741519897e-01 1.536327488523544993e+01
8.487835715804475933e-01 1.594788952948568775e-02 -5.284998478234578245e-01 -7.079703941437969661e+00 -1.839167094192875607e-02 9.998306584419529575e-01 6.331914353301651074e-04 -2.925041158071030600e-01 5.284204935499996481e-01 9.182552552524548758e-03 8.489331463929108423e-01 1.588829278676700341e+01
8.461576948127037534e-01 1.588648148819806968e-02 -5.326957391891528060e-01 -7.464098195333668251e+00 -1.840265701282848068e-02 9.998304849799596328e-01 5.861497749552395213e-04 -3.050684621101402705e-01 5.326147961192851943e-01 9.307041583835698809e-03 8.463066126589656735e-01 1.648872261940896067e+01
8.422486588477116065e-01 1.598539069374075097e-02 -5.388521492272945190e-01 -7.890823428622620206e+00 -1.846201723287630922e-02 9.998292394736235655e-01 8.036575377115339836e-04 -3.186214924972662899e-01 5.387730268523107657e-01 9.271417921890241776e-03 8.423999594061818419e-01 1.714537174389439755e+01
8.400597526464155251e-01 1.594844170468800310e-02 -5.422593785738559768e-01 -8.324508769955595966e+00 -1.837847073899074798e-02 9.998306649727877193e-01 9.344758737885925206e-04 -3.323545799963972258e-01 5.421825043113660536e-01 9.180882286485213609e-03 8.402106099041100062e-01 1.780933488264481923e+01
8.345054791338243350e-01 1.611553091408794713e-02 -5.507638955371231271e-01 -8.764710965242494822e+00 -1.850289835915665260e-02 9.998280622906408066e-01 1.220106832796912476e-03 -3.456363765374995123e-01 5.506889076529078997e-01 9.172542270890806856e-03 8.346601810464120419e-01 1.846550189076676318e+01
8.309333254427271331e-01 1.620292990938397917e-02 -5.561359967622339084e-01 -9.218188355780769783e+00 -1.850564956621468179e-02 9.998276601869329205e-01 1.480172774880618740e-03 -3.591571678454749672e-01 5.560641825075798295e-01 9.061732703721441656e-03 8.310899691424616931e-01 1.913402557464058873e+01
8.274109596087930729e-01 1.627011088078573336e-02 -5.613611672326843660e-01 -9.659337034723254334e+00 -1.853269518283422179e-02 9.998268730559207729e-01 1.662280582509094266e-03 -3.719747875075508636e-01 5.612910734037519500e-01 9.028145945721086085e-03 8.275692423422832400e-01 1.977474428306146947e+01
8.240791595217215049e-01 1.631908523905537325e-02 -5.662395239625236387e-01 -1.010342617035379575e+01 -1.854876406206738132e-02 9.998263002697700408e-01 1.820080469956140371e-03 -3.846577390363108417e-01 5.661709181957853554e-01 9.003152662193097608e-03 8.242387169221964127e-01 2.041187660471302578e+01
8.211172544554717900e-01 1.639196543065090869e-02 -5.705240833558651303e-01 -1.060165732606144040e+01 -1.846107457645398617e-02 9.998272538723187441e-01 2.156662113619936538e-03 -3.986894245477153875e-01 5.704609276607589541e-01 8.761614882393107401e-03 8.212780237986295750e-01 2.112155521560104887e+01
8.179159026671196653e-01 1.646038325495044821e-02 -5.751022546329213059e-01 -1.108701939523224134e+01 -1.839297930851242074e-02 9.998278133127287415e-01 2.458066301230204913e-03 -4.121241718921371811e-01 5.750437389819166301e-01 8.567352050211514067e-03 8.180778248060057711e-01 2.180438672756125129e+01
8.129254243373212896e-01 1.663456196528720343e-02 -5.821301542257584227e-01 -1.157143540883508592e+01 -1.843844864711358805e-02 9.998260157580114438e-01 2.821679735790792558e-03 -4.248962939847359399e-01 5.820758593405991332e-01 8.439761448080998138e-03 8.130907045309503367e-01 2.247163704703129028e+01
8.083757781047686830e-01 1.680955903820443437e-02 -5.884267245106987732e-01 -1.206968063183491680e+01 -1.845184513330441756e-02 9.998245878181566404e-01 3.212951440935905324e-03 -4.377241778956729723e-01 5.883775653067708777e-01 8.260286353340815305e-03 8.085441474264092321e-01 2.314744976084244144e+01
8.024707684862413259e-01 1.710981422332946353e-02 -5.964460488542528971e-01 -1.259538187330139358e+01 -1.853092143971687630e-02 9.998212580351348855e-01 3.749264370971276249e-03 -4.504008991315607835e-01 5.964036385255876427e-01 8.044019484144739399e-03 8.026443948203858536e-01 2.384697408480971603e+01
7.959143099119212472e-01 1.737940549512445587e-02 -6.051597606085090675e-01 -1.310679538611584682e+01 -1.862807517434000512e-02 9.998176037019316231e-01 4.213572706155270173e-03 -4.622777362897502185e-01 6.051226622271870248e-01 7.919318362047662527e-03 7.960928838864803625e-01 2.451095772444033472e+01
7.894759468263006230e-01 1.752738109019442991e-02 -6.135311628152825270e-01 -1.358177762512012343e+01 -1.875295463643109409e-02 9.998143251793232267e-01 4.431919558583584211e-03 -4.726337779782772697e-01 6.134949773072709833e-01 8.006627831409166007e-03 7.896580521429715782e-01 2.511195986869364205e+01
7.846663361984284046e-01 1.777900836499867257e-02 -6.196633073767218169e-01 -1.415979065820168259e+01 -1.874796420181493520e-02 9.998120084902666349e-01 4.945863838961030851e-03 -4.845672986764364976e-01 6.196348008472476465e-01 7.736572292601310956e-03 7.848521467501143878e-01 2.583659785872612957e+01
7.793380532528103588e-01 1.804994972105648451e-02 -6.263436470307238713e-01 -1.471793834465789885e+01 -1.877381911463831335e-02 9.998088869120157485e-01 5.452835932785303485e-03 -4.957649788628694099e-01 6.263224208986000185e-01 7.509259429000517301e-03 7.795279790007370035e-01 2.652343286791627719e+01
7.723867831206717716e-01 1.841337797509235569e-02 -6.348854778349848349e-01 -1.529208353635614515e+01 -1.885177008859126313e-02 9.998039100254063616e-01 6.062368729878705488e-03 -5.066348575019559153e-01 6.348726654893334098e-01 7.286221204808986454e-03 7.725824515560518746e-01 2.721484032390831942e+01
7.665814284627346931e-01 1.872565316311308736e-02 -6.418739968928452999e-01 -1.587393511180128236e+01 -1.888897426257781995e-02 9.997997456955048934e-01 6.608722313901634754e-03 -5.168559067407474394e-01 6.418692657400967283e-01 7.058217230772258384e-03 7.667816265952633881e-01 2.790238619098760964e+01
7.606224526694529420e-01 1.902883239943690616e-02 -6.489155196930169733e-01 -1.645442160623471750e+01 -1.891815654654730589e-02 9.997955177690274198e-01 7.143252329170541627e-03 -5.265607876744968774e-01 6.489188105832869313e-01 6.842966885941233375e-03 7.608269103171486636e-01 2.857552379794719144e+01
7.556678028699329586e-01 1.926328029029230129e-02 -6.546717198467379983e-01 -1.708498058822801369e+01 -1.886530683796045632e-02 9.997928241024702789e-01 7.642586124323948529e-03 -5.363167545782876466e-01 6.546833642437113188e-01 6.575326203990762043e-03 7.558746554104076587e-01 2.929673474012962231e+01
7.521160351806197575e-01 1.938007528688531766e-02 -6.587456602373448211e-01 -1.767281532144487599e+01 -1.874616353867069457e-02 9.997921865601706592e-01 8.010311898422373816e-03 -5.453835286338037935e-01 6.587640601479084479e-01 6.324269439232257754e-03 7.523230384295892526e-01 2.996126743514483337e+01
7.483490981064447878e-01 1.949442964814106227e-02 -6.630185191035562475e-01 -1.831888304521119437e+01 -1.860358354204954753e-02 9.997916638463861805e-01 8.398549446660916531e-03 -5.546152560860718728e-01 6.630441693333067876e-01 6.049473085121449475e-03 7.485558571996134836e-01 3.068397828405942818e+01
7.443787357223499157e-01 1.962647494315390359e-02 -6.674691460148899358e-01 -1.900410595648605394e+01 -1.848617075382821481e-02 9.997905478863067241e-01 8.781907397159918055e-03 -5.638993385779277334e-01 6.675017574802873943e-01 5.801883051147969407e-03 7.445856434119864087e-01 3.144259287926701418e+01
7.407232230478441037e-01 1.974702975209590219e-02 -6.715200092247028962e-01 -1.969951322202054200e+01 -1.837162358562129810e-02 9.997894920800985963e-01 9.135372016195287409e-03 -5.728833249423312957e-01 6.715591021538359628e-01 5.570130198959283470e-03 7.409300809688506018e-01 3.220443187408653074e+01
7.336580426150712819e-01 2.002190388655457690e-02 -6.792237923746767825e-01 -2.043455653786902815e+01 -1.831715212938055115e-02 9.997853069635785905e-01 9.686173957548938757e-03 -5.813783932937386378e-01 6.792719607987262043e-01 5.335105660812667315e-03 7.338672766418461446e-01 3.299379982297902814e+01
7.302635229905556358e-01 2.012865208188344482e-02 -6.828689363209169416e-01 -2.114735958498874524e+01 -1.819257209779471737e-02 9.997843417083884798e-01 1.001501087577080958e-02 -5.895312472974066909e-01 6.829233163494258241e-01 5.109544777257632106e-03 7.304722286068454640e-01 3.375108847525498845e+01
7.272402381201318322e-01 2.022867316881369823e-02 -6.860848317121390760e-01 -2.188363021576858003e+01 -1.808443125953727165e-02 9.997833197508534386e-01 1.030858579240034531e-02 -5.976265752091062256e-01 6.861447576722964348e-01 4.910635129368803864e-03 7.274484846243540748e-01 3.452717706567593581e+01
7.234327971751598474e-01 2.038213538967181132e-02 -6.900938454492490104e-01 -2.267072109524944779e+01 -1.803515809098807030e-02 9.997809249817878330e-01 1.062238965015352248e-02 -6.056662269474102356e-01 6.901592284304798319e-01 4.761366075301479844e-03 7.236419072129162133e-01 3.534950422345246324e+01
7.205576781452035506e-01 2.051863145847975314e-02 -6.930913192916160481e-01 -2.346350809746481403e+01 -1.797162526735050087e-02 9.997789265854610807e-01 1.091415077507566604e-02 -6.137125451599444448e-01 6.931620972373953027e-01 4.591701851523358885e-03 7.207671362161074402e-01 3.617011573028420912e+01
7.174758260212175109e-01 2.068331515576718807e-02 -6.962762367212415038e-01 -2.428151717725359759e+01 -1.793263980344890138e-02 9.997762372570063727e-01 1.122033385560881544e-02 -6.216000659072444812e-01 6.963525685845572966e-01 4.435752176536211268e-03 7.176861891695101026e-01 3.700984298436114983e+01
7.120985041641720859e-01 2.090548564083340166e-02 -7.017682228927941690e-01 -2.509488784797472860e+01 -1.791250601534353018e-02 9.997721867088317227e-01 1.160675912164966204e-02 -6.284464962884565020e-01 7.018510550078637111e-01 4.305271219329056057e-03 7.123107493725717720e-01 3.783307545700498054e+01
7.062099810627944230e-01 2.113909083175768283e-02 -7.076867657418191015e-01 -2.585113265685017225e+01 -1.783166871007155901e-02 9.997681548745591673e-01 1.206930547897100588e-02 -6.343569394089766389e-01 7.077778859680884382e-01 4.095771468808647939e-03 7.064231960697796575e-01 3.858331034644484703e+01
6.996544376249287378e-01 2.140943988237058518e-02 -7.141605281318496035e-01 -2.666058089282754295e+01 -1.779746660629977564e-02 9.997630288669380194e-01 1.253540337564847638e-02 -6.399683550032271295e-01 7.142597290236242236e-01 3.939797048857894383e-03 6.998696746055067530e-01 3.937349674840623237e+01
6.914393002289404011e-01 2.171775789907241794e-02 -7.221080170414415633e-01 -2.748801483040625371e+01 -1.767509252505579040e-02 9.997573865459734588e-01 1.314378920665180105e-02 -6.445472183836177260e-01 7.222183385822402713e-01 3.675193088482317603e-03 6.916554122386490144e-01 4.016351095954971839e+01
6.844121702262693230e-01 2.199685115843495048e-02 -7.287633869462715186e-01 -2.829229941865796505e+01 -1.760324995239967438e-02 9.997519476497541691e-01 1.364436897488330649e-02 -6.488057167822435245e-01 7.288828102213417148e-01 3.490231351911086532e-03 6.846296173645436411e-01 4.091527961860992946e+01
6.775818325168028178e-01 2.227537470604063277e-02 -7.351099383837459422e-01 -2.912426384538029112e+01 -1.755510560101787576e-02 9.997462867383039020e-01 1.411313086749374501e-02 -6.526217982523971894e-01 7.352378686515810280e-01 3.342130989820134290e-03 6.778009687015692508e-01 4.167936753677922468e+01
6.702789519026313148e-01 2.255970293239104724e-02 -7.417662294804296952e-01 -2.998736902362612256e+01 -1.751001632177786801e-02 9.997403325956715214e-01 1.458309816082411885e-02 -6.559050441519798103e-01 7.419026700243378514e-01 3.213594495544344447e-03 6.704999242101076229e-01 4.245758416523329970e+01
6.639375051611741130e-01 2.281574832427534991e-02 -7.474398858203531448e-01 -3.082552840898299351e+01 -1.743950839485142873e-02 9.997350078113426131e-01 1.502590246422596566e-02 -6.587115690623327469e-01 7.475847104713885249e-01 3.058723422134508076e-03 6.641594634882518333e-01 4.319919312344771356e+01
6.562233971011005584e-01 2.310161365104301118e-02 -7.542129140620829064e-01 -3.167956815677413118e+01 -1.735783149522172539e-02 9.997288942634752207e-01 1.551913983759821251e-02 -6.609579587950811241e-01 7.543670235338262309e-01 2.907477454723605449e-03 6.564464862464135519e-01 4.393946238853895636e+01
6.488111602324856397e-01 2.338886128887790114e-02 -7.605898960045878177e-01 -3.253795963678044245e+01 -1.728153653915001989e-02 9.997226256628298779e-01 1.600063351177210755e-02 -6.626360504333020929e-01 7.607532287704565910e-01 2.762771923356887715e-03 6.490353932934407322e-01 4.466894708665545011e+01
6.418208047625669765e-01 2.366917200118657041e-02 -7.664892526895911162e-01 -3.340594359140185787e+01 -1.721124123341072343e-02 9.997163910370553408e-01 1.645936531355390170e-02 -6.638031806397131085e-01 7.666615138019677866e-01 2.628267769740158001e-03 6.420461556334202680e-01 4.539317232846583750e+01
6.357401968347036192e-01 2.389993547162961099e-02 -7.715329832087047812e-01 -3.425190898808831008e+01 -1.709927166604013546e-02 9.997113234351342470e-01 1.687852904645317093e-02 -6.645875442179443038e-01 7.717137206853920128e-01 2.462292124021389118e-03 6.359653462103143085e-01 4.608690282866326271e+01
6.307710651101912092e-01 2.409503730425133217e-02 -7.755947659901482050e-01 -3.515690779215994866e+01 -1.703348782931163319e-02 9.997068892782244864e-01 1.720453022332603735e-02 -6.649988695702706565e-01 7.757820402028069440e-01 2.358963571283977968e-03 6.309966030612941257e-01 4.682120509196444402e+01
6.234911254159244409e-01 2.438387998651732336e-02 -7.814500563665965904e-01 -3.604457909683176808e+01 -1.695444690252649253e-02 9.997001727845178376e-01 1.766667207867210140e-02 -6.647935791537350481e-01 7.816466044363794552e-01 2.234039641829321625e-03 6.237176022040366030e-01 4.752704194376333646e+01
6.134511380441168837e-01 2.473458813810519921e-02 -7.893452020588334062e-01 -3.693977574564596722e+01 -1.668322322378100811e-02 9.996922369461168634e-01 1.836032375591476612e-02 -6.629455262419479133e-01 7.895564725362822500e-01 1.905660101874365924e-03 6.136749943135050289e-01 4.822083858748438701e+01
6.056368337341928587e-01 2.503114480181602153e-02 -7.953473538309381308e-01 -3.783987248431028405e+01 -1.657754462706921214e-02 9.996850950950646464e-01 1.883867548355892471e-02 -6.614405750523054683e-01 7.955685158913875510e-01 1.775509871584566007e-03 6.058610718636826542e-01 4.890365670028459988e+01
5.989518394942435764e-01 2.529654262609561458e-02 -8.003853597206735948e-01 -3.874727257257897151e+01 -1.648477159455847413e-02 9.996786150110446023e-01 1.925925827796791043e-02 -6.594789895983411698e-01 8.006153881846487241e-01 1.658801054530318524e-03 5.991763543180262941e-01 4.958032117115787685e+01
5.935577085523746632e-01 2.551035860100397262e-02 -8.043869795307110326e-01 -3.967490250818542563e+01 -1.639692396334959529e-02 9.996733513258276860e-01 1.960437622628340149e-02 -6.571339190117425622e-01 8.046244102528868902e-01 1.553142889673247377e-03 5.937821163570334848e-01 5.026286802422133349e+01
5.853920914669619169e-01 2.580990537409963773e-02 -8.103393683156397964e-01 -4.058736506564486035e+01 -1.627222495824032916e-02 9.996658483483934488e-01 2.008497880448123496e-02 -6.542349808018568247e-01 8.105870519786174677e-01 1.428436116957052275e-03 5.856164675612657300e-01 5.091942306426751941e+01
5.780381468871229611e-01 2.609678560416387946e-02 -8.155923010996093403e-01 -4.151784728662689616e+01 -1.617186223294890882e-02 9.996585421297136120e-01 2.052486421377927236e-02 -6.507789220524922147e-01 8.158495126140860032e-01 1.325491223089063321e-03 5.782628060842508466e-01 5.157672428849530633e+01
5.674437780311798463e-01 2.650905247079485272e-02 -8.229852799300232391e-01 -4.238540964474607620e+01 -1.596084566319205464e-02 9.996479583811854752e-01 2.119459224875293660e-02 -6.469445261225015287e-01 8.232574729877452091e-01 1.108800893362896743e-03 5.676671223617258955e-01 5.217068027639445660e+01
5.609353454531361693e-01 2.675973183634117181e-02 -8.274269734741737103e-01 -4.329740658956728083e+01 -1.582062606090450449e-02 9.996414217643019295e-01 2.160406706441342362e-02 -6.425371056157309635e-01 8.277084651572426122e-01 9.719272686381846479e-04 5.611575632259269142e-01 5.278601691984320610e+01
5.515394666514106259e-01 2.711095659818361925e-02 -8.337080744184801606e-01 -4.421922048747887857e+01 -1.562675576505053246e-02 9.996321093434493710e-01 2.216868291550009099e-02 -6.374594089505837280e-01 8.340024456861709901e-01 8.012482488562390655e-04 5.517602180103345910e-01 5.339253138582726166e+01
5.431351859596126319e-01 2.742271061077228289e-02 -8.391972977441912729e-01 -4.515429254877768983e+01 -1.546915315208582768e-02 9.996236968991012439e-01 2.265325420001572387e-02 -6.317491764791551834e-01 8.395027897762307179e-01 6.778914265393126779e-04 5.433550099017733226e-01 5.399489229247948430e+01
5.330347767271286230e-01 2.779405413483201567e-02 -8.456366573628152361e-01 -4.610752642003118495e+01 -1.520235841003283149e-02 9.996135690388956441e-01 2.327232085157903904e-02 -6.248998940013914538e-01 8.459567808108902076e-01 4.507145267595817628e-04 5.332513320551708347e-01 5.459322698371502725e+01
5.258622867577301685e-01 2.806470379013964803e-02 -8.501065615875887937e-01 -4.708048027261133939e+01 -1.507691498517861432e-02 9.996060409516085432e-01 2.367381575555811343e-02 -6.178415493333865305e-01 8.504361249096628050e-01 3.678167887657568958e-04 5.260782490081558072e-01 5.519314552638169147e+01
5.188562061064956321e-01 2.833152405611613286e-02 -8.543918888931569811e-01 -4.808125908144356231e+01 -1.497280825043928107e-02 9.995985330611726338e-01 2.405385081673854994e-02 -6.101600973917140625e-01 8.547304332803195015e-01 3.121554625738280327e-04 5.190721062808443254e-01 5.579958388511178669e+01
5.092529052926967337e-01 2.868264067295711248e-02 -8.601387803327774639e-01 -4.905896933764120149e+01 -1.474555363466875310e-02 9.995885565128950212e-01 2.460256814126990724e-02 -6.019549185283766812e-01 8.604906211724459020e-01 1.542925239113558872e-04 5.094663192367798743e-01 5.637619611245801110e+01
4.990098406657980101e-01 2.907144846459807155e-02 -8.661085184861938568e-01 -5.007668963808416152e+01 -1.442685350465474671e-02 9.995773311673465944e-01 2.523935290666455208e-02 -5.916249487075357916e-01 8.664762591803149006e-01 -9.946545765844903115e-05 4.992183356151692064e-01 5.696243077611624273e+01
4.894382140932463376e-01 2.941141557581405941e-02 -8.715418167956962003e-01 -5.106693476375981788e+01 -1.419522430721118986e-02 9.995673628191658056e-01 2.576010118457260772e-02 -5.822013610667410299e-01 8.719224701259563615e-01 -2.362470434823440307e-04 4.896439679018146363e-01 5.751621658963254191e+01
4.815538068288769402e-01 2.970712655113711548e-02 -8.759128679982178811e-01 -5.205578699622095940e+01 -1.403215596087203920e-02 9.995585949836454098e-01 2.618613777899241740e-02 -5.724116543536363899e-01 8.763042246272945146e-01 -3.190890739602439559e-04 4.817581029389639280e-01 5.805763186758643712e+01
4.747226136816956044e-01 2.996416828360433729e-02 -8.796252171794524122e-01 -5.306998665349146904e+01 -1.389375172875503481e-02 9.995509000682279988e-01 2.655111773843394848e-02 -5.620239783193171634e-01 8.800258340830434678e-01 -3.831223433902822555e-04 4.749257318520430649e-01 5.860331805668243277e+01
4.660939689927988128e-01 3.028233043908717601e-02 -8.842167866946093469e-01 -5.412331293728304615e+01 -1.372255308774548641e-02 9.995412837299199049e-01 2.699840129783217385e-02 -5.501795166353886657e-01 8.846288313353376509e-01 -4.500809418170175500e-04 4.662957163488531398e-01 5.915862660828845065e+01
4.580170453327448432e-01 3.060468933771941236e-02 -8.884163843018513251e-01 -5.522165633215098524e+01 -1.359721641256236152e-02 9.995314515306809033e-01 2.742249299761200312e-02 -5.368581688953855124e-01 8.888394501574219397e-01 -4.799801013400545888e-04 4.582185820938117216e-01 5.972702984154270922e+01
4.497250786624713559e-01 3.090080858141719053e-02 -8.926323015347948919e-01 -5.627721730099958108e+01 -1.344730570645984342e-02 9.995223255729848155e-01 2.782607886151933912e-02 -5.244147829830577701e-01 8.930658377187891128e-01 -5.105867910655021054e-04 4.499257904816871267e-01 6.025826856910752127e+01
4.415250514891712053e-01 3.119967583775035136e-02 -8.967062733252835205e-01 -5.734068869397824386e+01 -1.330142666784026560e-02 9.995130281171432651e-01 2.822726848478435482e-02 -5.114553474528577004e-01 8.971503600253988298e-01 -5.355741658733985996e-04 4.417250427789191081e-01 6.078139399118208530e+01
4.349636343017970197e-01 3.144217114545204417e-02 -8.998988597143952051e-01 -5.841925291390793973e+01 -1.318572942356218379e-02 9.995054202737880811e-01 2.854910498609076336e-02 -4.981782915603937267e-01 9.003515099142005429e-01 -5.520003226597409128e-04 4.351630994479474546e-01 6.130205061791017584e+01
4.282065858842389328e-01 3.169590148463857782e-02 -9.031248087361888333e-01 -5.951270069955430131e+01 -1.307795449164593678e-02 9.994974048872573569e-01 2.887740884832100743e-02 -4.841805863622669626e-01 9.035862744869219698e-01 -5.544722401885261590e-04 4.284058902891890175e-01 6.182042618667696843e+01
4.203567925264024563e-01 3.201539223670438195e-02 -9.067938638998145340e-01 -6.064599247093956791e+01 -1.296344099403494605e-02 9.994872233279891161e-01 2.927865455671667741e-02 -4.683414790375542980e-01 9.072663254406888589e-01 -5.523133102999911283e-04 4.205562744081589033e-01 6.234831951080897738e+01
4.124690403462979438e-01 3.231450113461152573e-02 -9.103982607609152344e-01 -6.174529018950342163e+01 -1.283967878562752504e-02 9.994776019384552512e-01 2.965916185743101494e-02 -4.532326515844174453e-01 9.108811684700454103e-01 -5.442655359140610065e-04 4.126684765301363300e-01 6.284673139826392685e+01
4.064521327547880869e-01 3.261144933903698667e-02 -9.130898565683838175e-01 -6.291767012521837898e+01 -1.281343791111637202e-02 9.994679847225914626e-01 2.999272133342011787e-02 -4.371616647891849450e-01 9.135822621318600012e-01 -4.907861119954697558e-04 4.066537601923463918e-01 6.336919403841157816e+01
3.972755817406115608e-01 3.293605004728254737e-02 -9.171080945911396221e-01 -6.402072886505077065e+01 -1.259458301998450137e-02 9.994573143984839536e-01 3.043769344319298062e-02 -4.207821477679171140e-01 9.176129681729326970e-01 -5.415590810789286695e-04 3.974748032258559327e-01 6.384777829623329382e+01
3.913722533175422735e-01 3.315489799794964915e-02 -9.196349493638489303e-01 -6.508665146130805113e+01 -1.244053035587182679e-02 9.994500515171418353e-01 3.073805026620268083e-02 -4.055233219148551282e-01 9.201483921993968140e-01 -5.892742414185750009e-04 3.915694846661039730e-01 6.429989996780165029e+01
3.817934742489559885e-01 3.349937889548203207e-02 -9.236403315339269948e-01 -6.619325431486043954e+01 -1.218508352988799046e-02 9.994385191852063199e-01 3.121169835332327988e-02 -3.881949820018865127e-01 9.241673758163256869e-01 -6.617889144241118028e-04 3.819872986846912233e-01 6.475805908016263857e+01
3.752788016305279584e-01 3.373708363226744777e-02 -9.262977692017452247e-01 -6.729757040261564782e+01 -1.204597487747620724e-02 9.994305174586588514e-01 3.152039445421334768e-02 -3.715093469397272030e-01 9.268337433024846916e-01 -6.707769571461744823e-04 3.754714843875339159e-01 6.520461610689639542e+01
3.655459871404175831e-01 3.408661120463281347e-02 -9.301688882213715592e-01 -6.841679899270384624e+01 -1.177998124989422697e-02 9.994186099530206757e-01 3.199490779479598895e-02 -3.530382762479709613e-01 9.307187739232272161e-01 -7.382388511278554794e-04 3.657350034094162261e-01 6.564548993618031147e+01
3.563957412895826793e-01 3.441814431016516213e-02 -9.337009118461759849e-01 -6.955343729500590655e+01 -1.155932585846343105e-02 9.994072279353012345e-01 3.242799313182363752e-02 -3.338707634845887173e-01 9.342636303286968591e-01 -7.642463198019202979e-04 3.565823318279142673e-01 6.608075763657197399e+01
3.464239942217855472e-01 3.478849304536133641e-02 -9.374327187886936086e-01 -7.070770995731152198e+01 -1.126628107997059390e-02 9.993943403967667782e-01 3.292450901878652553e-02 -3.131870173104599475e-01 9.380104269824506291e-01 -8.444601865185253449e-04 3.466061175818770934e-01 6.650986809176752956e+01
3.361732006436064513e-01 3.518052518774555937e-02 -9.411428342800488567e-01 -7.188908755011775042e+01 -1.092660114302382822e-02 9.993805097169653484e-01 3.345453906595329679e-02 -2.908639958569340656e-01 9.417368332777961148e-01 -9.630278779573011325e-04 3.363493496228416868e-01 6.693561770594367033e+01
3.247254621327283486e-01 3.564448168559590513e-02 -9.451363759993420821e-01 -7.303404790945930358e+01 -1.047468628427184779e-02 9.993638485061339116e-01 3.409075010524915267e-02 -2.686642452430424433e-01 9.457503531232710481e-01 -1.170128327482801173e-03 3.248922537582266679e-01 6.733095838569231262e+01
3.159803218272086434e-01 3.600535247330414329e-02 -9.480822614202965015e-01 -7.427638685030117927e+01 -1.027735005446839961e-02 9.993509167175955721e-01 3.452711002694675707e-02 -2.439613882909712483e-01 9.487101180142528678e-01 -1.166114838628365966e-03 3.161452653484032593e-01 6.775027788970385245e+01
2.995738349039478998e-01 3.664365046528852976e-02 -9.533691221700966167e-01 -7.549945753196526255e+01 -9.195903562581975860e-03 9.993266389408105299e-01 3.552047369692281492e-02 -2.149300826368689132e-01 9.540288409745717457e-01 -1.873914815502426183e-03 2.997090864877316463e-01 6.814293521588193414e+01
2.847825085175876292e-01 3.718518944439719309e-02 -9.578706105823523442e-01 -7.661154991685303628e+01 -8.411939246736563694e-03 9.993057952164178248e-01 3.629279422204522570e-02 -1.903643106155450404e-01 9.585552876577800863e-01 -2.278004408216820296e-03 2.848976121620765967e-01 6.847454382092382730e+01
2.719011947198291534e-01 3.775054512093736769e-02 -9.615843999137821951e-01 -7.783773144057362003e+01 -7.734000303233530722e-03 9.992837191548596953e-01 3.704367497749738031e-02 -1.614577454814362656e-01 9.622941356738322627e-01 -2.635326263437186897e-03 2.719984013051727767e-01 6.882696253657159957e+01
2.581900635013248402e-01 3.831683534791352486e-02 -9.653339485136668285e-01 -7.903207034319827073e+01 -6.989773598516212626e-03 9.992611052981564823e-01 3.779400064526974856e-02 -1.327005576731422887e-01 9.660688965158018560e-01 -3.010570510393985929e-03 2.582671157167472087e-01 6.915054129306940922e+01
2.454491911471276822e-01 3.885145524619949137e-02 -9.686305690941493518e-01 -8.021512117615482396e+01 -6.367733896403411122e-03 9.992396356432244886e-01 3.846560156079210230e-02 -1.042583152806204061e-01 9.693885834552004033e-01 -3.273369920551816130e-03 2.455099575457235783e-01 6.945300865429271653e+01
2.333171006655481161e-01 3.937371053825544642e-02 -9.716031913147680221e-01 -8.142175303249945273e+01 -5.795790859747257211e-03 9.992184539466596460e-01 3.910102399101051535e-02 -7.452750969879674836e-02 9.723834732519711643e-01 -3.491729499695027817e-03 2.333629558890714384e-01 6.974614196112804620e+01
2.201115958161761477e-01 3.994814545014761797e-02 -9.746563242977674957e-01 -8.264024377204889049e+01 -5.086175037817675278e-03 9.991945119663047103e-01 3.980525158167449312e-02 -4.303244155918024838e-02 9.754614787082624972e-01 -3.804325633187879193e-03 2.201374833157000444e-01 7.002579389501248386e+01
2.082618486741865671e-01 4.043461931261753406e-02 -9.772369021713589454e-01 -8.383885887450675511e+01 -4.544383570721470880e-03 9.991743097756485836e-01 4.037384343504982209e-02 -1.254917790266879551e-02 9.780625908606377372e-01 -3.967392806504980995e-03 2.082736408211756929e-01 7.028372994340131186e+01
1.945293112971845095e-01 4.101446402641277522e-02 -9.800388152338288528e-01 -8.505090713959725690e+01 -3.790556115143821174e-03 9.991494165173436803e-01 4.106184513676489761e-02 2.017613991606616308e-02 9.808894228714014618e-01 -4.272841196529776273e-03 1.945193170097591351e-01 7.052826921997989018e+01
1.800980646609062485e-01 4.168435050683323706e-02 -9.827649872501810213e-01 -8.636499935718660481e+01 -2.847653029119511393e-03 9.991195877589045260e-01 4.185618465660744664e-02 5.853933595565108394e-02 9.836445799266081425e-01 -4.739645034210418148e-03 1.800582081956751401e-01 7.077833266220490316e+01
1.646167253650471785e-01 4.237914003919898004e-02 -9.854467311424813802e-01 -8.765424425249017304e+01 -1.793798438421051076e-03 9.990877760851291089e-01 4.266612152796401408e-02 9.721439876075126107e-02 9.863560199655018179e-01 -5.255865290261835590e-03 1.645425791993199438e-01 7.100198582899153621e+01
