1.000000000000000000e+00 -3.306050084167601550e-19 -2.270457535318767223e-19 -8.673617379884035472e-19 7.546676715296109287e-19 1.000000000000000000e+00 6.237773588823049983e-19 1.387778780781445676e-17 -3.447385680526250622e-20 4.770700176052009879e-20 1.000000000000000222e+00 5.551115123125782702e-17
9.997201322047737371e-01 -7.123803750557689734e-04 2.364634809078323963e-02 2.612517309950903449e-02 7.264977232752736509e-04 9.999995629732202351e-01 -5.884329741930432447e-04 -4.377597301497615501e-03 -2.364592056731368991e-02 6.054473402626877688e-04 9.997202128067276261e-01 1.580809842298850909e-01
9.987922290960513649e-01 -1.558864100244420053e-03 4.910858297625347174e-02 5.949540739516070986e-02 1.621794790481137331e-03 9.999979140550333545e-01 -1.241637997779379164e-03 -1.002261315293175026e-02 -4.910654914441933000e-02 1.319782494574201501e-03 9.987926737527302867e-01 3.625953795172855432e-01
9.962206565288661553e-01 -2.430765360904275311e-03 8.682450313183559532e-02 1.131387758374655383e-01 2.623343293322179248e-03 9.999943456518745055e-01 -2.103979696551737475e-03 -1.576124341094380099e-02 -8.681890525348617826e-02 2.323798632124500062e-03 9.962214001492517568e-01 5.888487878300244782e-01
9.925913202456462248e-01 -3.270349659054831628e-03 1.214568844650278090e-01 1.745143079633423022e-01 3.644321528808356758e-03 9.999892780637623657e-01 -2.857039259210119100e-03 -2.246216427218324097e-02 -1.214462489603322648e-01 3.278500474012158682e-03 9.925925957640399089e-01 8.385862201110347858e-01
9.874517868262987497e-01 -4.121865296919657862e-03 1.578669602968379715e-01 2.394292123400062200e-01 4.759839773080885850e-03 9.999819617512056835e-01 -3.663344319879139471e-03 -2.841095124902842661e-02 -1.578490261843177589e-01 4.368797546777106883e-03 9.874535941013418139e-01 1.030267754508526368e+00
9.784674025763893113e-01 -4.715830327765021569e-03 2.063475217692406216e-01 3.385599280698790015e-01 5.683855796595878480e-03 9.999754469931375622e-01 -4.098681163018645310e-03 -3.260951235382973656e-02 -2.063231440720223187e-01 5.183275743602290195e-03 9.784701820424626106e-01 1.302288966812875426e+00
9.680315611776884044e-01 -5.291835592926015519e-03 2.507725822980905184e-01 4.442984810958944819e-01 6.670252030753806398e-03 9.999669557714502277e-01 -4.647052319631641074e-03 -3.743490358733826684e-02 -2.507397254688064070e-01 6.171209970258485951e-03 9.680348708139212555e-01 1.555865639778377885e+00
9.544284910435674174e-01 -5.797217390504670609e-03 2.983833785272038130e-01 5.683988978425255079e-01 7.633618954948163081e-03 9.999584157958109065e-01 -4.989442083606517725e-03 -4.171027839969691786e-02 -2.983420708289691303e-01 7.039811082770276729e-03 9.544330551851699651e-01 1.815140741629034604e+00
9.353182898750340701e-01 -6.158563055952238213e-03 3.537538108724801456e-01 7.236853274315366846e-01 8.393309842640852766e-03 9.999533347050909571e-01 -4.783383024854042861e-03 -4.593399195925927658e-02 -3.537078739772468450e-01 7.443151415652604630e-03 9.353263331566074035e-01 2.103694014070421670e+00
9.141871933983516385e-01 -6.476152852382437847e-03 4.052404492374911960e-01 8.963152809041690094e-01 9.146664351132446566e-03 9.999473384535689791e-01 -4.653906061560970919e-03 -5.034760983768798992e-02 -4.051890034893408932e-01 7.961140186378513547e-03 9.141982854620666066e-01 2.391658163125305769e+00
8.902447310547939585e-01 -6.858884301706089787e-03 4.554308485504934834e-01 1.096310112632413958e+00 9.914772068749223843e-03 9.999415097691686238e-01 -4.321380087635266765e-03 -5.556624530247640525e-02 -4.553746089379454021e-01 8.362579455276339391e-03 8.902606640112340486e-01 2.694730769367401191e+00
8.607860107388262128e-01 -7.252378855704391322e-03 5.089153420187669807e-01 1.306493195241811289e+00 1.064522329662492481e-02 9.999362848720655395e-01 -3.755716632254537442e-03 -5.972304340060942407e-02 -5.088557215414624135e-01 8.650386393732712592e-03 8.608083680603010324e-01 2.963643915526002370e+00
8.269154454363238926e-01 -8.349623260930872856e-03 5.622642651722740137e-01 1.595910417667512959e+00 1.191156373418608520e-02 9.999254919527849061e-01 -2.669303748175672064e-03 -6.846155225608137329e-02 -5.622001317960143574e-01 8.904735776800384861e-03 8.269532897891227474e-01 3.314498366803150464e+00
7.868157374019868477e-01 -9.610739085172004953e-03 6.171131155751508057e-01 1.895154451397778272e+00 1.323902457150072029e-02 9.999115056101598453e-01 -1.307351026663352515e-03 -7.658578546181395164e-02 -6.170459920688299293e-01 9.198620771568860252e-03 7.868733444887040518e-01 3.618816908680113631e+00
7.450097052827625577e-01 -1.082070218406615443e-02 6.669658269566540731e-01 2.231645151744487965e+00 1.447310463680037511e-02 9.998952575946253862e-01 5.542449478511864836e-05 -8.462902963925487965e-02 -6.668966234485252942e-01 9.611775179361528587e-03 7.450882793073355659e-01 3.929011565976783249e+00
7.014408557412532552e-01 -1.178690481392838212e-02 7.126301652315447654e-01 2.577165995349815830e+00 1.545341003200220199e-02 9.998797080297928686e-01 1.327244789124856815e-03 -9.102163376813893203e-02 -7.125601458770970398e-01 1.008158323567207200e-02 7.015386248201168629e-01 4.209935389789253968e+00
6.545527574397128623e-01 -1.277778728393122107e-02 7.559083068206816636e-01 2.941347038830649296e+00 1.639000253922940145e-02 9.998620045114805510e-01 2.709195714808395813e-03 -9.700261933992408714e-02 -7.558386762930295877e-01 1.061602839913150173e-02 6.546718589202086269e-01 4.468621220427063001e+00
6.080707291465098363e-01 -1.347875603058336022e-02 7.937683912345097070e-01 3.321584635642067074e+00 1.706525255982414835e-02 9.998467516034484914e-01 3.905182907456089536e-03 -1.015443580607647139e-01 -7.936994515907843661e-01 1.117123155503397212e-02 6.082075604422040316e-01 4.710995827143161563e+00
5.625081407850934800e-01 -1.390816219961856122e-02 8.266747228274528014e-01 3.708209915938890155e+00 1.753754235955163818e-02 9.998342569281850611e-01 4.888074392386225139e-03 -1.048632216165567566e-01 -8.266057612140648159e-01 1.174826227693700174e-02 5.626588226753774791e-01 4.930396776282668370e+00
5.196241084748340899e-01 -1.421469680340636289e-02 8.542766923812276092e-01 4.121019185134348284e+00 1.802381210698596539e-02 9.998214620921369589e-01 5.673281905790444890e-03 -1.084168423937906800e-01 -8.542048877859507172e-01 1.244934952361830341e-02 5.197875375894496219e-01 5.143255807100583610e+00
4.785674606487758109e-01 -1.447662061624315454e-02 8.779314030816244285e-01 4.571709997282449756e+00 1.857025347848111768e-02 9.998073072330476707e-01 6.363495883789836716e-03 -1.124539664885493701e-01 -8.778544281612097322e-01 1.325804764760081696e-02 4.787440773301862018e-01 5.355481283051486407e+00
4.364535894481911815e-01 -1.475703733091908790e-02 8.996057060741288192e-01 5.049402323278163962e+00 1.912719920930541079e-02 9.997917011853894032e-01 7.120707983219924306e-03 -1.164773693951644679e-01 -8.995234758524535135e-01 1.409908004734954957e-02 4.366449360976245031e-01 5.555652844872651208e+00
3.930781190203542774e-01 -1.493418110640449062e-02 9.193837566501706915e-01 5.512147933372875563e+00 1.958061804533324166e-02 9.997773184876703745e-01 7.868470352630198283e-03 -1.195734011698246502e-01 -9.192966137447089459e-01 1.490917973778286068e-02 3.932830068780436283e-01 5.721018756074906619e+00
3.540027373484801454e-01 -1.509126655845337284e-02 9.351225815835308985e-01 6.046737060340584335e+00 2.020812330356736020e-02 9.997597948880979635e-01 8.484354386309738913e-03 -1.238223769815085806e-01 -9.350260790414226530e-01 1.589358887637024390e-02 3.542226688242475774e-01 5.897562279282034581e+00
3.212146330502589908e-01 -1.513199840836803450e-02 9.468854773477355380e-01 6.630798755406680733e+00 2.096679642310988329e-02 9.997408774929608111e-01 8.864045887593369547e-03 -1.289161692123282910e-01 -9.467743287595217216e-01 1.700589494692720041e-02 3.214486671887742952e-01 6.075211461812653368e+00
2.848512922212723675e-01 -1.497963098239387877e-02 9.584546286086159661e-01 7.124921649290367753e+00 2.143136302728036041e-02 9.997274807884527492e-01 9.255313481763050715e-03 -1.318386481051340986e-01 -9.583321534892145221e-01 1.790460227014539774e-02 2.850946972130048995e-01 6.195855814967075048e+00
2.523059042147084430e-01 -1.476489188140614126e-02 9.675348315508943697e-01 7.657733255186827570e+00 2.199978552415839811e-02 9.997126576513117868e-01 9.519010540951474211e-03 -1.353751503765722730e-01 -9.673974467479625750e-01 1.888385743272893991e-02 2.525582290160442445e-01 6.312343535551232954e+00
2.261906840033275357e-01 -1.452461458667544600e-02 9.739747073524925858e-01 8.207625090776385690e+00 2.240807735935858649e-02 9.997018074233947615e-01 9.704344229460029267e-03 -1.392627314652440662e-01 -9.738253094950406474e-01 1.962986956391216120e-02 2.264487028156051684e-01 6.423377806721401129e+00
2.069313891715340858e-01 -1.441394731475503614e-02 9.782492310835522176e-01 8.820532142016956456e+00 2.288666797655699095e-02 9.996891598751559416e-01 9.888581853258410562e-03 -1.442587199228465566e-01 -9.780877681393774781e-01 2.034260862317982532e-02 2.071969523204016672e-01 6.542526742644287907e+00
1.910448584374173642e-01 -1.446958960346304487e-02 9.814746111312973031e-01 9.493406518592331977e+00 2.353098321863915030e-02 9.996715046877717725e-01 1.015753606144606698e-02 -1.503965261392150865e-01 -9.812992596437616344e-01 2.115451883786708884e-02 1.913225832634650736e-01 6.665568748201639693e+00
1.799535832583201989e-01 -1.450254983744519652e-02 9.835681485331321250e-01 1.016562031780404141e+01 2.388864097509312348e-02 9.996608490578321460e-01 1.036917009893861125e-02 -1.562465438752367874e-01 -9.833850329947270152e-01 2.163013834476141400e-02 1.802389965304162234e-01 6.783775690445388307e+00
1.673681653642494216e-01 -1.460575245447328502e-02 9.857862282031261136e-01 1.087355114547749935e+01 2.434158535179686833e-02 9.996466674388658769e-01 1.067836582329964937e-02 -1.620070661516780919e-01 -9.855939667050477304e-01 2.220838241434882135e-02 1.676645544014375433e-01 6.898081056479291817e+00
1.564857081721686416e-01 -1.468292244253625173e-02 9.875710369958566881e-01 1.157515500967759436e+01 2.469173939657515540e-02 9.996351438654116350e-01 1.094975574557125429e-02 -1.674008669670118410e-01 -9.873715735164438900e-01 2.267136770905880949e-02 1.567911587830633779e-01 7.004550822348152295e+00
1.470656377210757815e-01 -1.479398292247978940e-02 9.890160535617965598e-01 1.229586972586580274e+01 2.494433245142279806e-02 9.996256120361980413e-01 1.124348861334256884e-02 -1.726101097646564331e-01 -9.888121974132737524e-01 2.301681573548555737e-02 1.473796026294738604e-01 7.107841401271784321e+00
1.388120251866855059e-01 -1.492079305071345591e-02 9.902062963432197717e-01 1.302683278113234522e+01 2.511948071081702982e-02 9.996178327418322462e-01 1.154123692907490020e-02 -1.776167810312088147e-01 -9.900001600056791418e-01 2.327140681488438015e-02 1.391337768317794654e-01 7.207126682612104318e+00
1.249659440970436186e-01 -1.497329749788932352e-02 9.920479981184174845e-01 1.372993769111630158e+01 2.562780584631631220e-02 9.996012100050809535e-01 1.185902698689941977e-02 -1.825404550048885521e-01 -9.918300318765278512e-01 2.394204032356177236e-02 1.252998401700810283e-01 7.289185310945608620e+00
1.140838092350231342e-01 -1.515685990798326319e-02 9.933554606614997118e-01 1.451096795912670245e+01 2.588411868346000150e-02 9.995895317163372429e-01 1.227927035679172996e-02 -1.874887606003505236e-01 -9.931339188766579174e-01 2.431126605190098502e-02 1.144293018884740692e-01 7.374138540966249877e+00
1.018202484473232361e-01 -1.531546577267453406e-02 9.946848699098409519e-01 1.527787886313415378e+01 2.625100191729044796e-02 9.995746613945127867e-01 1.270358981472421642e-02 -1.921154721379058072e-01 -9.944564374871077694e-01 2.481799311829527288e-02 1.021789851622617873e-01 7.446946043287669958e+00
8.783901668722393641e-02 -1.547755188640593041e-02 9.960143920748488755e-01 1.612069583840700204e+01 2.641869655631173125e-02 9.995637737319166272e-01 1.320282973072181391e-02 -1.962212636551380895e-01 -9.957843360860422210e-01 2.515367977934004212e-02 8.820959422152374607e-02 7.516961754827947928e+00
6.677206755874498523e-02 -1.551625484070997402e-02 9.976475596328885365e-01 1.695053502510358712e+01 2.682205496884160559e-02 9.995456461164943240e-01 1.375058889898034785e-02 -2.000292552587705774e-01 -9.974077165392774003e-01 2.584080381887621236e-02 6.715790572227406385e-02 7.565558925852909233e+00
4.856472508894106588e-02 -1.559895236106702450e-02 9.986981808175063868e-01 1.775690315857649892e+01 2.730502396941052179e-02 9.995250876042478527e-01 1.428407905975872041e-02 -2.033122886384685635e-01 -9.984467877368725652e-01 2.657577679518148550e-02 4.896758933698843602e-02 7.597197587109024930e+00
3.104257679972178413e-02 -1.569274050689992497e-02 9.993948230741935834e-01 1.858455126349320352e+01 2.765376164900938682e-02 9.995074667269913116e-01 1.483554592221806613e-02 -2.061038473680787408e-01 -9.991354826983235293e-01 2.717649407280412627e-02 3.146124907216579780e-02 7.616366025839544029e+00
1.334944065883385614e-02 -1.577027476382060131e-02 9.997864806261861359e-01 1.941746998720577366e+01 2.797991416798562697e-02 9.994899752713654051e-01 1.539200229435199775e-02 -2.083350211107773131e-01 -9.995193853908821424e-01 2.776846672205637509e-02 1.378388151648189501e-02 7.621166829019784927e+00
-1.005903092962560225e-02 -1.570895131859326860e-02 9.998259652052363666e-01 2.027268171899959626e+01 2.822912271955619473e-02 9.994736209323756837e-01 1.598742288000314787e-02 -2.102963172737939979e-01 -9.995509078845783435e-01 2.838502929344929870e-02 -9.610287683605830272e-03 7.606730906012737492e+00
-3.553368813872530285e-02 -1.557440216345370304e-02 9.992470720700776798e-01 2.109345166843869990e+01 2.872923451130952877e-02 9.994493975573921496e-01 1.659918090493118711e-02 -2.122405550126141016e-01 -9.989554909517686099e-01 2.929743504665232798e-02 -3.506668408212595262e-02 7.569494658360672368e+00
-6.394570086185120961e-02 -1.541493279115698986e-02 9.978342765419444538e-01 2.197117511001360057e+01 2.872358874345770294e-02 9.994380129231325016e-01 1.728044483213118584e-02 -2.133758982091806811e-01 -9.975399677914543739e-01 2.976639301962892559e-02 -6.346699354318563469e-02 7.508158689992971091e+00
-1.009715021604199042e-01 -1.518759406550296114e-02 9.947733458300311860e-01 2.285437345077065174e+01 2.806076474629322012e-02 9.994422076390235832e-01 1.810709996649377193e-02 -2.137395066083570272e-01 -9.944935562054944000e-01 2.974240338317992588e-02 -1.004890070478106079e-01 7.413737978988452326e+00
-1.388716824615353895e-01 -1.514672871948627951e-02 9.901945010652971613e-01 2.369365025577139150e+01 2.762093994920465298e-02 9.994347943268878653e-01 1.916182561822171032e-02 -2.137845289498158385e-01 -9.899251601690587377e-01 3.001113928601893341e-02 -1.383748260314321965e-01 7.288672342108144520e+00
-1.751424398707535635e-01 -1.501567919392403187e-02 9.844285518241584487e-01 2.452095518835481158e+01 2.727808675813225142e-02 9.994258322634834713e-01 2.009755661186686526e-02 -2.128740483647880710e-01 -9.841651863658413824e-01 3.037326401828428432e-02 -1.746322812409077940e-01 7.134107822667894006e+00
-2.119344174486120780e-01 -1.483054402971118423e-02 9.771713142224726090e-01 2.525425175682859091e+01 2.756213244908221546e-02 9.993964122612878365e-01 2.114568533418748064e-02 -2.104768577813758423e-01 -9.768951901947936500e-01 3.141442518149725055e-02 -2.113977365110860929e-01 6.961644506818707612e+00
-2.517334371939608517e-01 -1.488634256035699377e-02 9.676820731397105524e-01 2.612920925339511058e+01 2.644280905034614854e-02 9.994026088042623490e-01 2.225316507475617878e-02 -2.082260989371956250e-01 -9.674353384065546013e-01 3.119009949230141729e-02 -2.511894186236093840e-01 6.727997397431467519e+00
-2.849251396703925132e-01 -1.460625420519005152e-02 9.584384408286482637e-01 2.694815530661185576e+01 2.603639426444709012e-02 9.993970479214332459e-01 2.297056310311442612e-02 -2.046790267190521373e-01 -9.581961432612317031e-01 3.149917350268392063e-02 -2.843730507402819629e-01 6.477868132840314708e+00
-3.142229340403804860e-01 -1.424436833140251338e-02 9.492423135671301804e-01 2.774167852633583209e+01 2.602932010302070817e-02 9.993822565789752810e-01 2.361312599099757784e-02 -2.009410516921923129e-01 -9.489923596584882715e-01 3.212791925129176301e-02 -3.136580551213873913e-01 6.207288729059686538e+00
-3.465589772157861570e-01 -1.391983188235844035e-02 9.379248581338209823e-01 2.851769712776887644e+01 2.579393159799369187e-02 9.993703728352248961e-01 2.436249124517729167e-02 -1.966936760643039350e-01 -9.376735162123261969e-01 3.263581117173106061e-02 -3.459817285149566768e-01 5.912028464010694151e+00
-3.769152631450886082e-01 -1.350613537250006622e-02 9.261492301263534177e-01 2.925196488558366781e+01 2.589603323386893349e-02 9.993491662167911516e-01 2.511253535010997059e-02 -1.918994668340613108e-01 -9.258857124909005698e-01 3.344889060905607142e-02 -3.763202000467827935e-01 5.602228366464550469e+00
-4.076956924931179893e-01 -1.313974303632412313e-02 9.130232742118067346e-01 3.001635156202372556e+01 2.559073970515851615e-02 9.993392842951803745e-01 2.580908544696498483e-02 -1.862501545258747893e-01 -9.127592273073441564e-01 3.388719541468152019e-02 -4.070900672011789068e-01 5.252860471406613385e+00
-4.312937042146356426e-01 -1.280335896577046613e-02 9.021206937451974328e-01 3.081052726210003101e+01 2.547985684878262963e-02 9.993276163022375425e-01 2.636460080651093982e-02 -1.792991054280483054e-01 -9.018517541849345731e-01 3.435679397725044382e-02 -4.306774829873309951e-01 4.867931052691631955e+00
-4.539869790134998806e-01 -1.241550756634347656e-02 8.909217760904691863e-01 3.156873539496266190e+01 2.548453265661009687e-02 9.993129012589038185e-01 2.691215259323392547e-02 -1.722240193045397327e-01 -8.906438281866572160e-01 3.492249345337580108e-02 -4.533586430885570562e-01 4.474709099285004932e+00
-4.783236219611946560e-01 -1.174295494191897847e-02 8.781050908933303312e-01 3.222353658051297742e+01 2.599644286801539028e-02 9.992830412733046952e-01 2.752432317789077140e-02 -1.659017898674585989e-01 -8.777988168804822244e-01 3.599314429509136576e-02 -4.776754099542249721e-01 4.104778970122699988e+00
-4.996263922220653408e-01 -1.113640736923147793e-02 8.661693745234988473e-01 3.288429144473829524e+01 2.648259506219602377e-02 9.992535989017846676e-01 2.812325061964978182e-02 -1.590171766706227618e-01 -8.658361299245355136e-01 3.698953256909657400e-02 -4.989585508943809589e-01 3.711762635067597405e+00
-5.266345160969135852e-01 -1.106677951725015124e-02 8.500197362166554971e-01 3.369452609660470443e+01 2.545173765304355878e-02 9.992617282667247691e-01 2.877859367829992826e-02 -1.484235690461743196e-01 -8.497107488588874213e-01 3.679028158826115613e-02 -5.259640492531724165e-01 3.209291365722990896e+00
-5.467663999558735055e-01 -1.055722306009740721e-02 8.372186033781262582e-01 3.438299057767771671e+01 2.556598785370111857e-02 9.992437516574130818e-01 2.929684318317200137e-02 -1.395760571678152928e-01 -8.368948222579905005e-01 3.742285163164278672e-02 -5.460830042181935573e-01 2.751054082811292378e+00
-5.643475156792192582e-01 -1.028215230836223432e-02 8.254732590699370709e-01 3.510025851890586068e+01 2.543537387640756875e-02 9.992311384801696450e-01 2.983577765529198123e-02 -1.292757241339136942e-01 -8.251454302155102338e-01 3.783396947678423911e-02 -5.636520814669753188e-01 2.254945028333410484e+00
-5.801655042025013476e-01 -9.934099962341501680e-03 8.144379936294610101e-01 3.576909521134822967e+01 2.551328124901664982e-02 9.992132921635663578e-01 3.036229938469334547e-02 -1.192235428100789918e-01 -8.140989598217200918e-01 3.839414583456962626e-02 -5.794556332153163458e-01 1.770151157971568079e+00
-5.928534373296854287e-01 -9.517512564979490816e-03 8.052540991032055562e-01 3.637064780953532761e+01 2.579163791996475288e-02 9.991928009822935719e-01 3.079834181978137464e-02 -1.101724529637907735e-01 -8.048972904405006235e-01 3.902772648708738995e-02 -5.921294156130859632e-01 1.318235763040599862e+00
-6.088070794050653989e-01 -8.958593821990481695e-03 7.932676916381928844e-01 3.698420576543166050e+01 2.613868158993376545e-02 9.991668001042458558e-01 3.134445524119808257e-02 -1.002824207076500607e-01 -7.928876103588430313e-01 3.981769938222211314e-02 -6.080656567938437229e-01 8.358385240707006947e-01
-6.132981468474097975e-01 -9.150839512870831763e-03 7.897984506237379909e-01 3.762818139184262378e+01 2.597332050362219369e-02 9.991584515778428877e-01 3.174547592885389874e-02 -8.918057591595814071e-02 -7.894243614822832322e-01 3.998313137395189537e-02 -6.125443502820361319e-01 3.345311005535894222e-01
-6.202899847523062338e-01 -9.060617627675413358e-03 7.843202076629414154e-01 3.821818166425066465e+01 2.598464337469256688e-02 9.991470667387881699e-01 3.209263645891185374e-02 -7.887336191498760252e-02 -7.839420802579527559e-01 4.028702339403546218e-02 -6.195254830764774789e-01 -1.364170931031103706e-01
-6.283361592753350378e-01 -9.028558534268451424e-03 7.778895198260766808e-01 3.884925585239613355e+01 2.591828749131993084e-02 9.991345878783735035e-01 3.253179455306904472e-02 -6.731191744178377512e-02 -7.775101057543249983e-01 4.060246858295146061e-02 -6.275583859626472361e-01 -6.505299993195303720e-01
-6.284611665236750078e-01 -8.929150863819583853e-03 7.777896768581861187e-01 3.947618494912427423e+01 2.595479536716345514e-02 9.991365611322355900e-01 3.244196024750817253e-02 -5.561020267260875782e-02 -7.774078479055910318e-01 4.057588561014045803e-02 -6.276867756337213278e-01 -1.155803837267161516e+00
-6.300496739756137332e-01 -8.681117645024515050e-03 7.765062753633164006e-01 4.008749089717178293e+01 2.606572314030441984e-02 9.991376406195328075e-01 3.231954753975460615e-02 -4.434533068767917974e-02 -7.761172833061329435e-01 4.060311950732060915e-02 -6.292800663096294045e-01 -1.652218250512889730e+00
-6.297275418052730167e-01 -8.722447620311405900e-03 7.767670764934418992e-01 4.073629271313539135e+01 2.605310392440477948e-02 9.991372816162749082e-01 3.234081382805842342e-02 -3.256478603176192477e-02 -7.763791019523585968e-01 4.060309608761684952e-02 -6.289570186339040747e-01 -2.176787225718721075e+00
-6.292893679917118677e-01 -8.783161001185812999e-03 7.771214168286230128e-01 4.136981324080482381e+01 2.601741331006100083e-02 9.991375729783312787e-01 3.236053841097503991e-02 -2.103648413241872295e-02 -7.767354998097507623e-01 4.058283338490435710e-02 -6.285181378969241228e-01 -2.688175724449853643e+00
-6.294046469484435580e-01 -8.683854869036158539e-03 7.770291694363188340e-01 4.199197945237364138e+01 2.604125768289256709e-02 9.991402065095971174e-01 3.225989170872585465e-02 -9.539269844961326128e-03 -7.766412906954482942e-01 4.053934410559912466e-02 -6.286373516182551802e-01 -3.190777381272980939e+00
-6.288628298947694928e-01 -8.764619964253298270e-03 7.774668299334542843e-01 4.261265663905739132e+01 2.596654154911821541e-02 9.991419228198544777e-01 3.226696084982538792e-02 1.676744094650392536e-03 -7.770825767380400428e-01 4.047961857951899028e-02 -6.280956313736125729e-01 -3.690911921358782877e+00
-6.287122531530038305e-01 -8.746459614517225131e-03 7.775888059872698710e-01 4.324906145843188909e+01 2.597414344284078996e-02 9.991426055422629737e-01 3.223969046597472549e-02 1.323261281426031666e-02 -7.772041545159485976e-01 4.046669314476496887e-02 -6.279460181462628299e-01 -4.204111195789301370e+00
-6.280903273061784198e-01 -8.889722029478901166e-03 7.780896237182715058e-01 4.392617559100224867e+01 2.593164408327893605e-02 9.991402149686112732e-01 3.234780743892015642e-02 2.558594652656621948e-02 -7.777082626764217910e-01 4.049448967481857065e-02 -6.273197807287675953e-01 -4.748837793460146450e+00
-6.263866524152025272e-01 -9.019964289517515971e-03 7.794602944934380107e-01 4.461688012553491234e+01 2.602570238367439906e-02 9.991335878970675211e-01 3.247670441795714319e-02 3.828615628213813404e-02 -7.790779652437818115e-01 4.062897733568525405e-02 -6.256091937264611769e-01 -5.300644942250786862e+00
-6.252849310451067399e-01 -9.192544251273866707e-03 7.803423612706976709e-01 4.530612504771516313e+01 2.602563421703171093e-02 9.991287875070629099e-01 3.262410637162491828e-02 5.110869704960055437e-02 -7.799624817422340373e-01 4.070826849328591790e-02 -6.245009344028162879e-01 -5.850435620297127493e+00
-6.236849788322244015e-01 -9.336364718914908281e-03 7.816200022773304168e-01 4.600225142358228680e+01 2.610387986385640305e-02 9.991221782764153625e-01 3.276370416286303322e-02 6.416806874651015402e-02 -7.812398392033568228e-01 4.083754631131221446e-02 -6.228937804635925612e-01 -6.402741163920458334e+00
-6.229753168003568931e-01 -9.502533175305052232e-03 7.821837411589275257e-01 4.668367000101780917e+01 2.605836454858675641e-02 9.991191387059512596e-01 3.289237429099075433e-02 7.701008262121709913e-02 -7.818073727544151419e-01 4.087356790199430517e-02 -6.221789426813334467e-01 -6.943524406752551670e+00
-6.226097687418122861e-01 -9.627663479109279873e-03 7.824732150926736463e-01 4.749343128529575608e+01 2.603377911996196045e-02 9.991159595630652035e-01 3.300820608380702209e-02 9.254347210433587489e-02 -7.820993351546406958e-01 4.092196794334707760e-02 -6.218087132641116899e-01 -7.584479254581457219e+00
-6.224920089866460282e-01 -9.701481976946207605e-03 7.825659897779299046e-01 4.830611529724968278e+01 2.603922604911259459e-02 9.991128167229551549e-01 3.309891454914730413e-02 1.082937853040367021e-01 -7.821928849742239009e-01 4.098122405836007731e-02 -6.216871266028664023e-01 -8.227387948807967533e+00
-6.213559828559723774e-01 -9.889538075821290020e-03 7.834659455577112075e-01 4.902185346981155334e+01 2.602862844948577656e-02 9.991079268255390611e-01 3.325448891233732246e-02 1.222267663760049083e-01 -7.830959743478930202e-01 4.105542118371780652e-02 -6.205442779400386355e-01 -8.792084292414251934e+00
-6.207805461414517278e-01 -1.006481785530177232e-02 7.839197415275064307e-01 4.985827020331379344e+01 2.599096558649571093e-02 9.991037309053585336e-01 3.340964794783244513e-02 1.385261543545754370e-01 -7.835534667594339364e-01 4.111489206717943573e-02 -6.199625665898492732e-01 -9.451058491766085368e+00
-6.203031830512587552e-01 -1.020762916820869282e-02 7.842956799167071225e-01 5.058965519820700507e+01 2.594300805035062649e-02 9.991012214844887662e-01 3.352177707671404050e-02 1.531752323382595815e-01 -7.839330159590762737e-01 4.114065570416092915e-02 -6.194808524730889276e-01 -1.002673694087025957e+01
-6.203820454367626747e-01 -1.022827508667737383e-02 7.842330318403073486e-01 5.133482437031109669e+01 2.594973543844611430e-02 9.990998082731947783e-01 3.355866975877704050e-02 1.683329097906541283e-01 -7.838703853335509120e-01 4.116983742998466672e-02 -6.195581628209611003e-01 -1.061338985817108771e+01
-6.201185291782699283e-01 -1.032358487297457134e-02 7.844401707450965322e-01 5.210497518203568745e+01 2.593337097200817953e-02 9.990971777874768645e-01 3.364951089997741951e-02 1.838811801341022067e-01 -7.840794106085147153e-01 4.120986470570608962e-02 -6.192909482412259914e-01 -1.121901317699242462e+01
-6.200358529937274321e-01 -1.038275150535224352e-02 7.845047403160231303e-01 5.289673655843448330e+01 2.594343234722557706e-02 9.990942945177274659e-01 3.372727318888434772e-02 1.999253464256505464e-01 -7.841444582661145635e-01 4.126486580403113807e-02 -6.192049201130750413e-01 -1.184125292644753635e+01
-6.199961260910692440e-01 -1.040402056930949184e-02 7.845358551963687033e-01 5.360882366075408356e+01 2.594320935394196781e-02 9.990934814709866441e-01 3.375152066431987008e-02 2.144519724529668214e-01 -7.841758767226520987e-01 4.127919154565793530e-02 -6.191641756330134028e-01 -1.240175887476667249e+01
-6.200291128053108114e-01 -1.044198982023516846e-02 7.845092811602126792e-01 5.441379700925701712e+01 2.596462778097329352e-02 9.990906432048455299e-01 3.381899970754008444e-02 2.308465891550513516e-01 -7.841490862634428183e-01 4.133825740890993694e-02 -6.191941639412873455e-01 -1.303430738892212837e+01
-6.200520286648212309e-01 -1.047819046180056661e-02 7.844906866112048016e-01 5.520604519204002969e+01 2.598831664677902706e-02 9.990877791974152045e-01 3.388534834831576081e-02 2.470825369978297270e-01 -7.841301813179882840e-01 4.139827290492176237e-02 -6.192140949758284663e-01 -1.365690676219738542e+01
-6.211546885461826095e-01 -1.031694147318629184e-02 7.836200366487814373e-01 5.587621834747847771e+01 2.607249223039901156e-02 9.990877765079673178e-01 3.382070309660540480e-02 2.610661256114288897e-01 -7.832541924796420085e-01 4.143881716496931183e-02 -6.203190694712176212e-01 -1.418696987223426653e+01
-6.215781369890129859e-01 -1.026035601420230599e-02 7.832849372851108383e-01 5.662109062822812433e+01 2.611801523906035274e-02 9.990868413057714115e-01 3.381320432033367573e-02 2.765581890960875366e-01 -7.829166755430727598e-01 4.147539802550676002e-02 -6.207425585743435725e-01 -1.477518347832602252e+01
-6.245077527404997442e-01 -1.077103500721362725e-02 7.809443002832374692e-01 5.743312746047273265e+01 2.570304155340933164e-02 9.990798447368818280e-01 3.433391138109590651e-02 2.937127990393811339e-01 -7.805955880346325815e-01 4.151443918984142056e-02 -6.236562614810026162e-01 -1.541963760789010074e+01
-6.270014920729869434e-01 -1.114927358287433508e-02 7.789382334126379037e-01 5.818257477983464554e+01 2.538914097282885321e-02 9.990739373571480009e-01 3.473700028069446472e-02 3.102013693657168503e-01 -7.786042459630063695e-01 4.155672517245094510e-02 -6.261377801287595357e-01 -1.601904290508688433e+01
-6.288804538040809744e-01 -1.138520475058487670e-02 7.774186137274352593e-01 5.891543682148230232e+01 2.519025589297550424e-02 9.990694945624568613e-01 3.500851348148785458e-02 3.266848215437994640e-01 -7.770938662763545723e-01 4.159954520996315963e-02 -6.280084820921926214e-01 -1.660844225326845347e+01
-6.290633766155384610e-01 -1.138968799165085595e-02 7.772705399420477557e-01 5.971920394530923204e+01 2.523239730273077464e-02 9.990665927695109305e-01 3.506093711941739993e-02 3.444932868346632926e-01 -7.769444288241675878e-01 4.166795211737607529e-02 -6.281888163695867888e-01 -1.725510815552657817e+01
-6.314984372660950029e-01 -1.179426986979128546e-02 7.752874100875277730e-01 6.050363314850665830e+01 2.490429197243017659e-02 9.990598934398652320e-01 3.548387709247074334e-02 3.624211427622598403e-01 -7.749771292532245948e-01 4.171599850542476173e-02 -6.306110346898015084e-01 -1.788951345072086241e+01
-6.342142092914486717e-01 -1.225407908253910161e-02 7.730602330213678375e-01 6.126732559064402750e+01 2.452040013133301860e-02 9.990526254249200155e-01 3.595276873719484290e-02 3.805117541873168641e-01 -7.727684888197939861e-01 4.175750458542443894e-02 -6.333128971363879423e-01 -1.851169282668512039e+01
-6.357250357220624037e-01 -1.221648233318110149e-02 7.718188817835002213e-01 6.193691380556606418e+01 2.450724693126394085e-02 9.990512808307371317e-01 3.599907067021455159e-02 3.965597935090965920e-01 -7.715264896579374643e-01 4.180066795939698515e-02 -6.348225200275419144e-01 -1.906167788336034619e+01
-6.403839656244495471e-01 -1.260220743377397402e-02 7.679515031577015538e-01 6.271676566624816473e+01 2.406761986734658534e-02 9.990451021504574980e-01 3.646414009017021063e-02 4.157393165216684561e-01 -7.676777814828128488e-01 4.183381703615633718e-02 -6.394691603912752154e-01 -1.970773909779996202e+01
-6.408114995453649820e-01 -1.254568607235430171e-02 7.675957126774529682e-01 6.346499285323518791e+01 2.411737929921266288e-02 9.990439655057530288e-01 3.646240490930231087e-02 4.341504373843263487e-01 -7.673193754603968575e-01 4.187792686618505705e-02 -6.398962937538572593e-01 -2.032902986009167989e+01
-6.441712499324658836e-01 -1.293036588641986208e-02 7.647719640982215683e-01 6.414298335875606938e+01 2.376898352350382410e-02 9.990358083036720016e-01 3.691191023966248347e-02 4.511164649956620476e-01 -7.645119264651090152e-01 4.195544511835076068e-02 -6.432428048801793752e-01 -2.089819168373697167e+01
-6.505114811548503573e-01 -1.323559530500044781e-02 7.593810527461871684e-01 6.487134006123680763e+01 2.330261492570339862e-02 9.990296023668376879e-01 3.737434546912463823e-02 4.702010921096019258e-01 -7.591388870666267996e-01 4.200800662734795188e-02 -6.495718035358385434e-01 -2.152013753026204412e+01
-6.523364492352166089e-01 -1.351364760234504553e-02 7.578090062115796499e-01 6.564483692751862520e+01 2.308500694505853656e-02 9.990229045576981548e-01 3.768711436962412370e-02 4.904323004096144967e-01 -7.575779089216314599e-01 4.207870608666144235e-02 -6.513870927760080365e-01 -2.218133832200126321e+01
-6.531523621235350019e-01 -1.354855364993412352e-02 7.571052636218776888e-01 6.639055115841378552e+01 2.305797680429533605e-02 9.990204091843962741e-01 3.776971941419869638e-02 5.102626366854673412e-01 -7.568753993231014388e-01 4.212669860501851160e-02 -6.522001389924793058e-01 -2.282091470305257630e+01
-6.543057209795771767e-01 -1.353049640817292204e-02 7.561090536059575928e-01 6.707107082371537388e+01 2.303716459904408403e-02 9.990192609383204969e-01 3.781276619455069266e-02 5.285819247356333683e-01 -7.558791973293024213e-01 4.215971951569907200e-02 -6.533523146862065811e-01 -2.340739566620644396e+01
-6.585921180857391422e-01 -1.393634608356591684e-02 7.523710205161689979e-01 6.777173300875320194e+01 2.260085449118564779e-02 9.990110994079658413e-01 3.828870068822597117e-02 5.478993107810793406e-01 -7.521606685481712073e-01 4.222086598757297804e-02 -6.576258637728858991e-01 -2.401804034394826104e+01
-6.593853496993806740e-01 -1.393122977833272276e-02 7.516760165032206897e-01 6.847367376786957038e+01 2.258605266262052672e-02 9.990099215457963755e-01 3.832814687063029052e-02 5.673521430492391993e-01 -7.514658200328143689e-01 4.225041416615016310e-02 -6.584178561337372670e-01 -2.463074275498852117e+01
-6.622514799273382380e-01 -1.422463872726125074e-02 7.491465742125178462e-01 6.913424669489477026e+01 2.230452377927350308e-02 9.990024445520502283e-01 3.868622443986895892e-02 5.858285229935464855e-01 -7.489496198569476348e-01 4.232936851120652766e-02 -6.612735747105420447e-01 -2.521267400802825875e+01
-6.620397215580463568e-01 -1.431286926171607479e-02 7.493320368811082766e-01 6.985121020021949789e+01 2.227967333436948680e-02 9.989999077365755431e-01 3.876597040794222543e-02 6.059442527446941007e-01 -7.491375513149139964e-01 4.235948680070804329e-02 -6.610587358507542532e-01 -2.584281338500684910e+01
-6.616542761332097067e-01 -1.443454741734440626e-02 7.496700709752185388e-01 7.054748495398384023e+01 2.223821661795789481e-02 9.989970794888620720e-01 3.886253796919415110e-02 6.255008023029807740e-01 -7.494792380007949673e-01 4.238489140511703113e-02 -6.606696920446085697e-01 -2.645432185641134382e+01
-6.609904816094629432e-01 -1.460311532442397364e-02 7.502521474617400710e-01 7.121128750207397218e+01 2.219725689380001518e-02 9.989925946828206449e-01 3.900099380819670863e-02 6.440348208994630674e-01 -7.500659388883956780e-01 4.243282688043333722e-02 -6.600004483307349012e-01 -2.703677442097740169e+01
-6.582887433455079096e-01 -1.463801604672011411e-02 7.526231534421216063e-01 7.184302305869341865e+01 2.246549185456145348e-02 9.989835419503274583e-01 3.907920868047714408e-02 6.611379572679844108e-01 -7.524302492820262867e-01 4.263345404969837854e-02 -6.572907713760540727e-01 -2.758454260608294817e+01
-6.564957324255568105e-01 -1.475374971807484961e-02 7.541854096996933876e-01 7.251218585770500624e+01 2.259825772041416936e-02 9.989752828978739618e-01 3.921355467252170962e-02 6.798170168006376635e-01 -7.539911937342512749e-01 4.278680911065758929e-02 -6.554896021379856830e-01 -2.816321366828345774e+01
-6.552639952832521875e-01 -1.486950974304496187e-02 7.552535640808802908e-01 7.315471330235362757e+01 2.264407678428133341e-02 9.989702970208365063e-01 3.931401047371378688e-02 6.975944435800534027e-01 -7.550605211389779248e-01 4.286307683018320686e-02 -6.542525628318315301e-01 -2.871791629260605916e+01
-6.529365938649795975e-01 -1.497825672706129888e-02 7.572644239974941627e-01 7.388728511202806715e+01 2.285163718409418190e-02 9.989597263203837674e-01 3.946223296762207261e-02 7.182514912164312815e-01 -7.570678012161727866e-01 4.307106941537620914e-02 -6.519150845836588770e-01 -2.934424136504424041e+01
-6.500618511479157036e-01 -1.506426017213254552e-02 7.597319323731106522e-01 7.463064648366399467e+01 2.314236237398663645e-02 9.989472173213459483e-01 3.960919126596094963e-02 7.392032014256912920e-01 -7.595288471359533666e-01 4.333041745544106288e-02 -6.490288558870720426e-01 -2.997442963185513420e+01
-6.484462052782212771e-01 -1.515905332888930514e-02 7.611095013895513572e-01 7.528298738623854547e+01 2.324476067146313829e-02 9.989412385462274058e-01 3.969991178964343836e-02 7.574459794423251680e-01 -7.609055454029958199e-01 4.343506693014777265e-02 -6.474072880306022126e-01 -3.052690171994872514e+01
-6.464953399710868798e-01 -1.523841285125687554e-02 7.627657026239930138e-01 7.594237827104672078e+01 2.340450084984425569e-02 9.989337875910953013e-01 3.979343302612685374e-02 7.759532243302433852e-01 -7.625588856034573038e-01 4.357842112793521711e-02 -6.454493923393341825e-01 -3.108198444092406376e+01
-6.395496613918858486e-01 -1.539637660185544030e-02 7.685955583915522471e-01 7.656103290245776805e+01 2.367038004724235714e-02 9.989309788977212001e-01 3.970657968808905675e-02 7.930200792360294626e-01 -7.683853159428012392e-01 4.358728014865043826e-02 -6.385015323998703973e-01 -3.158922984515848853e+01
-6.310754782462196788e-01 -1.554069768379184695e-02 7.755657140028955343e-01 7.716226250470840853e+01 2.392480839572883392e-02 9.989337376145732694e-01 3.948406467199835207e-02 8.093528328657683124e-01 -7.753524329235305101e-01 4.347268768930544897e-02 -6.300307791751390551e-01 -3.207026941375706741e+01
-6.221866711188606125e-01 -1.577003853224286448e-02 7.827100360239189758e-01 7.779471981810802106e+01 2.419946638903559474e-02 9.989319013771577049e-01 3.936295469783596818e-02 8.262124477420611512e-01 -7.824948459847325122e-01 4.343227255010405352e-02 -6.211404890739778972e-01 -3.256548720102381367e+01
-6.123163365212430653e-01 -1.594888743165840880e-02 7.904519494070906260e-01 7.840551464338267351e+01 2.447661940407553152e-02 9.989348488102507417e-01 3.911601846914721653e-02 8.421887200917965721e-01 -7.902339223620180597e-01 4.329897024639833142e-02 -6.112737534102778980e-01 -3.303039800395581693e+01
-6.046102816159603099e-01 -1.609451116272259813e-02 7.963587888548488980e-01 7.903772813441452172e+01 2.473656999657537769e-02 9.989341898157124700e-01 3.896904526133540547e-02 8.584728711198972295e-01 -7.961372765940720742e-01 4.326027195158466121e-02 -6.035677600383685393e-01 -3.350281240621816181e+01
-5.938323837685683948e-01 -1.630688592020415606e-02 8.044234773356313539e-01 7.967431202957781977e+01 2.507337382928752009e-02 9.989339534287237088e-01 3.875929023512484500e-02 8.744372199730896522e-01 -8.041980357638679466e-01 4.318613388116452484e-02 -5.927904633776449606e-01 -3.396490636346209868e+01
-5.834443278008513145e-01 -1.655534391955026940e-02 8.119843479737286485e-01 8.033013302001228340e+01 2.537585248050314851e-02 9.989324608074328093e-01 3.860058062160773990e-02 8.906212233290197178e-01 -8.117566373787894474e-01 4.312608645180579514e-02 -5.824013733931389103e-01 -3.442884713493882742e+01
-5.719708533399676664e-01 -1.686834211182483209e-02 8.201004482826528275e-01 8.101290156273456944e+01 2.573819232069331220e-02 9.989271720590745529e-01 3.849740701868943626e-02 9.071053784266787101e-01 -8.198700783575991746e-01 4.312729941751696633e-02 -5.709230676501074742e-01 -3.489801802448964452e+01
-5.626548138550153677e-01 -1.716080490117874446e-02 8.265137685797286915e-01 8.170612554917308046e+01 2.602838788609784099e-02 9.989211137924955963e-01 3.845947754762419485e-02 9.236761860153721582e-01 -8.262821197253826799e-01 4.315223276094754673e-02 -5.616011065165893434e-01 -3.536334647215225857e+01
