0.000000000000000000e+00 9.999900980903666525e-01 -4.413477664887964849e-03 -5.700328379155867892e-04 2.217665511659067112e-01 4.413540735623845343e-03 9.999902542943955863e-01 1.094335420831510526e-04 2.626817956655338755e-03 5.695443000820500905e-04 -1.119483214658005728e-04 9.999998315434287521e-01 3.333999472780293464e-03 9.999795556068420410e-01 -6.385928951203823090e-03 2.609402872622013092e-04 9.155806899070739746e-02 6.385809276252985001e-03 9.999794960021972656e-01 4.604047862812876701e-04 2.320159226655960083e-03 -2.638755249790847301e-04 -4.587290459312498569e-04 9.999998211860656738e-01 1.529485452920198441e-03 5.836202392578125000e+02
1.038750000000000000e+05 9.999534257982772845e-01 -9.638095152439015573e-03 -5.033422773482863115e-04 2.841422679372172522e-01 9.638317232013419306e-03 9.999534532435528922e-01 4.406637682825895034e-04 7.688524705277538160e-03 4.990716889463766388e-04 -4.454946174033777725e-04 9.999997762309661420e-01 3.656271003216427559e-03 9.999752640724182129e-01 -7.028209511190652847e-03 -1.647270255489274859e-04 9.421081840991973877e-02 7.028292864561080933e-03 9.999752044677734375e-01 5.141666624695062637e-04 2.317378995940089226e-03 1.611095358384773135e-04 -5.153120146133005619e-04 9.999998807907104492e-01 1.760457060299813747e-03 5.072496032714843750e+01
2.078940000000000000e+05 9.999470310111439053e-01 -1.028453230770827627e-02 -4.044307339307911977e-04 2.640179511033116655e-01 1.028474602130428732e-02 9.999469701686382050e-01 5.299498493016715703e-04 8.273719612454839140e-03 3.989590005360518885e-04 -5.340812458923616460e-04 9.999997777944383825e-01 2.956404051576406056e-03 9.999715089797973633e-01 -7.520209532231092453e-03 -6.863341550342738628e-04 9.776867926120758057e-02 7.520406972616910934e-03 9.999716281890869141e-01 2.858361112885177135e-04 3.525230567902326584e-03 6.841645808890461922e-04 -2.909884788095951080e-04 9.999997019767761230e-01 1.712060184217989445e-03 5.183353424072265625e+01
3.117500000000000000e+05 9.999957557678867959e-01 -2.860833771678905364e-03 -5.514309958800907383e-04 2.454219516393950085e-01 2.860827064411776508e-03 9.999959077419096065e-01 -1.295177632941430099e-05 1.420911579023794368e-03 5.514657921620845244e-04 1.137417260464819664e-05 9.999998478780389721e-01 3.801488813974210519e-03 9.999570250511169434e-01 -9.145541116595268250e-03 -1.476999255828559399e-03 1.039242595434188843e-01 9.146448224782943726e-03 9.999579787254333496e-01 6.110390531830489635e-04 5.731394048780202866e-03 1.471350085921585560e-03 -6.245219847187399864e-04 9.999987483024597168e-01 -1.260527060367166996e-03 5.433004760742187500e+01
4.156220000000000000e+05 9.998355689757588705e-01 -1.813277616408858275e-02 -1.934847490338027895e-04 2.983684429810916638e-01 1.813291911614748134e-02 9.998352927546312330e-01 7.645936353841347810e-04 1.586925011025834206e-02 1.795886753135225256e-04 -7.679763558064370147e-04 9.999996889800609745e-01 2.689238411281281646e-03 9.999343752861022949e-01 -1.130468398332595825e-02 -1.863608020357787609e-03 1.140498518943786621e-01 1.130505744367837906e-02 9.999360442161560059e-01 1.882950164144858718e-04 6.707527674734592438e-03 1.861360738985240459e-03 -2.093524817610159516e-04 9.999982714653015137e-01 -8.837897912599146366e-04 5.420953750610351562e+01
5.194990000000000000e+05 9.998783620397297955e-01 -1.559576644805821949e-02 -1.821593013305179264e-04 2.618871738054146525e-01 1.559591029869440010e-02 9.998780426480683436e-01 8.169458725127330895e-04 1.325872738674951576e-02 1.693961880257470877e-04 -8.196874411378760527e-04 9.999996497086370839e-01 2.075590002887043890e-03 9.999082088470458984e-01 -1.351376995444297791e-02 -1.069227699190378189e-03 1.273107379674911499e-01 1.351364143192768097e-02 9.999086260795593262e-01 -1.319263683399185538e-04 7.248097099363803864e-03 1.070910831913352013e-03 1.174664284917525947e-04 9.999993443489074707e-01 -7.473326986655592918e-04 5.376761627197265625e+01
6.233770000000000000e+05 9.997606458684293873e-01 -2.187803050763314702e-02 5.279907810551963138e-05 3.037246225799730137e-01 2.187797526113311256e-02 9.997602568476522400e-01 8.849069664764287009e-04 1.847536789157567388e-02 -7.214644012720490118e-05 -8.835400235101292148e-04 9.999996070759096245e-01 3.692485906864914885e-03 9.998703002929687500e-01 -1.610431075096130371e-02 -1.502521336078643799e-04 1.400279700756072998e-01 1.610430143773555756e-02 9.998703598976135254e-01 -2.664368003024719656e-05 9.459931403398513794e-03 1.506639964645728469e-04 2.421790486550889909e-05 1.000000119209289551e+00 -4.982291138730943203e-04 5.156895828247070312e+01
7.271220000000000000e+05 9.998040092809646895e-01 -1.979711908237867524e-02 -1.308062665931423855e-04 3.206024933079407169e-01 1.979720930733487594e-02 9.998037504226612304e-01 7.288024194232159587e-04 1.708576152104224893e-02 1.163524079483956183e-04 -7.312491798981929185e-04 9.999997258683454016e-01 3.905558514855130697e-03 9.998261928558349609e-01 -1.864295080304145813e-02 -2.044563443632796407e-04 1.537104099988937378e-01 1.864266395568847656e-02 9.998252987861633301e-01 -1.353333238512277603e-03 8.814394474029541016e-03 2.296494785696268082e-04 1.349287573248147964e-03 9.999990463256835938e-01 -2.443275880068540573e-04 5.385110473632812500e+01
8.308740000000000000e+05 9.997668047756873566e-01 -2.159480843238954784e-02 -1.768434973288611993e-05 3.285322274264653175e-01 2.159481566186008394e-02 9.997664957719337719e-01 7.860431205927846145e-04 1.840097066162173570e-02 7.057695845664624677e-07 -7.862417093655179549e-04 9.999996909116872779e-01 4.334846711738477021e-03 9.997990131378173828e-01 -2.004464715719223022e-02 -2.216273423982784152e-04 1.649828106164932251e-01 2.004429697990417480e-02 9.997980594635009766e-01 -1.479302067309617996e-03 1.067213620990514755e-02 2.512347418814897537e-04 1.474564196541905403e-03 9.999988675117492676e-01 -1.080317524611018598e-04 4.891868972778320312e+01
9.346220000000000000e+05 9.995607293917133651e-01 -2.963552542310728469e-02 2.897225884808708740e-04 3.408799638078814365e-01 2.963516248802848183e-02 9.995600789852157053e-01 1.185618751993839639e-03 2.496366112257279030e-02 -3.247315661648320084e-04 -1.176511969038828440e-03 9.999992551842619148e-01 4.916557291496450460e-03 9.997520446777343750e-01 -2.226583659648895264e-02 -3.913249820470809937e-04 1.728546917438507080e-01 2.226582355797290802e-02 9.997521042823791504e-01 -2.176898415200412273e-04 1.348628941923379898e-02 3.960763569921255112e-04 2.089226909447461367e-04 9.999998807907104492e-01 2.230941550806164742e-03 5.969209671020507812e+01
1.038404000000000000e+06 9.995851227099711300e-01 -2.880086827910845193e-02 3.040574077969943534e-04 3.575772606394113651e-01 2.880052908265468697e-02 9.995846097623266591e-01 1.066517000161656395e-03 2.387470042855462798e-02 -3.346477206753131371e-04 -1.057317512347574632e-03 9.999993850451071031e-01 5.047510250052605202e-03 9.997014999389648438e-01 -2.438680827617645264e-02 -1.480627339333295822e-03 1.794411092996597290e-01 2.439166046679019928e-02 9.996965527534484863e-01 3.422292415052652359e-03 1.932529173791408539e-02 1.396718318574130535e-03 -3.457386977970600128e-03 9.999930262565612793e-01 4.334760364145040512e-03 5.098406219482421875e+01
1.142127000000000000e+06 9.995838357102526661e-01 -2.884547764371319864e-02 3.062651848447355560e-04 3.640152383179095508e-01 2.884514032245927631e-02 9.995833367288203819e-01 1.053947780788435382e-03 2.384378117126335211e-02 -3.365392028274611638e-04 -1.044674903037832439e-03 9.999993976976688792e-01 5.031151542109591791e-03 9.996657967567443848e-01 -2.576352842152118683e-02 -2.110270317643880844e-03 1.857839226722717285e-01 2.577298134565353394e-02 9.996575713157653809e-01 4.543483257293701172e-03 2.366738021373748779e-02 1.992494333535432816e-03 -4.596355371177196503e-03 9.999875426292419434e-01 5.897333379834890366e-03 5.353340911865234375e+01
1.245873000000000000e+06 9.995669345726005961e-01 -2.942545560572991381e-02 2.931331041348619209e-04 3.627545155218967476e-01 2.942511579181054243e-02 9.995663790147658601e-01 1.102977563832655038e-03 2.447303144608501541e-02 -3.254616107370508099e-04 -1.093874427434155883e-03 9.999993487565681516e-01 5.014352101616791069e-03 9.996259212493896484e-01 -2.732755430042743683e-02 -1.160088344477117062e-03 1.938670724630355835e-01 2.733149752020835876e-02 9.996200203895568848e-01 3.575948299840092659e-03 2.432418800890445709e-02 1.061923685483634472e-03 -3.606318961828947067e-03 9.999928474426269531e-01 5.624613258987665176e-03 5.509449768066406250e+01
1.349627000000000000e+06 9.994453831941599864e-01 -3.330016310672319346e-02 1.587530078848772971e-04 4.345178341389774324e-01 3.329996938041537846e-02 9.994447999170555930e-01 1.097274646398891740e-03 2.849245375149836099e-02 -1.952042911391805094e-04 -1.091379609422477069e-03 9.999993853927572340e-01 4.781532936864246568e-03 9.995445609092712402e-01 -3.016305342316627502e-02 -9.368516621179878712e-04 2.020513713359832764e-01 3.016378358006477356e-02 9.995447397232055664e-01 7.500867359340190887e-04 2.327476069331169128e-02 9.138025925494730473e-04 -7.779960287734866142e-04 9.999993443489074707e-01 1.218547695316374302e-03 5.233663940429687500e+01
1.453253000000000000e+06 9.994089740579127357e-01 -3.437473525844732258e-02 2.832758070840115348e-04 3.222119251254108585e-01 3.437433689420915650e-02 9.994081718384552060e-01 1.308098808417016432e-03 2.965649852420823226e-02 -3.280737030480306146e-04 -1.297588270920120882e-03 9.999991043158344972e-01 5.036032210231381964e-03 9.994937181472778320e-01 -3.181681409478187561e-02 -7.821354665793478489e-05 2.087318003177642822e-01 3.181682527065277100e-02 9.994922876358032227e-01 1.664368668571114540e-03 2.651835419237613678e-02 2.521707574487663805e-05 -1.666016178205609322e-03 9.999985694885253906e-01 2.775442553684115410e-04 5.389516830444335938e+01
1.556997000000000000e+06 9.993988407289164932e-01 -3.466795986643163296e-02 2.996934026494313939e-04 3.077430905552306362e-01 3.466753631275903969e-02 9.993980303515881403e-01 1.318697559361515625e-03 2.987836420045283242e-02 -3.452295463006769074e-04 -1.307515181180945660e-03 9.999990856099695291e-01 4.959953941204861029e-03 9.994471073150634766e-01 -3.324704617261886597e-02 3.413386584725230932e-04 2.148822993040084839e-01 3.324626013636589050e-02 9.994451999664306641e-01 2.026610542088747025e-03 3.016748465597629547e-02 -4.085289838258177042e-04 -2.014152705669403076e-03 9.999978542327880859e-01 1.339123118668794632e-03 5.420873641967773438e+01
1.660772000000000000e+06 9.993293114688354128e-01 -3.661720682735820215e-02 3.277404042593655420e-04 2.862093386980289478e-01 3.661673528438341013e-02 9.993284778214521769e-01 1.344664483236255453e-03 3.154907768764799586e-02 -3.767581764255976962e-04 -1.331761848664233389e-03 9.999990422313762561e-01 4.628726635532719874e-03 9.993683099746704102e-01 -3.553970158100128174e-02 1.839556935010477901e-04 2.194489687681198120e-01 3.553947433829307556e-02 9.993667602539062500e-01 1.682905829511582851e-03 2.867658250033855438e-02 -2.436522336211055517e-04 -1.675299368798732758e-03 9.999985694885253906e-01 6.704993429593741894e-04 5.733187103271484375e+01
1.764374000000000000e+06 9.993020259142553208e-01 -3.735461001928067071e-02 3.068985740082511970e-04 3.002651502346667667e-01 3.735417153899409093e-02 9.993012069350036830e-01 1.328066160997912627e-03 3.236381661180949554e-02 -3.562935063622992438e-04 -1.315675263900667035e-03 9.999990710263855220e-01 4.959245172502153333e-03 9.993640184402465820e-01 -3.565063700079917908e-02 -6.676744669675827026e-04 2.199064046144485474e-01 3.565231338143348694e-02 9.993606805801391602e-01 2.688103588297963142e-03 3.166450187563896179e-02 5.714152357541024685e-04 -2.710198517888784409e-03 9.999961853027343750e-01 1.006929902359843254e-03 5.367404937744140625e+01
1.868002000000000000e+06 9.991944939104523415e-01 -4.012827344538775348e-02 2.915690321033855286e-04 3.185737999424068101e-01 4.012785451011750132e-02 9.991936770708597093e-01 1.323252510226340583e-03 3.499313698434233788e-02 -3.444337717709010393e-04 -1.310486582596589273e-03 9.999990819947273124e-01 5.241193058325408632e-03 9.993473291397094727e-01 -3.612128645181655884e-02 -4.851866688113659620e-04 2.262274175882339478e-01 3.612256422638893127e-02 9.993421435356140137e-01 3.209950402379035950e-03 3.760523721575737000e-02 3.689177974592894316e-04 -3.225385444238781929e-03 9.999947547912597656e-01 -4.111038055270910263e-03 5.308127975463867188e+01
1.971750000000000000e+06 9.992297037987035724e-01 -3.924155397101026371e-02 3.153938627539049056e-04 2.933243219642626687e-01 3.924109703268537780e-02 9.992288680725265326e-01 1.343688634246176629e-03 3.408891080631321069e-02 -3.678790830488619964e-04 -1.330277194693013166e-03 9.999990475133199164e-01 4.928754044069698879e-03 9.992625117301940918e-01 -3.839168697595596313e-02 -6.089981179684400558e-04 2.296906411647796631e-01 3.839217126369476318e-02 9.992624521255493164e-01 7.855304866097867489e-04 3.383675217628479004e-02 5.783950327895581722e-04 -8.083335706032812595e-04 9.999994635581970215e-01 -5.229389294981956482e-03 5.948067092895507812e+01
2.075498000000000000e+06 9.990923610754127715e-01 -4.259543043958626679e-02 2.888769260387367174e-04 3.213894260520512303e-01 4.259501329459492586e-02 9.990915454038182819e-01 1.322440392353684078e-03 3.733386976567523718e-02 -3.449444090151872482e-04 -1.308935378242684355e-03 9.999990838503977075e-01 5.337386377849797844e-03 9.991707205772399902e-01 -4.066643118858337402e-02 -2.053911099210381508e-03 2.324984967708587646e-01 4.065869003534317017e-02 9.991663694381713867e-01 -3.678192850202322006e-03 2.799022942781448364e-02 2.201778348535299301e-03 3.591637592762708664e-03 9.999912381172180176e-01 -5.303369835019111633e-03 5.194809722900390625e+01
2.179126000000000000e+06 9.991197461555422210e-01 -4.194752995400587853e-02 3.707468324677625068e-04 2.511931594251534117e-01 4.194698000171123015e-02 9.991188794636753912e-01 1.383997196149764925e-03 3.610129959834545987e-02 -4.284754275843870525e-04 -1.367227216190369365e-03 9.999989735486770615e-01 4.010680318300988839e-03 9.990647435188293457e-01 -4.321073368191719055e-02 -1.580986543558537960e-03 2.381317466497421265e-01 4.320192337036132812e-02 9.990523457527160645e-01 -5.296058952808380127e-03 2.723420970141887665e-02 1.808330067433416843e-03 5.222802050411701202e-03 9.999846816062927246e-01 -2.212786115705966949e-03 5.413353729248046875e+01
2.282875000000000000e+06 9.989772537424981280e-01 -4.521375847302665923e-02 4.031290101569849627e-04 2.910055917732471964e-01 4.521319211686981171e-02 9.989764913255366752e-01 1.317953206723110815e-03 3.957893984899226586e-02 -4.623060231515006835e-04 -1.298378525276710571e-03 9.999990502427048567e-01 4.873541495291917186e-03 9.989092946052551270e-01 -4.666416719555854797e-02 1.633117441087961197e-03 2.456638216972351074e-01 4.666408151388168335e-02 9.989106059074401855e-01 5.563661761698313057e-05 3.859853744506835938e-02 -1.633932930417358875e-03 2.063791544060222805e-05 9.999986290931701660e-01 1.963997259736061096e-03 5.218889617919921875e+01
2.386504000000000000e+06 9.985875747223011967e-01 -5.312671077658057128e-02 6.387759826303073723e-04 3.558061812502608112e-01 5.312601494120092194e-02 9.985872524112093807e-01 1.060981017936352827e-03 4.666875055856854748e-02 -6.942399885662529782e-04 -1.025546836903173074e-03 9.999992331419195191e-01 5.610155790871334050e-03 9.987252950668334961e-01 -5.038804933428764343e-02 2.972013782709836960e-03 2.545753121376037598e-01 5.037059634923934937e-02 9.987145662307739258e-01 5.652596242725849152e-03 5.206239223480224609e-02 -3.253018250688910484e-03 -5.495696794241666794e-03 9.999796748161315918e-01 5.125451833009719849e-03 5.658278274536132812e+01
2.490144000000000000e+06 9.987130910887656032e-01 -5.071347521330347302e-02 5.523439284282777870e-04 3.305732255838711997e-01 5.071279957799566113e-02 9.987125865594478347e-01 1.175317313768032114e-03 4.504184535256648692e-02 -6.112372597119466533e-04 -1.145793880091142527e-03 9.999991567723310881e-01 5.089321764539634675e-03 9.986200332641601562e-01 -5.251704528927803040e-02 1.345270429737865925e-04 2.592584192752838135e-01 5.251647904515266418e-02 9.986150264739990234e-01 3.157315542921423912e-03 5.023135617375373840e-02 -3.001500153914093971e-04 -3.145889844745397568e-03 9.999949336051940918e-01 4.051672760397195816e-03 5.497059249877929688e+01
2.593620000000000000e+06 9.984025408350685193e-01 -5.649502555618973049e-02 8.236650868857988035e-04 3.895902028649271820e-01 5.649416792238558943e-02 9.984023980436628198e-01 1.029783521307394648e-03 4.874039117861153625e-02 -8.805268463730508196e-04 -9.816062086841024353e-04 9.999991305604520875e-01 6.365022328599530092e-03 9.985058307647705078e-01 -5.463204532861709595e-02 -1.187183428555727005e-03 2.672726511955261230e-01 5.463260412216186523e-02 9.985064268112182617e-01 4.904476227238774300e-04 4.540769010782241821e-02 1.158616389147937298e-03 -5.545692984014749527e-04 9.999991655349731445e-01 3.954579122364521027e-03 5.706665420532226562e+01
2.697329000000000000e+06 9.983578103940089488e-01 -5.727916355543890420e-02 8.831529622950768516e-04 3.998238379490499095e-01 5.727826721081000910e-02 9.983577426855280157e-01 1.008878919480761874e-03 4.925834381829161807e-02 -9.394903366071998690e-04 -9.566366794164487403e-04 9.999991011017119735e-01 6.563758025420434253e-03 9.983935356140136719e-01 -5.665735527873039246e-02 -5.904965219087898731e-04 2.767335772514343262e-01 5.665308982133865356e-02 9.983776211738586426e-01 -5.707932636141777039e-03 3.639151155948638916e-02 9.129371028393507004e-04 5.665303207933902740e-03 9.999835491180419922e-01 1.467328751459717751e-03 5.512812805175781250e+01
2.800890000000000000e+06 9.975645157767649707e-01 -6.972610926760819394e-02 1.818493201928901570e-03 4.820073430862631958e-01 6.972413979413022433e-02 9.975656766841883849e-01 1.124899758159643090e-03 5.807267385738604931e-02 -1.892501279388218716e-03 -9.953672181075724074e-04 9.999977138390637732e-01 9.003952858427286682e-03 9.983257055282592773e-01 -5.783668532967567444e-02 -8.228009101003408432e-04 2.880248725414276123e-01 5.783194676041603088e-02 9.983142614364624023e-01 -4.906155634671449661e-03 4.003375023603439331e-02 1.105165458284318447e-03 4.850367549806833267e-03 9.999876022338867188e-01 1.661309972405433655e-03 5.034083175659179688e+01
2.904641000000000000e+06 9.979133685254899522e-01 -6.455137911143984941e-02 1.424115994796699980e-03 4.467283280265469392e-01 6.454988183402313173e-02 9.979139041888339667e-01 1.073459513185426794e-03 5.399070699704003329e-02 -1.490438448617896049e-03 -9.792930735819424092e-04 9.999984097877875344e-01 8.034761899793935180e-03 9.983488917350769043e-01 -5.743359774351119995e-02 9.087030193768441677e-04 2.974367439746856689e-01 5.743567273020744324e-02 9.983463287353515625e-01 -2.374937757849693298e-03 4.430609941482543945e-02 -7.707959157414734364e-04 2.423200756311416626e-03 9.999967813491821289e-01 2.627424662932753563e-03 4.890377426147460938e+01
3.008248000000000000e+06 9.980274725372308975e-01 -6.276549392556454721e-02 1.287271224846103096e-03 4.400672633226350716e-01 6.276418144079407013e-02 9.980278476783333019e-01 1.035867054990338015e-03 5.277555648670155530e-02 -1.349749233553552280e-03 -9.530292589699125572e-04 9.999986349552683063e-01 7.703301857901249244e-03 9.982526898384094238e-01 -5.906545743346214294e-02 1.713023288175463676e-03 3.106378316879272461e-01 5.906826257705688477e-02 9.982526898384094238e-01 -1.607812009751796722e-03 4.721366986632347107e-02 -1.615068293176591396e-03 1.706186332739889622e-03 9.999972581863403320e-01 2.176844980567693710e-03 6.062060928344726562e+01
3.112001000000000000e+06 9.980387576948146489e-01 -6.258595954422972729e-02 1.278974583414740126e-03 4.494626914753601099e-01 6.258472370204649915e-02 9.980391691025608525e-01 9.845127123052385514e-04 5.296959461663463403e-02 -1.338083403783810969e-03 -9.025375727524345866e-04 9.999986974785085581e-01 7.743816514925683410e-03 9.981776475906372070e-01 -6.033862382173538208e-02 7.684838492423295975e-04 3.198237419128417969e-01 6.033949553966522217e-02 9.981773495674133301e-01 -1.144831767305731773e-03 4.813686013221740723e-02 -6.980066536925733089e-04 1.189117669127881527e-03 9.999990463256835938e-01 1.635310123674571514e-03 4.891619110107421875e+01
3.215751000000000000e+06 9.981326668254746348e-01 -6.107242415001767899e-02 1.156920681730592418e-03 4.249273652332983264e-01 6.107123544411396932e-02 9.981328719900313118e-01 1.036385745881182683e-03 5.144250431596895934e-02 -1.218055151902182895e-03 -9.637958938521289619e-04 9.999987937188467013e-01 7.368431977552195380e-03 9.981883168220520020e-01 -6.015222519636154175e-02 1.358660170808434486e-03 3.303059637546539307e-01 6.015226617455482483e-02 9.981891512870788574e-01 -1.157257975137326866e-05 5.009597912430763245e-02 -1.355504384264349937e-03 9.328411397291347384e-05 9.999990463256835938e-01 1.440912717953324318e-03 5.224886322021484375e+01
3.319374000000000000e+06 9.981821068178354794e-01 -6.025999348952352369e-02 1.102246556684398533e-03 4.363494443133447143e-01 6.025895219430612432e-02 9.981823216739003080e-01 9.547315081312556092e-04 5.125346588635001921e-02 -1.157775139424113958e-03 -8.865756881804670543e-04 9.999989367696118236e-01 7.304584524227579131e-03 9.981895685195922852e-01 -6.011654064059257507e-02 1.853618072345852852e-03 3.467434048652648926e-01 6.011697277426719666e-02 9.981912970542907715e-01 -2.049308823188766837e-04 5.131731182336807251e-02 -1.837952644564211369e-03 3.159858169965445995e-04 9.999983310699462891e-01 1.051252911565825343e-04 5.346995162963867188e+01
3.423126000000000000e+06 9.980375080822642131e-01 -6.260585489328834852e-02 1.280416837994962417e-03 4.498848566382857017e-01 6.260462463736785055e-02 9.980379260675996678e-01 9.793763001231818501e-04 5.300358216600845052e-02 -1.339219254928502353e-03 -8.972942680596691662e-04 9.999987006765720388e-01 7.740668693178054914e-03 9.982108473777770996e-01 -5.978065356612205505e-02 1.236404525116086006e-03 3.594499528408050537e-01 5.977982655167579651e-02 9.982113242149353027e-01 7.435958250425755978e-04 5.195732414722442627e-02 -1.278642332181334496e-03 -6.683490355499088764e-04 9.999989867210388184e-01 1.840563956648111343e-03 4.931801605224609375e+01
3.526893000000000000e+06 9.981812566087288063e-01 -6.027404400038462173e-02 1.103960118911819378e-03 4.373451742168235068e-01 6.027300843012504961e-02 9.981814789821655820e-01 9.484855430543335944e-04 5.129643461474083649e-02 -1.159121601267013978e-03 -8.802214965604201026e-04 9.999989408230989252e-01 7.298635259767472655e-03 9.982947111129760742e-01 -5.828689411282539368e-02 3.191290656104683876e-03 3.773848712444305420e-01 5.829090252518653870e-02 9.982990026473999023e-01 -1.178464270196855068e-03 4.846060648560523987e-02 -3.117171814665198326e-03 1.362476148642599583e-03 9.999942183494567871e-01 5.305357277393341064e-03 4.889849472045898438e+01
3.630648000000000000e+06 9.983687307809921974e-01 -5.708872915116586927e-02 8.686936055509386287e-04 3.923111330293073684e-01 5.708782091064584091e-02 9.983686223985938080e-01 1.036696458889457394e-03 4.906138538629762486e-02 -9.264601176136458630e-04 -9.854135064379519922e-04 9.999990853155809045e-01 6.483269227718945968e-03 9.984279274940490723e-01 -5.598722398281097412e-02 2.658744808286428452e-03 3.885746002197265625e-01 5.599435046315193176e-02 9.984273910522460938e-01 -2.685659332200884819e-03 4.012899473309516907e-02 -2.504203701391816139e-03 2.830311190336942673e-03 9.999928474426269531e-01 7.952610962092876434e-03 4.998310470581054688e+01
3.734395000000000000e+06 9.984182005001349669e-01 -5.621767852240555641e-02 8.182438256754997249e-04 4.201066676820188750e-01 5.621693822701470666e-02 9.984181706986480220e-01 9.012582758222397730e-04 4.883714949914589459e-02 -8.676161517674645714e-04 -8.538335031997573840e-04 9.999992591050045343e-01 6.527947463296339750e-03 9.986238479614257812e-01 -5.244471505284309387e-02 2.686583902686834335e-04 4.001221358776092529e-01 5.244507268071174622e-02 9.986224770545959473e-01 -1.669645542278885841e-03 4.015219584107398987e-02 -1.807187218219041824e-04 1.681439811363816261e-03 9.999985694885253906e-01 7.079776376485824585e-03 4.867814254760742188e+01
3.838251000000000000e+06 9.986037280677080297e-01 -5.282261769941893476e-02 6.044468399666625422e-04 4.292867313371665494e-01 5.282198459950564889e-02 9.986034241898118502e-01 1.019385442397257105e-03 4.691000169040601686e-02 -6.574492915044702476e-04 -9.860340215314105511e-04 9.999992977484239987e-01 5.858424062967293802e-03 9.988314509391784668e-01 -4.832984507083892822e-02 -6.617490271310089156e-06 4.169252514839172363e-01 4.832965135574340820e-02 9.988267421722412109e-01 3.074030624702572823e-03 4.520900547504425049e-02 -1.419594045728445053e-04 -3.070759121328592300e-03 9.999952912330627441e-01 4.639579914510250092e-03 5.234006500244140625e+01
3.942122000000000000e+06 9.987803135141516409e-01 -4.937209345589866488e-02 5.305774393628894534e-04 5.140345612352241744e-01 4.937145284913174031e-02 9.987798132398829631e-01 1.159351563531432544e-03 4.535120332807795335e-02 -5.871696544558789371e-04 -1.131742136667987291e-03 9.999991871953655131e-01 4.703772854705995377e-03 9.990625977516174316e-01 -4.328386485576629639e-02 -5.603806930594146252e-04 4.334872364997863770e-01 4.328550770878791809e-02 9.990572333335876465e-01 3.309652209281921387e-03 4.210948944091796875e-02 4.165955178905278444e-04 -3.330809762701392174e-03 9.999943971633911133e-01 1.905342563986778259e-03 4.957772827148437500e+01
4.046284000000000000e+06 9.989885227393076050e-01 -4.496461248423172519e-02 3.392631914696810601e-04 5.515445264987229868e-01 4.496416001125053130e-02 9.989878304078584348e-01 1.240585242726981955e-03 4.156075580119341500e-02 -3.947022331737951896e-04 -1.224075734865199324e-03 9.999991729240456095e-01 4.170985211822954460e-03 9.992628097534179688e-01 -3.834122791886329651e-02 -1.968482974916696548e-03 4.475292563438415527e-01 3.834553062915802002e-02 9.992620944976806641e-01 2.215277403593063354e-03 3.618745878338813782e-02 1.882094657048583031e-03 -2.289124531671404839e-03 9.999955296516418457e-01 1.900627103168517351e-04 5.748531341552734375e+01
4.150266000000000000e+06 9.995330795119661271e-01 -3.055517732051664381e-02 -6.393067652030594121e-05 5.450154380015830302e-01 3.055520123026185531e-02 9.995329949995918062e-01 4.142122835522721682e-04 2.534629923078375938e-02 5.124449062437054329e-05 -4.159722940612519868e-04 9.999999121705213101e-01 6.112226734070544051e-03 9.993916153907775879e-01 -3.475566208362579346e-02 -2.897445810958743095e-03 4.625338912010192871e-01 3.475563973188400269e-02 9.993957877159118652e-01 -5.794083699584007263e-05 3.050660714507102966e-02 2.897709840908646584e-03 -4.279680433683097363e-05 9.999958276748657227e-01 1.488299691118299961e-03 4.863014221191406250e+01
4.254380000000000000e+06 9.997885990735083661e-01 -2.055878569598567143e-02 -3.057930110007525053e-04 5.435480093408431301e-01 2.055885669728721790e-02 9.997886177185201229e-01 2.308848572670258879e-04 1.645628129038446269e-02 3.009816596578134234e-04 -2.371228024500162768e-04 9.999999265914086832e-01 6.853376674896508036e-03 9.994914531707763672e-01 -3.175578266382217407e-02 -2.908069174736738205e-03 4.760482311248779297e-01 3.175549581646919250e-02 9.994956851005554199e-01 -1.440513733541592956e-04 2.377921156585216522e-02 2.911182818934321404e-03 5.162989691598340869e-05 9.999958276748657227e-01 3.797885496169328690e-03 4.829619216918945312e+01
4.358512000000000000e+06 9.997924588973988724e-01 -2.037238630155235874e-02 -7.077664057281124021e-05 6.398035157282588870e-01 2.037239073437420445e-02 9.997924593596609899e-01 6.248508607124818738e-05 1.635709459783306688e-02 6.948898123526317712e-05 -6.391400722055726668e-05 9.999999955431405629e-01 7.176460885141695140e-03 9.996362924575805664e-01 -2.689463831484317780e-02 -1.961144385859370232e-03 4.942502379417419434e-01 2.689687348902225494e-02 9.996375441551208496e-01 1.123319962061941624e-03 2.450582757592201233e-02 1.930215163156390190e-03 -1.175660174340009689e-03 9.999974370002746582e-01 2.496288856491446495e-03 4.854707336425781250e+01
4.462646000000000000e+06 9.998501862371923510e-01 -1.730744995375229148e-02 -2.393146413332368895e-04 6.493243551446922224e-01 1.730746965696730935e-02 9.998502112949675391e-01 8.050730963858342994e-05 1.400539134122714968e-02 2.378854185370640458e-04 -8.463717923669503509e-05 9.999999681235387516e-01 7.557117766855880360e-03 9.997710585594177246e-01 -2.125185541808605194e-02 -2.518015913665294647e-03 5.093719363212585449e-01 2.125407755374908447e-02 9.997737407684326172e-01 8.570358040742576122e-04 1.991194486618041992e-02 2.499232767149806023e-03 -9.103582706302404404e-04 9.999964833259582520e-01 -5.591300432570278645e-04 4.828716659545898438e+01
4.566885000000000000e+06 9.998747766445442720e-01 -1.582215291765579068e-02 -3.008560763223958935e-04 6.640552412922280379e-01 1.582217533991142622e-02 9.998748189390070928e-01 7.229456457870011156e-05 1.291392040923045048e-02 2.996745592181412400e-04 -7.704570906380123674e-05 9.999999521295588334e-01 7.947701530822736185e-03 9.998637437820434570e-01 -1.643501967191696167e-02 -1.522910897620022297e-03 5.290836095809936523e-01 1.643490418791770935e-02 9.998649358749389648e-01 -8.558705303585156798e-05 1.357721444219350815e-02 1.524111023172736168e-03 6.054639015928842127e-05 9.999988079071044922e-01 -3.123255912214517593e-03 4.831887817382812500e+01
4.671250000000000000e+06 9.998078223243752616e-01 -1.960404095248628395e-02 -7.848674144196426239e-07 6.853774272344771434e-01 1.960404096454411785e-02 9.998078221097106422e-01 2.072172855326098089e-05 1.570797687991550701e-02 3.784869685723325484e-07 -2.073313287247901702e-05 9.999999997849969846e-01 7.777625650990048142e-03 9.999111294746398926e-01 -1.333006378263235092e-02 2.714401343837380409e-04 5.450425148010253906e-01 1.333030592650175095e-02 9.999107718467712402e-01 -9.169531986117362976e-04 1.051502209156751633e-02 -2.591921656858175993e-04 9.204919333569705486e-04 9.999995231628417969e-01 -3.023564750037621707e-05 4.861033630371093750e+01
4.775500000000000000e+06 9.997827060915247532e-01 -2.084460588370455267e-02 2.074377252776079227e-04 7.810017276165095446e-01 2.084463841857305336e-02 9.997827147725412145e-01 -1.559352248970334001e-04 1.715132990326006385e-02 -2.041422440040769649e-04 1.602253052579917405e-04 9.999999663268992478e-01 9.490984857296469110e-03 9.999497532844543457e-01 -9.876422584056854248e-03 1.694705686531960964e-03 5.591876506805419922e-01 9.874369949102401733e-03 9.999504685401916504e-01 1.217149663716554642e-03 8.875396102666854858e-03 -1.706638373434543610e-03 -1.200357801280915737e-03 9.999978542327880859e-01 5.242699757218360901e-03 5.152425765991210938e+01
4.879959000000000000e+06 9.999691642589638718e-01 -7.846847173325229713e-03 3.122869450101638158e-04 9.335977507738936199e-01 7.846853169871718242e-03 9.999692128133061964e-01 -1.798142191620908563e-05 7.131788080722627383e-03 -3.121362331099822394e-04 2.043133715204777058e-05 9.999999510767669797e-01 1.048854579295293091e-02 9.999753236770629883e-01 -6.810943596065044403e-03 1.737215439788997173e-03 5.771279335021972656e-01 6.806930061429738998e-03 9.999741911888122559e-01 2.304495777934789658e-03 9.367549791932106018e-03 -1.752861426211893559e-03 -2.292612334713339806e-03 9.999958276748657227e-01 7.750737480819225311e-03 4.773801422119140625e+01
4.984250000000000000e+06 9.999966967705679055e-01 -2.564704818337159003e-03 1.695200343659602625e-04 8.851945385619583995e-01 2.564717153432917191e-03 9.999967084730165823e-01 -7.258753536208723694e-05 2.399040064179077704e-03 -1.693333107815129103e-04 7.302206653574088563e-05 9.999999829970034337e-01 1.016917863532702110e-02 9.999890327453613281e-01 -4.581660963594913483e-03 8.401121594943106174e-04 5.900844335556030273e-01 4.581525456160306931e-03 9.999895691871643066e-01 1.213910727528855205e-04 2.565993461757898331e-03 -8.406682754866778851e-04 -1.175422003143467009e-04 9.999996423721313477e-01 2.896686550229787827e-03 4.956611251831054688e+01
5.088502000000000000e+06 9.999999894554691959e-01 1.269870231447682021e-04 -7.045110097253647779e-05 8.208511205700683711e-01 -1.269904346151336791e-04 9.999999907644240293e-01 -4.842087748929552724e-05 -8.584435769303501397e-04 7.044495149882557656e-05 4.842982359459929178e-05 9.999999963460305397e-01 9.484116800938947878e-03 9.999985098838806152e-01 -1.746956259012222290e-03 -3.979411849286407232e-05 6.079012155532836914e-01 1.746845664456486702e-03 9.999954700469970703e-01 -2.434120746329426765e-03 -2.633458934724330902e-03 4.404709761729463935e-05 2.434048335999250412e-03 9.999969601631164551e-01 -5.844277620781213045e-05 5.476720046997070312e+01
5.192878000000000000e+06 9.999999421386605025e-01 -3.398686962672267144e-04 1.455844204273051093e-05 8.323002430493089410e-01 3.398684935174193199e-04 9.999999421477253625e-01 1.392682553194090260e-05 -4.801110472056595996e-04 -1.456317449239106407e-05 -1.392187677049451040e-05 9.999999997970476784e-01 9.723787208906257973e-03 9.999982714653015137e-01 6.174174486659467220e-04 1.767903682775795460e-03 6.235796809196472168e-01 -6.134335417300462723e-04 9.999973773956298828e-01 -2.216693246737122536e-03 -2.559709362685680389e-03 -1.769270980730652809e-03 2.215605927631258965e-03 9.999960064888000488e-01 2.088496694341301918e-03 4.832908630371093750e+01
5.297154000000000000e+06 9.999999976499770460e-01 6.854530997428184000e-05 -1.259507981047022414e-06 8.915173807204340717e-01 -6.854532935337091239e-05 9.999999975323021761e-01 -1.539264172388690074e-05 -4.335102577939248941e-04 1.258452884541952725e-06 1.539272802110312025e-05 9.999999998807400647e-01 1.001110843831417956e-02 9.999947547912597656e-01 1.469117705710232258e-03 2.892266027629375458e-03 6.395282149314880371e-01 -1.470989547669887543e-03 9.999987483024597168e-01 6.339013343676924706e-04 -2.894270292017608881e-04 -2.891334705054759979e-03 -6.381510756909847260e-04 9.999955892562866211e-01 8.528983220458030701e-03 4.624607849121093750e+01
5.401501000000000000e+06 9.999996769402330621e-01 -7.934487425728674369e-04 1.286800313612222345e-04 8.760139101144548412e-01 7.934407781235570901e-04 9.999996833080007086e-01 6.193268291236188956e-05 1.096922378637406326e-04 -1.287291310165418880e-04 -6.183056292461110918e-05 9.999999898028965051e-01 1.005433164476647601e-02 9.999979734420776367e-01 1.917316694743931293e-03 6.483802571892738342e-04 6.551343202590942383e-01 -1.918843714520335197e-03 9.999952316284179688e-01 2.396018244326114655e-03 1.644166768528521061e-03 -6.437742849811911583e-04 -2.397254575043916702e-03 9.999968409538269043e-01 8.566783741116523743e-03 4.646912002563476562e+01
5.505749000000000000e+06 9.999999064233100476e-01 4.261382611914632653e-04 -7.456240002841220524e-05 8.576259940967670969e-01 -4.261443635002615119e-04 9.999999058511916949e-01 -8.184489713907148491e-05 -1.171954260130036876e-03 7.452751576590819929e-05 8.187666382715199341e-05 9.999999938709305258e-01 9.755885478227388843e-03 9.999949336051940918e-01 1.713513978756964207e-03 -2.674418268725275993e-03 6.653316020965576172e-01 -1.708972500637173653e-03 9.999970793724060059e-01 1.702395384199917316e-03 3.164645982906222343e-03 2.677331911399960518e-03 -1.697824336588382721e-03 9.999949932098388672e-01 4.683318547904491425e-03 4.760409545898437500e+01
5.610008000000000000e+06 9.999999996810153835e-01 -1.649112908293670049e-05 1.913143793278424437e-05 9.033325109932687225e-01 1.649114694205867121e-05 9.999999998635854537e-01 -9.333386879547767757e-07 -2.242270653283070202e-04 -1.913142253836566214e-05 9.336541870111680174e-07 9.999999998165585158e-01 1.011467140467771711e-02 9.999992251396179199e-01 1.246599596925079823e-03 -1.796424621716141701e-04 6.838040947914123535e-01 -1.246528699994087219e-03 9.999991059303283691e-01 3.612214932218194008e-04 -2.355032629566267133e-04 1.800866157282143831e-04 -3.609945706557482481e-04 9.999999403953552246e-01 4.267187614459544420e-04 4.716310501098632812e+01
5.714253000000000000e+06 9.999999935143270013e-01 -1.092211231616258395e-04 3.228145233436898121e-05 9.060622990204215688e-01 1.092208049931630719e-04 9.999999939868210452e-01 9.857675074821896903e-06 -1.120004848967484439e-04 -3.228252880659475199e-05 -9.854149204689450510e-06 9.999999994303669926e-01 1.015364908160052218e-02 9.999962449073791504e-01 1.525969128124415874e-03 2.273107413202524185e-03 7.008289694786071777e-01 -1.524793915450572968e-03 9.999987483024597168e-01 -5.209047812968492508e-04 -1.664144452661275864e-03 -2.273902297019958496e-03 5.174413672648370266e-04 9.999973177909851074e-01 -2.050819894066080451e-04 4.561139297485351562e+01
5.818377000000000000e+06 9.999998836328586327e-01 4.821381431279833803e-04 -1.664613668407651190e-05 9.374884820115680917e-01 -4.821389897519592752e-04 9.999998824759183114e-01 -5.089359460957001199e-05 -1.637027256406203986e-04 1.662159698599611815e-05 5.090161443828020941e-05 9.999999985663741153e-01 1.027548419167462201e-02 9.999919533729553223e-01 1.840953365899622440e-03 3.555075498297810555e-03 7.175199985504150391e-01 -1.843997044488787651e-03 9.999979734420776367e-01 8.554045925848186016e-04 -6.533360283356159925e-05 -3.553487127646803856e-03 -8.619559812359511852e-04 9.999933242797851562e-01 4.588546697050333023e-03 4.552953720092773438e+01
5.922523000000000000e+06 9.999999601952327399e-01 2.800229994736074435e-04 3.459269345053937169e-05 1.005086339991775990e+00 -2.800213697210491670e-04 9.999999596844114658e-01 -4.710848802167381656e-05 4.601971631992280830e-04 -3.460588351576123503e-05 4.709879945332725036e-05 9.999999982920679820e-01 1.120251426179719005e-02 9.999928474426269531e-01 1.824068254791200161e-03 3.302375553175806999e-03 7.319613695144653320e-01 -1.827545231208205223e-03 9.999977946281433105e-01 1.048979349434375763e-03 -7.274833624251186848e-04 -3.300464013591408730e-03 -1.055008498951792717e-03 9.999939799308776855e-01 8.689804002642631531e-03 4.586198425292968750e+01
6.026772000000000000e+06 9.999999294318594467e-01 -3.755951908588170841e-04 -8.033290706718088041e-06 8.102375127664439569e-01 3.755954533644259141e-04 9.999999289293594051e-01 3.270071329858200641e-05 -2.916180212314682424e-04 8.021007905571042647e-06 -3.270372825831128268e-05 9.999999994330648345e-01 9.420857489329737683e-03 9.999977946281433105e-01 1.855589798651635647e-03 -1.044237753376364708e-03 7.418152689933776855e-01 -1.854400383308529854e-03 9.999976158142089844e-01 1.143491244874894619e-03 -1.050435355864465237e-03 1.046361983753740788e-03 -1.141560496762394905e-03 9.999988079071044922e-01 4.773669876158237457e-03 4.657929611206054688e+01
6.130876000000000000e+06 9.999999826862724372e-01 -1.846915214741333628e-04 2.272656924362617984e-05 8.720753021526247428e-01 1.846913551958546734e-04 9.999999829177724786e-01 7.318351995464884425e-06 -4.511285444218616179e-04 -2.272792049295876667e-05 -7.314154467920768326e-06 9.999999997149724429e-01 9.918974899025403275e-03 9.999944567680358887e-01 1.957372529432177544e-03 -2.698494819924235344e-03 7.556337118148803711e-01 -1.951394951902329922e-03 9.999957084655761719e-01 2.213442232459783554e-03 1.937996712513267994e-04 2.702811732888221741e-03 -2.208157442510128021e-03 9.999939203262329102e-01 1.301865675486624241e-03 5.538569641113281250e+01
