0.000000000000000000e+00 9.999999935710897070e-01 -1.133914694719505989e-04 4.417511642991659313e-07 8.601140761726153716e-01 1.133914709725859083e-04 9.999999935654123595e-01 -3.398472221574608597e-06 -5.846659063391365001e-04 -4.413658036987552338e-07 3.398522290540298087e-06 9.999999999941275863e-01 9.859759629144254980e-03 9.999973773956298828e-01 6.413664086721837521e-04 2.202799310907721519e-03 8.098574280738830566e-01 -6.476931157521903515e-04 9.999956488609313965e-01 2.872532466426491737e-03 -6.395829841494560242e-03 -2.200949238613247871e-03 -2.873952034860849380e-03 9.999933838844299316e-01 1.804169863462448120e-01 9.616793823242187500e+01
1.039920000000000000e+05 9.999999497366156564e-01 2.889305243618490397e-04 -1.305600272610310487e-04 7.549142725762794104e-01 -2.889267860561905207e-04 9.999999578502219988e-01 2.865080463279490067e-05 -7.196715069151345037e-04 1.305682998497512170e-04 -2.861308090460035311e-05 9.999999910666055314e-01 8.908925186490550263e-03 9.999991059303283691e-01 8.473583729937672615e-04 1.016842899844050407e-03 8.227588534355163574e-01 -8.501209667883813381e-04 9.999960064888000488e-01 2.719900570809841156e-03 -5.766196176409721375e-03 -1.014533918350934982e-03 -2.720760880038142204e-03 9.999957680702209473e-01 1.799887865781784058e-01 5.058220672607421875e+01
2.078660000000000000e+05 9.999998396391712729e-01 -5.533980393273156854e-04 1.203006594381423537e-04 9.416198160053950161e-01 5.533907142045575408e-04 9.999998450240379366e-01 6.091489231991980402e-05 6.185977194686831165e-04 -1.203343509756831583e-04 -6.084830928514312775e-05 9.999999909085637295e-01 1.049758575042886687e-02 9.999997019767761230e-01 7.856560405343770981e-04 -1.259342679986730218e-04 7.600587010383605957e-01 -7.854867144487798214e-04 9.999988079071044922e-01 1.338730566203594208e-03 -1.562609709799289703e-02 1.269858476007357240e-04 -1.338632777333259583e-03 9.999991059303283691e-01 1.813408434391021729e-01 5.070153427124023438e+01
3.117270000000000000e+05 9.999999959766168178e-01 8.832860556827653914e-05 -1.564684461823100930e-05 8.774972723409468767e-01 -8.832901140744070739e-05 9.999999957625860247e-01 -2.593865270335568311e-05 -6.194487499097237103e-04 1.564455342691024059e-05 2.594003466930830656e-05 9.999999995411812392e-01 9.916993637246861865e-03 9.999999403953552246e-01 4.286441253498196602e-04 -6.061208478058688343e-05 7.846471071243286133e-01 -4.285245086066424847e-04 9.999979734420776367e-01 1.973080215975642204e-03 -1.116944942623376846e-02 6.145690713310614228e-05 -1.973053673282265663e-03 9.999980330467224121e-01 1.791446059942245483e-01 5.040447998046875000e+01
4.157280000000000000e+05 9.999997155819375649e-01 7.362720021741009065e-04 -1.635224631180807336e-04 6.812724771744064212e-01 -7.362668292438221155e-04 9.999997284533460595e-01 3.169231729112623495e-05 -1.202720423373441344e-03 1.635457528794670423e-04 -3.157191211462808230e-05 9.999999861280007840e-01 8.745090607108322450e-03 9.999996423721313477e-01 8.115716045722365379e-04 7.261271821334958076e-05 7.253214716911315918e-01 -8.115838281810283661e-04 9.999995827674865723e-01 1.656510867178440094e-04 -5.918101873248815536e-03 -7.247721077874302864e-05 -1.657119864830747247e-04 1.000000000000000000e+00 1.813994646072387695e-01 4.928777694702148438e+01
5.196010000000000000e+05 9.999996744443919727e-01 7.868369067860552738e-04 -1.788821413591605688e-04 6.918083218489661235e-01 -7.868347026426662002e-04 9.999996903687624616e-01 1.239180520286240629e-05 -1.272253912689843506e-03 1.788918363009143217e-04 -1.225105049827412793e-05 9.999999839238119526e-01 8.763395981370021917e-03 9.999988079071044922e-01 7.596375071443617344e-04 1.326670171692967415e-03 7.329180240631103516e-01 -7.600346580147743225e-04 9.999997019767761230e-01 2.997997216880321503e-04 -6.406294647604227066e-03 -1.326441764831542969e-03 -3.008081694133579731e-04 9.999991059303283691e-01 1.819268614053726196e-01 4.872899246215820312e+01
6.236040000000000000e+05 9.999993445006354342e-01 1.124289131886292356e-03 -2.167307294965272791e-04 7.048982466616591225e-01 -1.124300911264416308e-03 9.999993665027331335e-01 -5.423611763586560114e-05 -1.641492859643401856e-03 2.166696151188079219e-04 5.447975264789628919e-05 9.999999750431162182e-01 8.714706368684361701e-03 9.999953508377075195e-01 9.609601693227887154e-04 2.887005452066659927e-03 6.914666891098022461e-01 -9.629673440940678120e-04 9.999992847442626953e-01 6.936217541806399822e-04 -1.349564269185066223e-02 -2.886337228119373322e-03 -6.963984342291951180e-04 9.999955892562866211e-01 1.819868832826614380e-01 4.934374237060546875e+01
7.276010000000000000e+05 9.999996435081623947e-01 8.154197077141354033e-04 -2.192585131426200368e-04 5.608497267226320027e-01 -8.154565248055311655e-04 9.999996534235384704e-01 -1.678794359374401819e-04 -1.054092661550296278e-03 2.191215449612492682e-04 1.680581718631402109e-04 9.999999618711015170e-01 7.584478265313947427e-03 9.999900460243225098e-01 1.600513583980500698e-03 4.171164240688085556e-03 6.478719711303710938e-01 -1.599934534169733524e-03 9.999986886978149414e-01 -1.422017958248034120e-04 -1.699457759968936443e-03 -4.171389155089855194e-03 1.355253916699439287e-04 9.999912977218627930e-01 1.873662918806076050e-01 4.931296157836914062e+01
8.316030000000000000e+05 9.999983960826750451e-01 1.784774903830874549e-03 -1.497020765240177922e-04 6.020977990443385774e-01 -1.784786506201195121e-03 9.999984042715445165e-01 -7.740531743875617068e-05 -2.332454373168786968e-03 1.495636865761248557e-04 7.767237952551847265e-05 9.999999857988528529e-01 8.105987194031744059e-03 9.999918937683105469e-01 1.400454784743487835e-03 3.771257121115922928e-03 6.147207617759704590e-01 -1.397480024024844170e-03 9.999987483024597168e-01 -7.913366425782442093e-04 -1.056234724819660187e-02 -3.772355848923325539e-03 7.860619225539267063e-04 9.999926090240478516e-01 1.892584562301635742e-01 5.217875289916992188e+01
9.354780000000000000e+05 9.999990098904135705e-01 1.393458505961256378e-03 -1.961928575603272555e-04 5.569599156660802741e-01 -1.393494463568288903e-03 9.999990122940894954e-01 -1.832595916711481532e-04 -1.864585300610105802e-03 1.959372991494736705e-04 1.835328038775969797e-04 9.999999639621426351e-01 7.452409688794209286e-03 9.999959468841552734e-01 1.198261161334812641e-03 2.593279583379626274e-03 5.935308933258056641e-01 -1.196121098473668098e-03 9.999989271163940430e-01 -8.265235228464007378e-04 -1.396745443344116211e-02 -2.594271907582879066e-03 8.234189590439200401e-04 9.999962449073791504e-01 1.898952424526214600e-01 5.308412933349609375e+01
1.039479000000000000e+06 9.999995931134426641e-01 8.895857093173339556e-04 -1.497004844179657622e-04 6.257994494683024600e-01 -8.895836109355297018e-04 9.999996042212626612e-01 1.408320332751173411e-05 -1.165680436625555691e-03 1.497129533858109233e-04 -1.395002650304488465e-05 9.999999886957143813e-01 8.464498218484930656e-03 9.999987483024597168e-01 1.530635752715170383e-03 2.929245820268988609e-04 5.819225311279296875e-01 -1.530750771053135395e-03 9.999986886978149414e-01 3.972600388806313276e-04 -1.210075709968805313e-02 -2.923161955550312996e-04 -3.977095766458660364e-04 9.999998807907104492e-01 1.899897158145904541e-01 4.901148986816406250e+01
1.143476000000000000e+06 9.999999747978071118e-01 -9.037667907572466495e-05 -2.055150644699145143e-04 6.117065252216641325e-01 9.036666458674591420e-05 9.999999947292611546e-01 -4.873749874711042206e-05 1.549057207737617153e-04 2.055194681199233944e-04 4.871892580816516717e-05 9.999999776941073115e-01 8.464269037520628924e-03 9.999967813491821289e-01 1.531198620796203613e-03 -2.018597675487399101e-03 5.287391543388366699e-01 -1.528851804323494434e-03 9.999982118606567383e-01 1.160487183369696140e-03 1.593952812254428864e-02 2.020374406129121780e-03 -1.157396240159869194e-03 9.999972581863403320e-01 1.892487853765487671e-01 4.915727996826171875e+01
1.247351000000000000e+06 9.999931605122273082e-01 3.688527986596153770e-03 -2.714601878038250694e-04 3.001921102148590870e-01 -3.688604116396623517e-03 9.999931577418406103e-01 -2.804812825228357063e-04 -4.284181096048688721e-03 2.704237673863881539e-04 2.814806732987104815e-04 9.999999238198086227e-01 3.976387947536271297e-03 9.999940991401672363e-01 1.274343347176909447e-03 -3.196660429239273071e-03 4.742114841938018799e-01 -1.274547656066715717e-03 9.999992251396179199e-01 -6.072972246329300106e-05 2.751823887228965759e-02 3.196575446054339409e-03 6.480474257841706276e-05 9.999948740005493164e-01 1.919011473655700684e-01 4.892335891723632812e+01
1.351354000000000000e+06 9.999942059820292606e-01 3.398123007124317051e-03 -2.018955866378017625e-04 4.419201779914704309e-01 -3.398197139670204592e-03 9.999941584056629695e-01 -3.679812139024372930e-04 -4.090633753581046292e-03 2.006439617548231029e-04 3.686651628514179060e-04 9.999999119139909576e-01 5.414602122172185693e-03 9.999974966049194336e-01 1.854324829764664173e-03 -1.225203159265220165e-03 4.467532634735107422e-01 -1.855942071415483952e-03 9.999974370002746582e-01 -1.317130750976502895e-03 9.879821911454200745e-03 1.222764025442302227e-03 1.319400500506162643e-03 9.999983906745910645e-01 1.874767243862152100e-01 4.932102584838867188e+01
1.455351000000000000e+06 9.999905623865998905e-01 4.339893847428748751e-03 -2.011462586886496047e-04 3.398123766075612506e-01 -4.339959285529707521e-03 9.999905291813744324e-01 -3.260393375481904893e-04 -4.903610324849205782e-03 1.997293776058589327e-04 3.269092270561971508e-04 9.999999266192665104e-01 4.323119482049656535e-03 9.999956488609313965e-01 2.053909702226519585e-03 -2.121309516951441765e-03 4.267093241214752197e-01 -2.061699051409959793e-03 9.999910593032836914e-01 -3.677896922454237938e-03 1.231699064373970032e-02 2.113733673468232155e-03 3.682255977764725685e-03 9.999909400939941406e-01 1.897989511489868164e-01 5.305017471313476562e+01
1.559353000000000000e+06 9.999986117723483892e-01 1.604324550735273429e-03 -4.501067131062220518e-04 1.469512498802773570e-01 -1.604325276318520994e-03 9.999987130685661363e-01 -1.250970491361169944e-06 -2.838014465738827093e-03 4.501041268870180898e-04 1.973086346872651486e-06 9.999998987011836649e-01 2.587901049351852556e-03 9.999971389770507812e-01 1.969331176951527596e-03 -1.305263023823499680e-03 3.995824456214904785e-01 -1.972428523004055023e-03 9.999952912330627441e-01 -2.367960521951317787e-03 -6.497727241367101669e-03 1.300594769418239594e-03 2.370529575273394585e-03 9.999963641166687012e-01 1.862507760524749756e-01 5.446441650390625000e+01
1.663351000000000000e+06 9.999934299453719921e-01 3.613584172889382044e-03 -2.864887828313645093e-04 2.885564534987397622e-01 -3.613657830589636286e-03 9.999934376912181788e-01 -2.570056218062540931e-04 -4.223145347225129922e-03 2.855581913779393129e-04 2.580392056745954652e-04 9.999999259361428416e-01 3.878541486385099837e-03 9.999961853027343750e-01 2.359042409807443619e-03 -1.502753118984401226e-03 3.875607550144195557e-01 -2.352569717913866043e-03 9.999880194664001465e-01 4.287933930754661560e-03 1.130247861146926880e-02 1.512849703431129456e-03 -4.284384194761514664e-03 9.999896883964538574e-01 1.891461014747619629e-01 4.898019027709960938e+01
1.767351000000000000e+06 9.999919473096529066e-01 4.007615433599912014e-03 -2.105575915431135347e-04 3.529151359686125700e-01 -4.007692684503336156e-03 9.999919015449247883e-01 -3.677553906275395296e-04 -4.633460477818080077e-03 2.090820641831577864e-04 3.685962793205606108e-04 9.999999102107333115e-01 4.424552118368248362e-03 9.999948143959045410e-01 3.140301443636417389e-03 -7.025199593044817448e-04 3.202093839645385742e-01 -3.137006191536784172e-03 9.999843239784240723e-01 4.639134742319583893e-03 9.379447437822818756e-03 7.170785102061927319e-04 -4.636915866285562515e-03 9.999890923500061035e-01 1.905800402164459229e-01 4.908115386962890625e+01
1.871356000000000000e+06 9.999948884874049204e-01 3.172712843324001185e-03 -3.960962923585480393e-04 2.172468650518008526e-01 -3.172778520946841450e-03 9.999949530644117734e-01 -1.652941571763630909e-04 -4.113584745195656908e-03 3.955698623904847821e-04 1.665500380822699318e-04 9.999999078927801488e-01 3.436967467567469958e-03 9.999935030937194824e-01 3.460187697783112526e-03 9.654609602876007557e-04 2.925871014595031738e-01 -3.461085725575685501e-03 9.999935626983642578e-01 9.177803294733166695e-04 1.029187720268964767e-02 -9.622801444493234158e-04 -9.211036376655101776e-04 9.999991059303283691e-01 1.902489215135574341e-01 4.901647949218750000e+01
1.975354000000000000e+06 9.999969626821609836e-01 2.426188228972620074e-03 -4.338628186411072965e-04 1.642830988558870720e-01 -2.426209569403447921e-03 9.999970555648758364e-01 -4.866749005330283517e-05 -3.559428787833987182e-03 4.337434646650489486e-04 4.971998438911753854e-05 9.999999046972575245e-01 2.806744649564316737e-03 9.999946355819702148e-01 3.206219524145126343e-03 7.306354818865656853e-04 2.762369811534881592e-01 -3.203216241672635078e-03 9.999865889549255371e-01 -4.061035346239805222e-03 -1.452125422656536102e-02 -7.436458836309611797e-04 4.058667924255132675e-03 9.999914765357971191e-01 1.834449917078018188e-01 5.315552139282226562e+01
2.079357000000000000e+06 9.999945313866378527e-01 3.280721878321328326e-03 -4.172058886189638680e-04 2.002013537222068484e-01 -3.280783582278780537e-03 9.999946073663736890e-01 -1.472998181151021261e-04 -4.324400576094186190e-03 4.167203890435112004e-04 1.486677748219370301e-04 9.999999021210000949e-01 3.326104057437123934e-03 9.999964237213134766e-01 2.574648009613156319e-03 -6.700874655507504940e-04 2.483037859201431274e-01 -2.578083425760269165e-03 9.999833703041076660e-01 -5.162760149687528610e-03 -1.471388339996337891e-02 6.567842792719602585e-04 5.164472386240959167e-03 9.999864101409912109e-01 1.819568574428558350e-01 4.926329421997070312e+01
2.183231000000000000e+06 9.999952100098377095e-01 3.066340643689087573e-03 -4.213224089021742891e-04 1.872286561337553057e-01 -3.066388747498086185e-03 9.999952921693802121e-01 -1.135748991833747791e-04 -4.126377751865403787e-03 4.209721660630966851e-04 1.148662934362787013e-04 9.999999047940818508e-01 3.138349277772403082e-03 9.999955296516418457e-01 2.522526774555444717e-03 1.612111344002187252e-03 2.240381091833114624e-01 -2.516893902793526649e-03 9.999907612800598145e-01 -3.481972031295299530e-03 -1.906242966651916504e-02 -1.620879978872835636e-03 3.477898659184575081e-03 9.999926686286926270e-01 1.827533245086669922e-01 4.975267028808593750e+01
2.287229000000000000e+06 9.999980618447931180e-01 1.926376467894373029e-03 -4.066699169263283411e-04 9.910544671842219655e-02 -1.926368377214406763e-03 9.999981443449895702e-01 2.028571700132673932e-05 -3.393753296048897423e-03 4.067082402145310292e-04 -1.950228162867259613e-05 9.999999171040320212e-01 1.988170478321262414e-03 9.999954700469970703e-01 2.675154246389865875e-03 1.369850593619048595e-03 1.003330945968627930e-01 -2.674695570021867752e-03 9.999963641166687012e-01 -3.370886552147567272e-04 7.905787788331508636e-03 -1.370747457258403301e-03 3.334217763040214777e-04 9.999990463256835938e-01 1.975279301404953003e-01 5.608668899536132812e+01
2.391227000000000000e+06 9.999983705698984870e-01 1.787715157381993989e-03 -2.508629073469486313e-04 4.463126343696717513e-02 -1.787697051802044192e-03 9.999983994490585504e-01 7.237889051633041222e-05 -3.786685244428249480e-03 2.509918986624278350e-04 -7.193030571857897621e-05 9.999999659145497599e-01 1.510923234876546334e-03 9.999973177909851074e-01 2.052846364676952362e-03 -1.138648483902215958e-03 1.114974319934844971e-01 -2.051960676908493042e-03 9.999976754188537598e-01 7.902989746071398258e-04 -2.820388879626989365e-03 1.140268053859472275e-03 -7.879588520154356956e-04 9.999990463256835938e-01 1.893288344144821167e-01 4.887020874023437500e+01
2.495124000000000000e+06 9.999973887691029351e-01 2.267331149649779148e-03 -2.857698507815021141e-04 4.488481231487750217e-02 -2.267315539875688641e-03 9.999974281278346533e-01 5.493572008353665720e-05 -4.198144750927645594e-03 2.858936732879628260e-04 -5.428764620698022994e-05 9.999999576588284311e-01 1.534819791192126338e-03 9.999960064888000488e-01 2.283952198922634125e-03 -1.625278382562100887e-03 9.621743857860565186e-02 -2.282677218317985535e-03 9.999970793724060059e-01 7.795834098942577839e-04 -6.655591540038585663e-03 1.627054531127214432e-03 -7.758700521662831306e-04 9.999983310699462891e-01 1.867141276597976685e-01 4.902681732177734375e+01
2.599102000000000000e+06 9.999974302443154217e-01 2.258043990393372290e-03 -2.018464146499775668e-04 2.660788571018426335e-02 -2.258028144703539981e-03 9.999974475545078123e-01 7.869714169551709083e-05 -4.347906950746211266e-03 2.020236010602822617e-04 -7.824116456655595111e-05 9.999999765323914769e-01 1.333556524459341688e-03 9.999961256980895996e-01 2.605199813842773438e-03 -1.035512308590114117e-03 8.717637509107589722e-02 -2.602960914373397827e-03 9.999942779541015625e-01 2.166213002055883408e-03 -2.836980391293764114e-03 1.041150651872158051e-03 -2.163509838283061981e-03 9.999971389770507812e-01 1.887319087982177734e-01 5.237542343139648438e+01
2.703101000000000000e+06 9.999966303217538988e-01 2.579581122701429374e-03 -2.917301496622365701e-04 4.143860439231449033e-02 -2.579566620047986630e-03 9.999966716586438098e-01 5.007791169648761364e-05 -4.493870059957998271e-03 2.918583587182722460e-04 -4.932520560634779701e-05 9.999999561928610836e-01 1.506499479240633191e-03 9.999983310699462891e-01 1.750633236952126026e-03 -3.278962394688278437e-04 9.009614586830139160e-02 -1.749657560139894485e-03 9.999942183494567871e-01 2.929067471995949745e-03 -9.326764382421970367e-03 3.330215404275804758e-04 -2.928488887846469879e-03 9.999955892562866211e-01 1.876700222492218018e-01 4.900576019287109375e+01
2.807134000000000000e+06 9.999974282707712048e-01 2.259501953468335232e-03 -1.951989849992491542e-04 2.527525145781077745e-02 -2.259486150524033128e-03 9.999974440659297192e-01 8.114075222679543260e-05 -4.361997768106222993e-03 1.953818237760268357e-04 -8.069949414104717999e-05 9.999999776567665144e-01 1.314199614953519583e-03 9.999983906745910645e-01 1.290700747631490231e-03 -1.299926429055631161e-03 1.152201648801565170e-02 -1.288585015572607517e-03 9.999978542327880859e-01 1.628532190807163715e-03 1.710917241871356964e-02 1.302025746554136276e-03 -1.626853947527706623e-03 9.999977946281433105e-01 1.988690942525863647e-01 4.927523040771484375e+01
2.910979000000000000e+06 9.999981201558616473e-01 1.923656838849670649e-03 -2.433702164601660579e-04 4.079384432596741550e-02 -1.923639538964997840e-03 9.999981472619660083e-01 7.129876050900000738e-05 -3.945385797866390182e-03 2.435069199088716750e-04 -7.083046990160503788e-05 9.999999678437113682e-01 1.482405615484079292e-03 9.999962449073791504e-01 1.977893523871898651e-03 -1.865090336650609970e-03 4.258802905678749084e-02 -1.979503314942121506e-03 9.999976158142089844e-01 -8.656462305225431919e-04 -2.156043425202369690e-03 1.863374374806880951e-03 8.693342097103595734e-04 9.999979138374328613e-01 1.890541613101959229e-01 4.974732971191406250e+01
3.014982000000000000e+06 9.999973838916624835e-01 2.260632137410348991e-03 -3.489300146949741413e-04 5.917276314737600351e-02 -2.260618882646028144e-03 9.999974440614778359e-01 3.837661095493711324e-05 -4.085370809682830825e-03 3.490158782516055466e-04 -3.758771277534633185e-05 9.999999383875382009e-01 1.707955604241886494e-03 9.999976158142089844e-01 1.495432341471314430e-03 -1.592370681464672089e-03 3.214920312166213989e-02 -1.497584977187216282e-03 9.999979138374328613e-01 -1.347327488474547863e-03 5.069420440122485161e-04 1.590353553183376789e-03 1.349706319160759449e-03 9.999978542327880859e-01 1.885532736778259277e-01 5.651891326904296875e+01
3.118993000000000000e+06 9.999975058072471112e-01 2.201855943591406791e-03 -3.744454151490768964e-04 7.203413446915396534e-02 -2.201846615315732319e-03 9.999975756120287329e-01 2.532265451924694622e-05 -3.910570191528930234e-03 3.745002641889903414e-04 -2.449811993688749700e-05 9.999999295746900829e-01 1.789525971223040503e-03 9.999988079071044922e-01 1.099432818591594696e-03 -1.141467131674289703e-03 5.856107920408248901e-02 -1.100417808629572392e-03 9.999991059303283691e-01 -8.646711939945816994e-04 -1.371025852859020233e-02 1.140514155849814415e-03 8.659291197545826435e-04 9.999989271163940430e-01 1.821470111608505249e-01 4.919247817993164062e+01
3.223003000000000000e+06 9.999974430535402137e-01 2.250152224518504971e-03 -2.251692405334839711e-04 3.163430335720247150e-02 -2.250135866873459196e-03 9.999974657857636506e-01 7.287298046988539195e-05 -4.299290721321720986e-03 2.253326452106495193e-04 -7.236613273736411443e-05 9.999999719941696785e-01 1.385240097878657692e-03 9.999979734420776367e-01 1.484814798459410667e-03 -1.342868432402610779e-03 2.253115735948085785e-02 -1.483926200307905674e-03 9.999986290931701660e-01 6.616707541979849339e-04 2.249647863209247589e-03 1.343850861303508282e-03 -6.596792372874915600e-04 9.999989271163940430e-01 1.899271905422210693e-01 4.887206268310546875e+01
3.326977000000000000e+06 9.999971853003150057e-01 2.367878605582917056e-03 -1.501407287483528098e-04 1.310980257286367516e-02 -2.367864611456061471e-03 9.999971922506445399e-01 9.331608302467205658e-05 -4.545401602172711129e-03 1.503612683519990210e-04 -9.296030744211255766e-05 9.999999843749346473e-01 1.169503971281220505e-03 9.999967813491821289e-01 1.312413136474788189e-03 -2.143783261999487877e-03 3.725992515683174133e-02 -1.310436404310166836e-03 9.999987483024597168e-01 9.259353973902761936e-04 -7.759803906083106995e-03 2.144996775314211845e-03 -9.231204167008399963e-04 9.999971985816955566e-01 1.861577332019805908e-01 4.895196914672851562e+01
3.430852000000000000e+06 9.999995303261888235e-01 9.573108815010192675e-04 -1.513382871593420612e-04 3.416111823012103754e-02 -9.572946214047392153e-04 9.999995360176352488e-01 1.074780045452626207e-04 -3.189327343977419512e-03 1.514411068043906513e-04 -1.073330787372472558e-04 9.999999827726004931e-01 1.378421310717502192e-03 9.999971985816955566e-01 8.150888606905937195e-04 -2.234127372503280640e-03 2.181527391076087952e-02 -8.150311768986284733e-04 9.999996423721313477e-01 2.244112874905113131e-05 -3.065201453864574432e-03 2.234144136309623718e-03 -2.062180828943382949e-05 9.999974966049194336e-01 1.887436509132385254e-01 4.899987030029296875e+01
3.534749000000000000e+06 9.999981749996518232e-01 1.906550352685721468e-03 -1.227322104576561478e-04 1.417327898802690257e-02 -1.906537626399808357e-03 9.999981771760672045e-01 1.037251130257872027e-04 -4.141222936544489489e-03 1.229297438850965080e-04 -1.034909301551556980e-04 9.999999870889528797e-01 1.173928972494794843e-03 9.999971389770507812e-01 7.397311273962259293e-04 -2.280723070725798607e-03 4.755632579326629639e-02 -7.417707238346338272e-04 9.999993443489074707e-01 -8.906307630240917206e-04 -1.541598513722419739e-02 2.280062530189752579e-03 8.923212881200015545e-04 9.999969601631164551e-01 1.829421818256378174e-01 4.891680145263671875e+01
3.638730000000000000e+06 9.999988894391560468e-01 1.444577543479462446e-03 -3.664915902688346090e-04 7.558251380275562981e-02 -1.444562803050257515e-03 9.999989557991747491e-01 4.048189597366554088e-05 -3.251025374031347396e-03 3.665496868181995120e-04 -3.995243087575383814e-05 9.999999320225601007e-01 1.893738519964308651e-03 9.999979734420776367e-01 -3.552703128661960363e-04 -1.994783990085124969e-03 4.837793856859207153e-02 3.532487608026713133e-04 9.999994039535522461e-01 -1.013384899124503136e-03 -1.446598768234252930e-02 1.995146973058581352e-03 1.012677908875048161e-03 9.999974966049194336e-01 1.828344762325286865e-01 4.950790405273437500e+01
3.742730000000000000e+06 9.999980917109299039e-01 1.940994922004520180e-03 -2.216150232923414290e-04 3.529294848884788338e-02 -1.940978304018163396e-03 9.999981134740978383e-01 7.517629728883534052e-05 -3.994492994963660601e-03 2.217605220208795577e-04 -7.474600387948088936e-05 9.999999726176526105e-01 1.417030839092978806e-03 9.999969601631164551e-01 -2.047747606411576271e-03 -1.287692110054194927e-03 4.267254471778869629e-02 2.046989742666482925e-03 9.999977350234985352e-01 -5.857411306351423264e-04 -3.993050660938024521e-03 1.288883504457771778e-03 5.831047892570495605e-04 9.999989867210388184e-01 1.835413426160812378e-01 5.308448028564453125e+01
3.846729000000000000e+06 9.999987654343732713e-01 1.559378686483395022e-03 -1.935662643810550493e-04 3.581995701015932426e-02 -1.559361663154121454e-03 9.999987803171169753e-01 8.806553424827432731e-05 -3.698015983824200301e-03 1.937033558055399911e-04 -8.776358572063280915e-05 9.999999773882817244e-01 1.437773199932457788e-03 9.999949932098388672e-01 -3.003387944772839546e-03 -1.025560661219060421e-03 2.972017601132392883e-02 3.003486199304461479e-03 9.999955296516418457e-01 8.957162208389490843e-05 8.021828718483448029e-03 1.025295816361904144e-03 -9.265230619348585606e-05 9.999995231628417969e-01 1.868690699338912964e-01 5.517532730102539062e+01
3.950602000000000000e+06 9.999999866100492962e-01 -1.059527001190340681e-04 -1.247153830521389051e-04 2.794659527612062405e-02 1.059639309686267214e-04 9.999999903314406025e-01 9.004867702715120851e-05 -2.196019588047083693e-03 1.247058409459308580e-04 -9.006189115352906645e-05 9.999999881686545411e-01 1.250618604725538090e-03 9.999911785125732422e-01 -4.035351797938346863e-03 -1.215749420225620270e-03 4.983326792716979980e-02 4.036020487546920776e-03 9.999917149543762207e-01 5.482334527187049389e-04 -2.189528662711381912e-03 1.213530893437564373e-03 -5.531352944672107697e-04 9.999991655349731445e-01 1.825369298458099365e-01 4.885286331176757812e+01
4.054603000000000000e+06 9.999997922409373796e-01 6.234678758082671081e-04 -1.637250280152631053e-04 4.136383324319722887e-02 -6.234505504543588544e-04 9.999998000526195696e-01 1.058495493002468448e-04 -2.832434012560565862e-03 1.637909890733567201e-04 -1.057474528489250280e-04 9.999999809949936536e-01 1.451557704728775574e-03 9.999831914901733398e-01 -5.666076671332120895e-03 -1.228489098139107227e-03 5.581411719322204590e-02 5.666383076459169388e-03 9.999839067459106445e-01 2.404846018180251122e-04 -5.349181126803159714e-03 1.227103406563401222e-03 -2.474420762155205011e-04 9.999991655349731445e-01 1.806322187185287476e-01 5.311385726928710938e+01
4.158380000000000000e+06 9.999993291083548730e-01 1.117562850237330090e-03 -3.046901498295388430e-04 6.664382827654616315e-02 -1.117544206384621028e-03 9.999993736651726639e-01 6.135293464358806069e-05 -3.037115017943983926e-03 3.047585247534498657e-04 -6.101238876349705299e-05 9.999999516998627769e-01 1.770200769225522457e-03 9.999775290489196777e-01 -6.648190785199403763e-03 -8.784226956777274609e-04 5.544083192944526672e-02 6.648059003055095673e-03 9.999778866767883301e-01 -1.541189849376678467e-04 -4.009596072137355804e-03 8.794197347015142441e-04 1.482757506892085075e-04 9.999995827674865723e-01 1.805818527936935425e-01 4.860364913940429688e+01
4.262355000000000000e+06 9.999996961765666992e-01 7.743761500927332864e-04 -8.937770189567976976e-05 8.180728057672429290e-03 -7.743676807896417635e-04 9.999996956881220811e-01 9.475431113919194695e-05 -3.120498637537058063e-03 8.945105017308493305e-05 -9.468507114930016164e-05 9.999999915166237763e-01 1.029385000062299623e-03 9.999734759330749512e-01 -7.222610525786876678e-03 -9.281916427426040173e-04 3.377170860767364502e-02 7.222646381705999374e-03 9.999738931655883789e-01 4.148246443946845829e-05 6.909504532814025879e-03 9.278735378757119179e-04 -4.818482921109534800e-05 9.999995827674865723e-01 1.827218085527420044e-01 4.896313476562500000e+01
4.366232000000000000e+06 9.999992112461089100e-01 -1.225149644484064887e-03 -2.766144799935115763e-04 9.653665614478884605e-02 1.225176840644291937e-03 9.999992446519353484e-01 9.816988866680935802e-05 -7.347343027558967581e-04 2.764939982538191219e-04 -9.850871287633193932e-05 9.999999569235519248e-01 2.048544859560661163e-03 9.999662041664123535e-01 -8.132891729474067688e-03 -1.156857819296419621e-03 3.385170176625251770e-02 8.133036084473133087e-03 9.999668598175048828e-01 1.271953660761937499e-04 1.050805486738681793e-02 1.155788777396082878e-03 -1.366024225717410445e-04 9.999993443489074707e-01 1.825404912233352661e-01 4.933964920043945312e+01
4.470105000000000000e+06 9.999998728766037459e-01 -4.715725462884626175e-04 -1.785108163604224283e-04 5.305991057915265818e-02 4.715900486334243034e-04 9.999998839977388698e-01 9.801702094448512623e-05 -1.708816886902483033e-03 1.784645735169118088e-04 -9.810119240826213529e-05 9.999999792632759954e-01 1.524763477558001333e-03 9.999492764472961426e-01 -9.978552348911762238e-03 -1.424076501280069351e-03 6.180617213249206543e-02 9.976886212825775146e-03 9.999495148658752441e-01 -1.180020626634359360e-03 -1.449247356504201889e-03 1.435775309801101685e-03 1.165752764791250229e-03 9.999983310699462891e-01 1.787763684988021851e-01 5.179420852661132812e+01
4.574104000000000000e+06 9.999978118793338977e-01 -2.078293328139660563e-03 -2.386074144302744956e-04 8.476215154397095941e-02 2.078324683777085617e-03 9.999978316692081926e-01 1.312383377747101585e-04 -2.717071279601834843e-05 2.383341452956454546e-04 -1.317339542758959683e-04 9.999999629215005070e-01 1.705188038299303242e-03 9.999150633811950684e-01 -1.289544813334941864e-02 -1.848446088843047619e-03 6.669087707996368408e-02 1.289274170994758606e-02 9.999158382415771484e-01 -1.468107453547418118e-03 3.949866164475679398e-03 1.867224229499697685e-03 1.444155001081526279e-03 9.999971389770507812e-01 1.792949885129928589e-01 4.785919952392578125e+01
4.677976000000000000e+06 9.997560930436257820e-01 -2.208501177878618646e-02 8.180802302319932745e-05 2.117064057166958280e-01 2.208490431856382705e-02 9.997554493932921948e-01 1.139484696880613398e-03 1.876597123696597744e-02 -1.069535489657962734e-04 -1.137400046342397801e-03 9.999993474408445104e-01 4.659851504506050228e-04 9.998724460601806641e-01 -1.582197286188602448e-02 -2.190975239500403404e-03 9.657181799411773682e-02 1.582002453505992889e-02 9.998744726181030273e-01 -9.045191109180450439e-04 -2.986898878589272499e-03 2.205002587288618088e-03 8.697419543750584126e-04 9.999971985816955566e-01 1.752319931983947754e-01 4.800892639160156250e+01
4.781730000000000000e+06 9.998803455382270222e-01 -1.546910193723034961e-02 3.865457296615488125e-05 1.631002285590822110e-01 1.546905403876434708e-02 9.998798184933263000e-01 1.028075617141222062e-03 1.211065399325816222e-02 -5.455333375168968735e-05 -1.027354653636258688e-03 9.999994707830403007e-01 2.210686978952046172e-04 9.998110532760620117e-01 -1.939990743994712830e-02 -1.245589461177587509e-03 7.456982880830764771e-02 1.940041966736316681e-02 9.998117089271545410e-01 4.007787210866808891e-04 2.579231187701225281e-02 1.237588585354387760e-03 -4.248685436323285103e-04 9.999992251396179199e-01 1.832852661609649658e-01 4.788105773925781250e+01
4.885477000000000000e+06 9.999418594602672572e-01 -1.078320584497586762e-02 1.286673363840826504e-05 9.027011768377077305e-02 1.078319616739294509e-02 9.999416790809593225e-01 6.009258319456923332e-04 7.264566167686702276e-03 -1.934589047716106904e-05 -6.007521492727179628e-04 9.999998193612712472e-01 -2.065241353134286782e-04 9.997619390487670898e-01 -2.181850932538509369e-02 3.405055758776143193e-05 1.114627197384834290e-01 2.181848138570785522e-02 9.997617006301879883e-01 7.202170672826468945e-04 1.837181113660335541e-02 -4.975636329618282616e-05 -7.193037890829145908e-04 9.999997615814208984e-01 1.802583932876586914e-01 4.786204910278320312e+01
4.989228000000000000e+06 9.997382292271598248e-01 -2.287920536111669179e-02 1.225806755078221594e-04 2.132321935588457340e-01 2.287905170709110536e-02 9.997375960040199017e-01 1.134976398340307568e-03 1.943061713184475459e-02 -1.485158658541384930e-04 -1.131874765328340793e-03 9.999993484011169276e-01 7.066165790841328308e-04 9.997201561927795410e-01 -2.363777160644531250e-02 9.380737319588661194e-04 1.183156445622444153e-01 2.363730408251285553e-02 9.997204542160034180e-01 4.935365868732333183e-04 2.662656269967556000e-02 -9.494797559455037117e-04 -4.712238442152738571e-04 9.999994039535522461e-01 1.800083220005035400e-01 4.828524780273437500e+01
5.092855000000000000e+06 9.995918698952394044e-01 -2.856556272831562576e-02 3.198159436041513991e-04 2.302508632638329555e-01 2.856517668648546338e-02 9.995912673822188177e-01 1.152766667032509252e-03 2.428654863639815101e-02 -3.526146522560990757e-04 -1.143160589514423441e-03 9.999992844231455624e-01 2.296246932274528460e-03 9.996391534805297852e-01 -2.683534659445285797e-02 1.198271987959742546e-03 1.606535166501998901e-01 2.683445066213607788e-02 9.996395707130432129e-01 7.360399467870593071e-04 1.626690477132797241e-02 -1.217592740431427956e-03 -7.036220631562173367e-04 9.999990463256835938e-01 1.788266897201538086e-01 5.283222579956054688e+01
5.196627000000000000e+06 9.995679750720261048e-01 -2.938991590605536178e-02 3.099478700581975591e-04 2.645172706285060515e-01 2.938952439400385405e-02 9.995673143745515965e-01 1.199960082673601170e-03 2.509115138508566031e-02 -3.450804854116766704e-04 -1.190332449676009862e-03 9.999992320137767177e-01 3.499250044513299487e-03 9.995425343513488770e-01 -3.020450659096240997e-02 1.554780174046754837e-03 1.591080725193023682e-01 3.020317479968070984e-02 9.995433092117309570e-01 9.258994832634925842e-04 3.474146127700805664e-02 -1.582038938067853451e-03 -8.785165846347808838e-04 9.999983310699462891e-01 1.798355132341384888e-01 5.235248184204101562e+01
5.300239000000000000e+06 9.994796656311528693e-01 -3.225352624086420816e-02 3.287481540049402200e-04 2.538686869695850334e-01 3.225309238869483730e-02 9.994789531399284055e-01 1.249120576495103005e-03 2.752884930582699674e-02 -3.688654025430440500e-04 -1.237867471982309056e-03 9.999991658109028680e-01 3.356735234977006616e-03 9.994312524795532227e-01 -3.359901160001754761e-02 2.867825794965028763e-03 1.978754848241806030e-01 3.360039740800857544e-02 9.994352459907531738e-01 -4.621680709533393383e-04 3.456511721014976501e-02 -2.850677818059921265e-03 5.582673475146293640e-04 9.999957680702209473e-01 1.796935051679611206e-01 4.872883224487304688e+01
5.403733000000000000e+06 9.994094276237019958e-01 -3.436103380665468665e-02 3.395445466033069964e-04 2.574363473153101767e-01 3.436056802331496907e-02 9.994086639914628867e-01 1.293700798754011559e-03 2.936645898731864504e-02 -3.837966601454988625e-04 -1.281269830865447651e-03 9.999991055234401793e-01 3.631755723629238528e-03 9.992937445640563965e-01 -3.743131086230278015e-02 3.280007280409336090e-03 2.183894813060760498e-01 3.743077814579010010e-02 9.992992281913757324e-01 2.255538711324334145e-04 3.295750543475151062e-02 -3.286149352788925171e-03 -1.026240133796818554e-04 9.999946355819702148e-01 1.792255491018295288e-01 5.133712005615234375e+01
5.507500000000000000e+06 9.993098017182611148e-01 -3.714559768016156144e-02 3.529636311219866234e-04 2.533027055185080867e-01 3.714509187542964358e-02 9.993089773442858093e-01 1.345276551766560027e-03 3.175009524743602207e-02 -4.026908332818576676e-04 -1.331237175870065128e-03 9.999990328232437609e-01 3.699868838372963320e-03 9.991527199745178223e-01 -4.087522998452186584e-02 4.811720922589302063e-03 2.113903313875198364e-01 4.087490960955619812e-02 9.991642832756042480e-01 1.757794234436005354e-04 5.475896224379539490e-02 -4.814886953681707382e-03 2.105458588630426675e-05 9.999883770942687988e-01 1.767637878656387329e-01 4.898316955566406250e+01
5.611107000000000000e+06 9.993366191821124733e-01 -3.641704255763704434e-02 3.473208170598446700e-04 2.614953398265428830e-01 3.641654763694875119e-02 9.993358014763559227e-01 1.338284206271790795e-03 3.117214459145040834e-02 -3.958264778328331982e-04 -1.324748189719876252e-03 9.999990441814021747e-01 3.916907196840397135e-03 9.990636706352233887e-01 -4.309574514627456665e-02 3.812159877270460129e-03 2.525523602962493896e-01 4.308521002531051636e-02 9.990674853324890137e-01 2.805006457492709160e-03 3.539322689175605774e-02 -3.929489292204380035e-03 -2.638129051774740219e-03 9.999887943267822266e-01 1.777840554714202881e-01 4.876636886596679688e+01
5.714602000000000000e+06 9.990203350490822753e-01 -4.425248009487411233e-02 2.968901334062159364e-04 3.527100474973148825e-01 4.425206628148196236e-02 9.990195779806074761e-01 1.279617572528261166e-03 3.892127512124610167e-02 -3.532253075179594276e-04 -1.265225974032276740e-03 9.999991372171773696e-01 5.503541537833854524e-03 9.990119934082031250e-01 -4.431867972016334534e-02 3.326159901916980743e-03 2.664081156253814697e-01 4.431079328060150146e-02 9.990149140357971191e-01 2.392028225585818291e-03 5.325462296605110168e-02 -3.428896656259894371e-03 -2.242285525426268578e-03 9.999915957450866699e-01 1.801756769418716431e-01 4.831603240966796875e+01
5.818230000000000000e+06 9.986158519094331387e-01 -5.259295751987311945e-02 6.009158856739170614e-04 3.613988709797165688e-01 5.259229146621293566e-02 9.986154890598970546e-01 1.075106217224584826e-03 4.639937932550068644e-02 -6.566269273644421804e-04 -1.042014567187117546e-03 9.999992415230628540e-01 5.601922526954402487e-03 9.989254474639892578e-01 -4.614044353365898132e-02 4.349096678197383881e-03 2.638876438140869141e-01 4.613634198904037476e-02 9.989346265792846680e-01 1.043479656800627708e-03 6.374236941337585449e-02 -4.392609931528568268e-03 -8.417084463872015476e-04 9.999899864196777344e-01 1.778436899185180664e-01 4.914924621582031250e+01
5.921818000000000000e+06 9.986222231828757456e-01 -5.247181921654498621e-02 6.030112646759097465e-04 3.571333753867252936e-01 5.247114394240792040e-02 9.986218503742919639e-01 1.085853400611420244e-03 4.628391288257025643e-02 -6.591569268500044494e-04 -1.052716646933581773e-03 9.999992286496254268e-01 5.530490240754401543e-03 9.988381266593933105e-01 -4.773209244012832642e-02 6.633275188505649567e-03 3.008639812469482422e-01 4.772927239537239075e-02 9.988601803779602051e-01 5.975321982987225056e-04 5.259645357728004456e-02 -6.654240656644105911e-03 -2.802452654577791691e-04 9.999777674674987793e-01 1.826810836791992188e-01 4.910492706298828125e+01
6.025500000000000000e+06 9.983283385593187953e-01 -5.778996852803033879e-02 9.208148227397433550e-04 4.091677387151276823e-01 5.778906337802637572e-02 9.983283335959557414e-01 9.810333484655119497e-04 4.963784001201466262e-02 -9.759694149739852210e-04 -9.261803655951774761e-04 9.999990948363879362e-01 6.716543764924453805e-03 9.988024234771728516e-01 -4.860530421137809753e-02 5.595571361482143402e-03 2.952159643173217773e-01 4.859485477209091187e-02 9.988165497779846191e-01 1.980506349354982376e-03 4.804776981472969055e-02 -5.685212090611457825e-03 -1.706212875433266163e-03 9.999823570251464844e-01 1.817377954721450806e-01 5.333830261230468750e+01
6.129102000000000000e+06 9.983183424229504777e-01 -5.796225349736992827e-02 9.296943129442983029e-04 4.027744286347263447e-01 5.796129771925885577e-02 9.983183056046051052e-01 1.024032013962187550e-03 4.961217562438165196e-02 -9.874860547531480719e-04 -9.684236535775483587e-04 9.999990435129962885e-01 6.696326840873258884e-03 9.987388849258422852e-01 -5.010610073804855347e-02 3.177625592797994614e-03 2.689192891120910645e-01 5.009459331631660461e-02 9.987379908561706543e-01 3.605282399803400040e-03 8.669424802064895630e-02 -3.354262560606002808e-03 -3.441549371927976608e-03 9.999884963035583496e-01 1.794537454843521118e-01 5.301654434204101562e+01
