0.000000000000000000e+00 9.998490981789089904e-01 -1.736966743445655242e-02 -2.748139694855548237e-04 3.112682479612624564e-01 1.736985516037315574e-02 9.998488903462902089e-01 6.961348123091040414e-04 1.528626810545314317e-02 2.626808122093270831e-04 -7.008032431646468979e-04 9.999997199367621770e-01 3.081265659386645678e-03 9.999307990074157715e-01 1.170817390084266663e-02 1.198913552798330784e-03 2.882497608661651611e-01 -1.170451100915670395e-02 9.999269247055053711e-01 -3.019153838977217674e-03 -1.830119639635086060e-02 -1.234174589626491070e-03 3.004912519827485085e-03 9.999946951866149902e-01 6.838262081146240234e-03 9.703561401367187500e+01
1.037550000000000000e+05 9.998124362855401737e-01 -1.936712930857752840e-02 -8.103981333977832054e-05 2.826459769104435193e-01 1.936719353258587600e-02 9.998120461124527791e-01 8.855955453331747565e-04 1.669458947352768508e-02 6.387313889772284863e-05 -8.869989534308715326e-04 9.999996045764784069e-01 2.403601667937166949e-03 9.999762773513793945e-01 6.884827278554439545e-03 3.434106474742293358e-04 2.929180860519409180e-01 -6.884114816784858704e-03 9.999743103981018066e-01 -2.028184244409203529e-03 -1.239887252449989319e-02 -3.573666326701641083e-04 2.025772118940949440e-03 9.999979138374328613e-01 5.173828452825546265e-03 5.001363372802734375e+01
2.073550000000000000e+05 9.998445640993978145e-01 -1.763054002271557952e-02 -1.082822600131317574e-04 2.600076866854155178e-01 1.763063120253172134e-02 9.998441556716652912e-01 9.084262973612128485e-04 1.507307155679099737e-02 9.224933996687607928e-05 -9.101941797477228029e-04 9.999995815182541881e-01 1.831171984441912030e-03 9.999968409538269043e-01 2.124302089214324951e-03 -1.303723780438303947e-03 2.986506521701812744e-01 -2.128020161762833595e-03 9.999936223030090332e-01 -2.851367229595780373e-03 -9.906561113893985748e-03 1.297659124247729778e-03 2.854132791981101036e-03 9.999950528144836426e-01 2.994649345055222511e-03 5.018665695190429688e+01
3.109080000000000000e+05 9.998574203845619346e-01 -1.688431611335220947e-02 -2.424380103567724994e-04 2.962453368369167839e-01 1.688448806512917247e-02 9.998571835488151427e-01 7.256538380261042800e-04 1.477612333351835741e-02 2.301512176404517211e-04 -7.296438162051286378e-04 9.999997073251214452e-01 2.657745404302757925e-03 9.999969005584716797e-01 -1.670915749855339527e-03 -1.837256597355008125e-03 3.060050904750823975e-01 1.668163109570741653e-03 9.999974966049194336e-01 -1.498448080383241177e-03 -5.865473300218582153e-03 1.839756383560597897e-03 1.495379256084561348e-03 9.999971985816955566e-01 2.118128119036555290e-03 5.468492889404296875e+01
4.144830000000000000e+05 9.998123941113155055e-01 -1.936928091280515699e-02 -8.693356922103454097e-05 2.911027210851937497e-01 1.936934816167662152e-02 9.998120317217829012e-01 8.541635173862709932e-04 1.670518015995470923e-02 7.037269619812028167e-05 -8.556871177720288320e-04 9.999996314235709560e-01 2.700368682974661500e-03 9.999786019325256348e-01 -6.443595048040151596e-03 -1.192112104035913944e-03 3.156018555164337158e-01 6.440661381930112839e-03 9.999762773513793945e-01 -2.457419876009225845e-03 -2.283939858898520470e-03 1.207917812280356884e-03 2.449687803164124489e-03 9.999963045120239258e-01 1.122023561038076878e-03 5.001830291748046875e+01
5.181200000000000000e+05 9.998063025220058631e-01 -1.968113003992931140e-02 -1.026937827071850904e-04 3.069718860246589132e-01 1.968120486740822586e-02 9.998059964494981910e-01 7.871638717546990387e-04 1.697665655618574992e-02 8.718158476094802845e-05 -7.890325375300617523e-04 9.999996849134539234e-01 3.338747677916967770e-03 9.999251961708068848e-01 -1.203412376344203949e-02 -2.150418236851692200e-03 3.232847452163696289e-01 1.202918402850627899e-02 9.999250173568725586e-01 -2.293178113177418709e-03 6.844806921435520053e-05 2.177853602916002274e-03 2.267140196636319160e-03 9.999949932098388672e-01 1.804965781047940254e-03 4.999689483642578125e+01
6.217140000000000000e+05 9.997777149862491219e-01 -2.108365524467547408e-02 1.040509812732480770e-05 2.823178146711914915e-01 2.108363633038129459e-02 9.997772790708839841e-01 9.340998850449947323e-04 1.791069801733409170e-02 -3.009702019748974460e-05 -9.336728713437825828e-04 9.999995636744838379e-01 2.777221556580956961e-03 9.998709559440612793e-01 -1.606743223965167999e-02 -1.073501407518051565e-04 3.377104997634887695e-01 1.606748625636100769e-02 9.998707175254821777e-01 5.192992975935339928e-04 6.193014327436685562e-03 9.899132419377565384e-05 -5.209611263126134872e-04 9.999998807907104492e-01 4.906733985990285873e-03 4.979996871948242188e+01
7.252150000000000000e+05 9.997671989719532082e-01 -2.157653275687140479e-02 3.337353213984814394e-05 2.818158875259807461e-01 2.157649134331865795e-02 9.997667492142948698e-01 9.498455965327463196e-04 1.827000963604321487e-02 -5.386012149246498975e-05 -9.489043878141544680e-04 9.999995483396922902e-01 2.867111063740059983e-03 9.998168945312500000e-01 -1.912933588027954102e-02 2.674214483704417944e-04 3.552210330963134766e-01 1.912795752286911011e-02 9.998071789741516113e-01 4.445635247975587845e-03 1.075894944369792938e-02 -3.524089115671813488e-04 -4.439702723175287247e-03 9.999901056289672852e-01 6.525655277073383331e-03 4.966211318969726562e+01
8.289180000000000000e+05 9.997570163542455202e-01 -2.204325377373427333e-02 5.671094074277400858e-05 2.871117608074775784e-01 2.204319045521253503e-02 9.997565735596105618e-01 9.441300303773920641e-04 1.861110920293129398e-02 -7.750883354376678254e-05 -9.426505321607952029e-04 9.999995527010798746e-01 3.157958137457274935e-03 9.998085498809814453e-01 -1.952980086207389832e-02 -1.248406129889190197e-03 3.596095740795135498e-01 1.953415200114250183e-02 9.998028874397277832e-01 3.566348226740956306e-03 1.218103989958763123e-02 1.178507925942540169e-03 -3.590052248910069466e-03 9.999929070472717285e-01 4.435829352587461472e-03 4.987638473510742188e+01
9.325020000000000000e+05 9.996819581528918475e-01 -2.521749489447404693e-02 2.459457239568913064e-04 2.759237184642012730e-01 2.521721676180612923e-02 9.996814173605492737e-01 1.075061502475323271e-03 2.130915759761865813e-02 -2.729777281046750614e-04 -1.068517521239585729e-03 9.999993918765431866e-01 3.413886460658798524e-03 9.997987747192382812e-01 -2.005081064999103546e-02 -6.647572736255824566e-04 3.729647994041442871e-01 2.005118690431118011e-02 9.997987151145935059e-01 5.866627907380461693e-04 6.770215462893247604e-03 6.528600351884961128e-04 -5.998751148581504822e-04 9.999995827674865723e-01 2.877790248021483421e-03 5.466992187500000000e+01
1.036104000000000000e+06 9.996875642349107860e-01 -2.499439250446975833e-02 2.329090030376951520e-04 3.163135617823666368e-01 2.499416250267142217e-02 9.996871523462260711e-01 9.430078839935960352e-04 2.103175372369848334e-02 -2.564060475960094746e-04 -9.368918890279099090e-04 9.999995282446441092e-01 4.613848904429223609e-03 9.997805356979370117e-01 -2.094279788434505463e-02 5.114593659527599812e-04 3.855886459350585938e-01 2.094362489879131317e-02 9.997794032096862793e-01 -1.635190332308411598e-03 4.063850734382867813e-03 -4.771015665028244257e-04 1.645545125938951969e-03 9.999985098838806152e-01 1.653839950449764729e-03 5.199865722656250000e+01
1.139865000000000000e+06 9.997843857026605940e-01 -2.076492127697681864e-02 -1.211867898135601091e-05 2.997954972593350753e-01 2.076492398627827543e-02 9.997840109051425728e-01 8.657179754418563083e-04 1.767250463212301573e-02 -5.860504239838605677e-06 -8.657829577171490204e-04 9.999996251926898116e-01 3.351523256894412342e-03 9.997981786727905273e-01 -2.007406763732433319e-02 8.269854588434100151e-04 3.944657742977142334e-01 2.007540315389633179e-02 9.997971057891845703e-01 -1.613827538676559925e-03 6.872806698083877563e-03 -7.944203098304569721e-04 1.630102633498609066e-03 9.999983906745910645e-01 3.029244719073176384e-03 5.552307128906250000e+01
1.243510000000000000e+06 9.997515389600029057e-01 -2.229036214262792789e-02 8.210700183253769732e-06 3.428095733319046490e-01 2.229034914822787886e-02 9.997512407398528866e-01 7.726180764020295407e-04 1.894117889363041568e-02 -2.543059563769021098e-05 -7.722430915108168675e-04 9.999997014968804443e-01 4.876403034191495629e-03 9.998337030410766602e-01 -1.822549104690551758e-02 4.599151143338531256e-04 4.020117819309234619e-01 1.822505518794059753e-02 9.998335838317871094e-01 8.857877110131084919e-04 1.718645729124546051e-02 -4.759832518175244331e-04 -8.772572036832571030e-04 9.999994039535522461e-01 5.025941878557205200e-03 4.981027221679687500e+01
1.347350000000000000e+06 9.998182740151198011e-01 -1.906239733095982034e-02 -2.096650247383168020e-04 3.370967870230076047e-01 1.906253110511735641e-02 9.998180784357608708e-01 6.557033588534134493e-04 1.644213734566803142e-02 1.971276043982832238e-04 -6.595809465064627220e-04 9.999997630468171472e-01 4.476867251330804952e-03 9.998729825019836426e-01 -1.590729318559169769e-02 1.039622817188501358e-03 4.168975353240966797e-01 1.590599305927753448e-02 9.998726248741149902e-01 1.279974938370287418e-03 1.706491969525814056e-02 -1.059851958416402340e-03 -1.263276441022753716e-03 9.999986290931701660e-01 5.201028194278478622e-03 4.986873626708984375e+01
1.451124000000000000e+06 9.997845942877724434e-01 -2.075311406013259294e-02 -2.707028577849950502e-04 4.261753161274858259e-01 2.075323954037634408e-02 9.997845182009457154e-01 4.692682365936959223e-04 1.712758261758611303e-02 2.609057489708838172e-04 -4.747851148073856326e-04 9.999998532536311657e-01 6.326421408546412453e-03 9.999026060104370117e-01 -1.395440939813852310e-02 -2.359816135140135884e-04 4.283077716827392578e-01 1.395456865429878235e-02 9.999023079872131348e-01 9.110424434766173363e-04 1.524612959474325180e-02 2.232467522844672203e-04 -9.142469498328864574e-04 9.999996423721313477e-01 4.985402803868055344e-03 5.005881500244140625e+01
1.555101000000000000e+06 9.997918370339736738e-01 -2.040242504839728452e-02 -1.537960585839914340e-04 3.581188023269601395e-01 2.040252120245911530e-02 9.997916343269253048e-01 6.519657434457164571e-04 1.744246971188972983e-02 1.404623305772035213e-04 -6.549678556627925793e-04 9.999997756436961316e-01 5.319820738175717011e-03 9.999226331710815430e-01 -1.242392230778932571e-02 -6.727899308316409588e-04 4.424991011619567871e-01 1.242321077734231949e-02 9.999220967292785645e-01 -1.126255840063095093e-03 8.640539832413196564e-03 6.867293850518763065e-04 1.117810141295194626e-03 9.999991059303283691e-01 4.508280660957098007e-03 5.048048019409179688e+01
1.659233000000000000e+06 9.998005353426061559e-01 -1.996908328815768033e-02 -3.538844590712178907e-04 4.876323261115022012e-01 1.996919565470937560e-02 9.998005455094327587e-01 3.168862363658594495e-04 1.633983777898891446e-02 3.474859474666442826e-04 -3.238898168875587380e-04 9.999998871744431028e-01 6.674588354081739151e-03 9.999455213546752930e-01 -1.018598303198814392e-02 -2.267125761136412621e-03 4.529043436050415039e-01 1.017847470939159393e-02 9.999428987503051758e-01 -3.278817515820264816e-03 3.050575964152812958e-03 2.300395630300045013e-03 3.255563788115978241e-03 9.999920725822448730e-01 2.811944810673594475e-03 5.242566299438476562e+01
1.762893000000000000e+06 9.998897311605851046e-01 -1.484149325656721266e-02 -5.055617086420773846e-04 4.039676533472640885e-01 1.484168550359020108e-02 9.998897844182786931e-01 3.786588123649746386e-04 1.321044709325552846e-02 4.998861255282435658e-04 -3.861204461448666521e-04 9.999998005124070000e-01 5.985651668276594471e-03 9.999653100967407227e-01 -8.055655285716056824e-03 -2.126881154254078865e-03 4.686108827590942383e-01 8.057027123868465424e-03 9.999673366546630859e-01 6.000155699439346790e-04 4.702163394540548325e-03 2.121976343914866447e-03 -6.171323475427925587e-04 9.999974966049194336e-01 1.307344995439052582e-03 5.776153564453125000e+01
1.867090000000000000e+06 9.999116947950487111e-01 -1.327658741744540925e-02 -5.786628002414696305e-04 4.314102546997380383e-01 1.327675954697028239e-02 9.999118165390300517e-01 2.946413558108152190e-04 1.201625887889408439e-02 5.746999403049650977e-04 -3.022981037830107750e-04 9.999997891679096584e-01 6.439680450711157342e-03 9.999704957008361816e-01 -7.495754864066839218e-03 -1.665242598392069340e-03 4.818924665451049805e-01 7.497685495764017105e-03 9.999710917472839355e-01 1.227839267812669277e-03 8.642846718430519104e-03 1.655991305597126484e-03 -1.240288955159485340e-03 9.999979138374328613e-01 1.660431502386927605e-03 5.256143951416015625e+01
1.970961000000000000e+06 9.999023109988341984e-01 -1.396640546636565561e-02 -5.549557866017878170e-04 4.375593012775633728e-01 1.396657112323901329e-02 9.999024189470676616e-01 2.957587690751511890e-04 1.247770398867672874e-02 5.507709465080803685e-04 -3.034807062240545117e-04 9.999998022753915361e-01 6.696284556377935307e-03 9.999615550041198730e-01 -8.335798978805541992e-03 -2.710049273446202278e-03 5.023853778839111328e-01 8.335487917065620422e-03 9.999652504920959473e-01 -1.525480620330199599e-04 3.648732090368866920e-03 2.711230656132102013e-03 1.299537543673068285e-04 9.999963045120239258e-01 1.390287652611732483e-03 5.207302474975585938e+01
2.076388000000000000e+06 9.999287737678591581e-01 -1.191662575586440592e-02 -6.643927492490940600e-04 5.181949884787410143e-01 1.191668856629140433e-02 9.999289896340114447e-01 9.065956155147949786e-05 1.054779538414459331e-02 6.632652143791476938e-04 -9.857046591174959684e-05 9.999997751815278280e-01 7.313392225875031509e-03 9.999672174453735352e-01 -7.945919409394264221e-03 -1.545266481116414070e-03 5.047191977500915527e-01 7.940587587654590607e-03 9.999625682830810547e-01 -3.447886323556303978e-03 -1.781919272616505623e-03 1.572607783600687981e-03 3.435501595959067345e-03 9.999928474426269531e-01 2.054949989542365074e-03 5.227273559570312500e+01
2.179116000000000000e+06 9.999424968862216101e-01 -1.070277579611634763e-02 -6.734353597875591263e-04 4.331304346473474065e-01 1.070292464322285600e-02 9.999426983412089687e-01 2.178121816578372993e-04 9.804828800311320494e-03 6.710655759603560006e-04 -2.250073844382481853e-04 9.999997495213120979e-01 6.374158654642720669e-03 9.999666810035705566e-01 -7.995328865945339203e-03 -1.658283872529864311e-03 5.252484083175659180e-01 7.984604686498641968e-03 9.999483227729797363e-01 -6.300461012870073318e-03 -6.740355398505926132e-03 1.708562718704342842e-03 6.287008058279752731e-03 9.999787211418151855e-01 2.314908662810921669e-03 5.013932800292968750e+01
2.283102000000000000e+06 9.999308693913390167e-01 -1.173999954681227004e-02 -6.548664644827516734e-04 4.432169683718732989e-01 1.174015148888384735e-02 9.999310559026918233e-01 2.286602443921048567e-04 1.084912096910037489e-02 6.521368441629555668e-04 -2.363326684036239122e-04 9.999997594321762273e-01 6.505817612480089759e-03 9.999594688415527344e-01 -8.937319740653038025e-03 -1.082650269381701946e-03 5.359042286872863770e-01 8.936615660786628723e-03 9.999597668647766113e-01 -7.280660211108624935e-04 1.394521794281899929e-03 1.089121098630130291e-03 7.183667621575295925e-04 9.999992251396179199e-01 1.807859051041305065e-03 5.030457687377929688e+01
2.387073000000000000e+06 9.999226236338663032e-01 -1.242240099458522679e-02 -6.562769981599351479e-04 5.682191956269918576e-01 1.242241012456941213e-02 9.999228388384413524e-01 9.837188072422047247e-06 1.057036003520572288e-02 6.561041575704552918e-04 -1.798896889071267030e-05 9.999997846018435776e-01 7.534860488996411934e-03 9.999495148658752441e-01 -8.839672431349754333e-03 -4.797264933586120605e-03 5.494813323020935059e-01 8.864815346896648407e-03 9.999469518661499023e-01 5.244394764304161072e-03 8.854003623127937317e-03 4.750655498355627060e-03 -5.286654923111200333e-03 9.999747276306152344e-01 2.834054408594965935e-03 5.328627014160156250e+01
2.491106000000000000e+06 9.999247360384070360e-01 -1.225182000517325252e-02 -6.443297918257909337e-04 4.666989557904999142e-01 1.225194788238933609e-02 9.999249230743255668e-01 1.948940731203898779e-04 1.110029084623117245e-02 6.418936103539460295e-04 -2.027736998688426263e-04 9.999997734276778738e-01 7.065315856842154484e-03 9.999528527259826660e-01 -9.019532240927219391e-03 -3.576481947675347328e-03 5.601937174797058105e-01 9.033557958900928497e-03 9.999514222145080566e-01 3.931255545467138290e-03 5.037021357566118240e-03 3.540844423696398735e-03 -3.963378723710775375e-03 9.999858736991882324e-01 6.527240853756666183e-03 5.600982284545898438e+01
2.595229000000000000e+06 9.999557114200251506e-01 -9.390537225677743002e-03 -6.269023677078018521e-04 5.510012539503960083e-01 9.390555933452579204e-03 9.999559073943716792e-01 2.690473387819124771e-05 9.011873421113697838e-03 6.266220760359751153e-04 -3.279050422102094340e-05 9.999998031347533400e-01 7.203002903474229474e-03 9.999616146087646484e-01 -8.625126443803310394e-03 -1.514476258307695389e-03 5.686273574829101562e-01 8.622391149401664734e-03 9.999611377716064453e-01 -1.818202435970306396e-03 -6.736749317497014999e-03 1.530105830170214176e-03 1.805068808607757092e-03 9.999971389770507812e-01 1.118874084204435349e-02 4.989449691772460938e+01
2.699213000000000000e+06 9.999170962430342646e-01 -1.286212352657122374e-02 -6.053244187624911210e-04 4.192857517233506415e-01 1.286230522925458850e-02 9.999172329489723898e-01 2.972443924272364334e-04 1.170836267558825888e-02 6.014511237142878631e-04 -3.050056172636908015e-04 9.999997726140315013e-01 6.066740042971580441e-03 9.999576210975646973e-01 -8.909025229513645172e-03 -2.350310329347848892e-03 5.806009769439697266e-01 8.902522735297679901e-03 9.999566078186035156e-01 -2.749606734141707420e-03 -9.145661257207393646e-03 2.374705160036683083e-03 2.728569786995649338e-03 9.999935030937194824e-01 7.481900975108146667e-03 4.988793563842773438e+01
2.803189000000000000e+06 9.999717570684121259e-01 -7.497492002180440422e-03 -5.221867132793209200e-04 5.201200395911764751e-01 7.497521135034899108e-03 9.999718917430904241e-01 5.385489233161496055e-05 7.689554215030419172e-03 5.217682588948181635e-04 -5.776847724650225236e-05 9.999998622103334345e-01 6.972031650800615717e-03 9.999629259109497070e-01 -8.238865062594413757e-03 -2.495103282853960991e-03 5.893901586532592773e-01 8.241528645157814026e-03 9.999655485153198242e-01 1.055094529874622822e-03 -4.070342984050512314e-03 2.486312994733452797e-03 -1.075616688467562199e-03 9.999963045120239258e-01 3.908055834472179413e-03 4.981468963623046875e+01
2.907234000000000000e+06 9.999349878511931689e-01 -1.139928183812522269e-02 2.764916384321337308e-04 8.745280871207700146e-01 1.139926113499995300e-02 9.999350233995197845e-01 7.633867450751607065e-05 8.904538247268483503e-03 -2.773438789914925927e-04 -7.318191125136428604e-05 9.999999588623904589e-01 1.036322608650505975e-02 9.999603629112243652e-01 -8.242840878665447235e-03 -3.349212463945150375e-03 6.065908670425415039e-01 8.249701000750064850e-03 9.999638795852661133e-01 2.046207664534449577e-03 1.765527267707511783e-04 3.332228865474462509e-03 -2.073759445920586586e-03 9.999922513961791992e-01 4.015699028968811035e-03 4.986809539794921875e+01
3.011247000000000000e+06 9.999645031731312361e-01 -8.405932261408097933e-03 -5.768013425507329461e-04 5.904962949197543054e-01 8.405932033231307970e-03 9.999646695268512575e-01 -2.819908144726833672e-06 8.270406348667165564e-03 5.768046678430830158e-04 -2.028744612617131471e-06 9.999998336461234372e-01 7.478347212867546279e-03 9.999543428421020508e-01 -8.132143877446651459e-03 -5.040496122092008591e-03 6.156432032585144043e-01 8.134511299431324005e-03 9.999667406082153320e-01 4.454709705896675587e-04 -3.667857032269239426e-03 5.036704707890748978e-03 -4.864496004302054644e-04 9.999872446060180664e-01 1.898525399155914783e-03 5.454329681396484375e+01
3.115221000000000000e+06 9.999872385111067130e-01 -5.034356859231346910e-03 -4.219787177820390374e-04 5.520896875988196006e-01 5.034336196431191991e-03 9.999873263985490368e-01 -5.001435475580136048e-05 5.740150790729293094e-03 4.222251599009729187e-04 4.788933377288505795e-05 9.999999097162592943e-01 7.619377226786416997e-03 9.999539852142333984e-01 -6.107148248702287674e-03 -7.390865590423345566e-03 6.297119855880737305e-01 6.111707538366317749e-03 9.999811649322509766e-01 5.959307891316711903e-04 -2.438265597447752953e-03 7.387096062302589417e-03 -6.410811329260468483e-04 9.999725222587585449e-01 -3.632903797551989555e-03 5.022777557373046875e+01
3.219570000000000000e+06 9.999829825915838022e-01 -5.832276017327116258e-03 -1.381492944598697445e-04 7.228795499010809422e-01 5.832278455722976485e-03 9.999829919712823756e-01 1.725415603989905114e-05 6.387452237499759503e-03 1.380463138168595014e-04 -1.805958753643397517e-05 9.999999903085337039e-01 8.627437854201331149e-03 9.999565482139587402e-01 -4.383340477943420410e-03 -8.229888975620269775e-03 6.420314908027648926e-01 4.399796947836875916e-03 9.999883770942687988e-01 1.983029767870903015e-03 -2.824458526447415352e-03 8.221097290515899658e-03 -2.019150648266077042e-03 9.999641776084899902e-01 -1.076531503349542618e-02 5.276937484741210938e+01
3.323567000000000000e+06 9.999906613099965869e-01 -4.320336748790184513e-03 -1.094694583970179402e-04 7.394868189188065211e-01 4.320331077932163498e-03 9.999906659750109617e-01 -5.198673398477475337e-05 5.019534863366158922e-03 1.096930367989784236e-04 5.151330420345936496e-05 9.999999926569087538e-01 8.828044200723045992e-03 9.999548792839050293e-01 -4.197899252176284790e-03 -8.512736298143863678e-03 6.557186841964721680e-01 4.219720140099525452e-03 9.999878406524658203e-01 2.552504418417811394e-03 -9.210469434037804604e-04 8.501934818923473358e-03 -2.588313305750489235e-03 9.999606013298034668e-01 -7.977988570928573608e-03 4.996758270263671875e+01
3.427467000000000000e+06 9.999516692256560368e-01 -9.826294067888844894e-03 -3.211860688026451109e-04 6.787687743930190809e-01 9.826329548091010044e-03 9.999517145107251759e-01 1.090754157645033460e-04 8.836712692005262160e-03 3.200987530965044257e-04 -1.122262241330422507e-04 9.999999424710314111e-01 8.097323765491767217e-03 9.999495148658752441e-01 -4.383753985166549683e-03 -9.053606539964675903e-03 6.684220433235168457e-01 4.415680654346942902e-03 9.999841451644897461e-01 3.496733959764242172e-03 -4.475130117498338223e-04 9.038113057613372803e-03 -3.536538686603307724e-03 9.999527931213378906e-01 -9.847154840826988220e-03 4.980284881591796875e+01
3.531593000000000000e+06 9.999846397842243606e-01 -5.532239756421247247e-03 -3.384087055556716161e-04 6.551444022997900962e-01 5.532243729417857768e-03 9.999846969649676121e-01 1.080527227988710231e-05 6.498619654470771598e-03 3.383437495218067715e-04 -1.267726565283732094e-05 9.999999426813983572e-01 8.011259124269040979e-03 9.999646544456481934e-01 -4.412021022289991379e-03 -7.149172481149435043e-03 6.828341484069824219e-01 4.430976230651140213e-03 9.999867677688598633e-01 2.634518314152956009e-03 -3.788954054471105337e-04 7.137469016015529633e-03 -2.666099229827523232e-03 9.999709725379943848e-01 -6.104582920670509338e-03 4.992399978637695312e+01
3.635476000000000000e+06 9.999483762916776541e-01 -1.016006447595399487e-02 -1.335742822941924897e-04 7.413069526833634404e-01 1.016007822784174147e-02 9.999483798015069702e-01 1.026808273050787857e-04 8.960714799117756174e-03 1.325241433435372560e-04 -1.040326516893885116e-04 9.999999858072793346e-01 8.687621700097025029e-03 9.999645948410034180e-01 -5.422051530331373215e-03 -6.437865551561117172e-03 7.120819687843322754e-01 5.450857803225517273e-03 9.999750852584838867e-01 4.475644789636135101e-03 9.651285596191883087e-03 6.413438357412815094e-03 -4.510583821684122086e-03 9.999692440032958984e-01 -3.507513087242841721e-03 4.984691238403320312e+01
3.742035000000000000e+06 9.999611084849475695e-01 -8.817155757278141368e-03 -1.981998898238021025e-04 7.147297150639891905e-01 8.817172731818598633e-03 9.999611243706446606e-01 8.493351798686419793e-05 8.204860838089193115e-03 1.974433126337861281e-04 -8.667777742875778732e-05 9.999999767515507232e-01 8.462287913404458600e-03 9.999682903289794922e-01 -5.141819361597299576e-03 -6.078508682548999786e-03 6.895951032638549805e-01 5.160089582204818726e-03 9.999821782112121582e-01 2.996843308210372925e-03 1.109866797924041748e-02 6.062995642423629761e-03 -3.028107807040214539e-03 9.999770522117614746e-01 -3.042572934646159410e-04 5.056169509887695312e+01
3.843522000000000000e+06 9.999668529545042706e-01 -8.128383276647358976e-03 -4.715695325297450434e-04 6.227668686846220547e-01 8.128399302089169345e-03 9.999669635023596959e-01 3.207657470078424471e-05 7.976879492019119111e-03 4.712932228316733764e-04 -3.590861690168489621e-05 9.999998882966288916e-01 7.699761182611532077e-03 9.999715685844421387e-01 -5.306916777044534683e-03 -5.362267140299081802e-03 7.195150852203369141e-01 5.329044535756111145e-03 9.999772906303405762e-01 4.124012775719165802e-03 1.365032419562339783e-02 5.340265575796365738e-03 -4.152480047196149826e-03 9.999771118164062500e-01 -9.073535329662263393e-04 5.166915130615234375e+01
3.947360000000000000e+06 9.999877468612847764e-01 -4.947169733925715733e-03 -1.778724417874941817e-04 7.129215236403497746e-01 4.947166564914611854e-03 9.999877625298936312e-01 -1.825177339437679175e-05 5.712185547834177160e-03 1.779605597008443029e-04 1.737158514492636197e-05 9.999999840141332585e-01 8.558508130189386442e-03 9.999796152114868164e-01 -5.353612825274467468e-03 -3.476706100627779961e-03 7.364169359207153320e-01 5.367276258766651154e-03 9.999779462814331055e-01 3.928829450160264969e-03 1.225331984460353851e-02 3.455636091530323029e-03 -3.947406541556119919e-03 9.999862909317016602e-01 -2.528633223846554756e-03 5.183423995971679688e+01
4.051384000000000000e+06 9.999733927501863739e-01 -7.294737641829233780e-03 2.439368733940693309e-05 7.831039368485126495e-01 7.294737225900832685e-03 9.999733929046074055e-01 1.709638213576469585e-05 7.126101591344437096e-03 -2.451775191506876158e-05 -1.691798171106643692e-05 9.999999995563308985e-01 9.228161946628418363e-03 9.999848008155822754e-01 -5.343842785805463791e-03 -1.367098069749772549e-03 7.475165128707885742e-01 5.346640478819608688e-03 9.999834895133972168e-01 2.061915816739201546e-03 9.855446405708789825e-03 1.356019871309399605e-03 -2.069189678877592087e-03 9.999969601631164551e-01 -1.767491921782493591e-03 5.401868820190429688e+01
4.155286000000000000e+06 9.999917926693253634e-01 -4.051423953862686930e-03 2.363919128070345694e-05 7.930783935123346673e-01 4.051426446199402412e-03 9.999917872829290344e-01 -1.063546945547667194e-04 4.383857701150078653e-03 -2.320810920460161840e-05 1.064495941062749962e-04 9.999999940649341168e-01 9.422080797852783185e-03 9.999786019325256348e-01 -6.530856713652610779e-03 5.037442897446453571e-04 7.622044086456298828e-01 6.530968006700277328e-03 9.999786615371704102e-01 -1.047719852067530155e-04 3.951847553253173828e-03 -5.030535394325852394e-04 1.080389847629703581e-04 9.999998211860656738e-01 1.145722111687064171e-03 4.981961441040039062e+01
4.259272000000000000e+06 9.999483854096139490e-01 -1.016003188632900490e-02 1.639389190223343500e-05 7.900797404590700346e-01 1.016003072475648965e-02 9.999483831442776971e-01 6.944639368831976309e-05 8.864586716364992319e-03 -1.709862327544819807e-05 -6.927624679570562214e-05 9.999999974542193026e-01 9.259306920029040933e-03 9.999764561653137207e-01 -6.714294198900461197e-03 1.388079836033284664e-03 7.710531353950500488e-01 6.714537739753723145e-03 9.999774694442749023e-01 -1.192047275253571570e-04 3.798516932874917984e-03 -1.387269236147403717e-03 1.285458856727927923e-04 9.999989867210388184e-01 8.628292707726359367e-04 5.056079864501953125e+01
4.363183000000000000e+06 9.999791636435215736e-01 -6.454796158600823938e-03 8.881059733735786606e-05 8.078107831158802821e-01 6.454798875486349521e-03 9.999791671094793166e-01 -3.033936346942215777e-05 6.298504746871141230e-03 -8.861291275846655828e-05 3.091198582440826063e-05 9.999999955961006437e-01 9.556800509974507779e-03 9.999718070030212402e-01 -7.303476333618164062e-03 1.745258690789341927e-03 7.883024811744689941e-01 7.304729428142309189e-03 9.999731183052062988e-01 -7.348247454501688480e-04 4.028392955660820007e-03 -1.739787170663475990e-03 7.475322345271706581e-04 9.999982118606567383e-01 5.243996856734156609e-04 5.092585754394531250e+01
4.467802000000000000e+06 9.999801337802025625e-01 -6.303318762095820073e-03 1.472017912965613554e-05 7.778848199360203219e-01 6.303318821210116864e-03 9.999801338802817297e-01 -3.972933330710654816e-06 6.425962272425808815e-03 -1.469484403108333328e-05 4.065640387635174499e-06 9.999999998837660886e-01 9.189391984153789592e-03 9.999579191207885742e-01 -8.852412924170494080e-03 2.389598172158002853e-03 7.944731116294860840e-01 8.853364735841751099e-03 9.999606609344482422e-01 -3.800947451964020729e-04 3.252628957852721214e-03 -2.386195352301001549e-03 4.012504941783845425e-04 9.999970793724060059e-01 3.010957501828670502e-03 5.128713607788085938e+01
4.571450000000000000e+06 9.999825418919154885e-01 -5.908968754578312714e-03 7.600635951133019948e-07 7.766138623201757074e-01 5.908968763291601485e-03 9.999825418198653448e-01 -1.202383537764925571e-05 6.104486511057023203e-03 -6.890018601360788733e-07 1.202811665615841247e-05 9.999999999274248319e-01 9.186076015941646924e-03 9.999432563781738281e-01 -9.146684780716896057e-03 5.459367297589778900e-03 8.222492337226867676e-01 9.147990494966506958e-03 9.999582171440124512e-01 -2.266690280521288514e-04 1.740033179521560669e-02 -5.457040388137102127e-03 2.765949466265738010e-04 9.999850988388061523e-01 1.186906546354293823e-02 5.477110290527343750e+01
4.676366000000000000e+06 9.999863850129060427e-01 -5.214447263672239083e-03 1.983153591502006695e-04 8.671300698746740032e-01 5.214469357520035500e-03 9.999863983958485747e-01 -1.110542460329676782e-04 5.082042722071578034e-03 -1.977335752429693462e-04 1.120868433780565303e-04 9.999999741689864496e-01 1.027228705171872973e-02 9.999439120292663574e-01 -9.219250641763210297e-03 5.203453358262777328e-03 8.082246184349060059e-01 9.210817515850067139e-03 9.999561905860900879e-01 1.638549845665693283e-03 1.478126272559165955e-02 -5.218336358666419983e-03 -1.590523752383887768e-03 9.999850988388061523e-01 1.054863817989826202e-02 4.983484649658203125e+01
4.778763000000000000e+06 9.999843568036674846e-01 -5.591293767396815148e-03 1.535597039574187225e-04 8.377633749608797142e-01 5.591307841701465692e-03 9.999843643404346949e-01 -9.137777178512295525e-05 5.253984122095907774e-03 -1.530463829616706740e-04 9.223494195939920535e-05 9.999999840347592039e-01 1.008515249116921815e-02 9.999480843544006348e-01 -9.533241391181945801e-03 3.611044725403189659e-03 8.283478617668151855e-01 9.524263441562652588e-03 9.999516010284423828e-01 2.491296734660863876e-03 1.936302334070205688e-02 -3.634633496403694153e-03 -2.456774469465017319e-03 9.999903440475463867e-01 1.461486145853996277e-02 4.974995040893554688e+01
4.882642000000000000e+06 9.999628002630477352e-01 -8.624368642189812056e-03 1.354837858308961948e-04 8.245027769932556927e-01 8.624367019373663235e-03 9.999628093764637571e-01 1.255761517772542289e-05 7.793133331738271233e-03 -1.355870486066365936e-04 -1.138868614746900527e-05 9.999999907432249868e-01 9.814507609162413312e-03 9.999520182609558105e-01 -9.693473577499389648e-03 1.402649097144603729e-03 8.321058750152587891e-01 9.692630730569362640e-03 9.999527335166931152e-01 6.528932717628777027e-04 1.217320561408996582e-02 -1.408912590704858303e-03 -6.392743671312928200e-04 9.999988079071044922e-01 9.541381150484085083e-03 4.978662490844726562e+01
4.986477000000000000e+06 9.999697638818917378e-01 -7.774118722408110763e-03 1.854788205620221543e-04 8.395932372630199314e-01 7.774121315267111185e-03 9.999697809755015987e-01 -1.326239266603634336e-05 7.191378703386173098e-03 -1.853701121620221785e-04 1.470392646017607761e-05 9.999999827108585482e-01 1.010938172292160341e-02 9.999501109123229980e-01 -9.981389157474040985e-03 3.410853387322276831e-04 8.433065414428710938e-01 9.981499053537845612e-03 9.999500513076782227e-01 -5.231783725321292877e-04 1.215523295104503632e-02 -3.358411777298897505e-04 5.265542422421276569e-04 9.999998211860656738e-01 8.177986368536949158e-03 4.969798278808593750e+01
5.090371000000000000e+06 9.999502925647224538e-01 -9.966870220788898518e-03 2.718412418577959857e-04 8.749880468892243801e-01 9.966857012804792790e-03 9.999503284020376803e-01 4.989865901395912839e-05 8.118625586254655038e-03 -2.723250725278316873e-04 -4.718677588998145998e-05 9.999999618062307416e-01 1.024499891242161564e-02 9.999549388885498047e-01 -9.470574557781219482e-03 5.877116345800459385e-04 8.508696556091308594e-01 9.470821358263492584e-03 9.999551773071289062e-01 -3.243541286792606115e-04 9.029714390635490417e-03 -5.846129497513175011e-04 3.299177624285221100e-04 9.999997615814208984e-01 5.410298705101013184e-03 5.454905700683593750e+01
5.194245000000000000e+06 9.999404591935828757e-01 -1.091090702666143095e-02 1.737007518426084824e-04 8.380157757423845055e-01 1.091089494253377062e-02 9.999404719365529992e-01 7.036495252283714134e-05 8.901828108306595114e-03 -1.744581572512379395e-04 -6.846553222411195269e-05 9.999999824384104841e-01 1.001143089648369455e-02 9.999541640281677246e-01 -9.457150474190711975e-03 1.482919906266033649e-03 8.641917109489440918e-01 9.456169791519641876e-03 9.999549984931945801e-01 6.948304362595081329e-04 1.223812811076641083e-02 -1.489422051236033440e-03 -6.807904574088752270e-04 9.999987483024597168e-01 7.397083565592765808e-03 5.028502273559570312e+01
5.298151000000000000e+06 9.999442231051905994e-01 -1.056155965973673040e-02 -6.430936821969824614e-05 7.659117976317740828e-01 1.056156616874490660e-02 9.999442199296318945e-01 1.017298744044815346e-04 9.162588510145034879e-03 6.323135489689503917e-05 -1.024034078782109174e-04 9.999999927576688208e-01 8.966041925814375799e-03 9.999600052833557129e-01 -8.773764595389366150e-03 1.799514284357428551e-03 8.713849186897277832e-01 8.777522481977939606e-03 9.999593496322631836e-01 -2.098901430144906044e-03 5.429222714155912399e-03 -1.781033817678689957e-03 2.114622853696346283e-03 9.999961256980895996e-01 6.287289783358573914e-03 5.398326492309570312e+01
5.401997000000000000e+06 9.999695176627476645e-01 -7.801965686316913139e-03 3.050890527205689373e-04 9.268939073950828167e-01 7.801971679618799164e-03 9.999695639866911234e-01 -1.845920586736325391e-05 7.133662471851731982e-03 -3.049357489417858606e-04 2.083893923643705470e-05 9.999999532899647159e-01 1.043354298644659506e-02 9.999532699584960938e-01 -8.987465873360633850e-03 3.528161905705928802e-03 8.885249495506286621e-01 8.992128074169158936e-03 9.999586939811706543e-01 -1.307619502767920494e-03 5.955967586487531662e-03 -3.516247030347585678e-03 1.339273876510560513e-03 9.999929070472717285e-01 6.018285173922777176e-03 4.969417572021484375e+01
5.505885000000000000e+06 9.999633822691103013e-01 -8.553183054452495257e-03 2.778231148236919089e-04 8.849692934477221273e-01 8.553179091848961760e-03 9.999634207779298789e-01 1.544807276039839245e-05 7.586057666560638499e-03 -2.779450824559016810e-04 -1.307123639641153074e-05 9.999999612878389676e-01 1.024640475626180033e-02 9.999502897262573242e-01 -8.459626697003841400e-03 5.297017283737659454e-03 8.992533683776855469e-01 8.460513316094875336e-03 9.999641776084899902e-01 -1.607886515557765961e-04 7.040849421173334122e-03 -5.295492243021726608e-03 2.056062367046251893e-04 9.999859333038330078e-01 4.831351805478334427e-03 4.962313461303710938e+01
5.609757000000000000e+06 9.999392050174805702e-01 -1.102216055939440366e-02 3.134416676998127808e-04 8.986253959024740334e-01 1.102213882664295451e-02 9.999392518636992522e-01 7.097900201910135670e-05 8.782369347212347355e-03 -3.142049686588395570e-04 -6.751988927838316540e-05 9.999999483581497595e-01 1.041995152766138528e-02 9.999556541442871094e-01 -8.491288870573043823e-03 4.062142688781023026e-03 9.087320566177368164e-01 8.498967625200748444e-03 9.999620914459228516e-01 -1.874261419288814068e-03 4.511662293225526810e-03 -4.046064335852861404e-03 1.908708130940794945e-03 9.999900460243225098e-01 8.584982715547084808e-03 4.963545608520507812e+01
5.713619000000000000e+06 9.999586023871217533e-01 -9.094092075477148637e-03 3.016664973377688628e-04 9.006323698398458477e-01 9.094081451843824895e-03 9.999586473182648927e-01 3.656952878860857126e-05 7.932804379962679273e-03 -3.019865892758217879e-04 -3.382463524437630037e-05 9.999999538299966240e-01 1.027518894514313844e-02 9.999644160270690918e-01 -8.274228312075138092e-03 1.674057450145483017e-03 9.185062050819396973e-01 8.277078159153461456e-03 9.999642968177795410e-01 -1.710618962533771992e-03 3.197743324562907219e-03 -1.659838831983506680e-03 1.724405796267092228e-03 9.999971389770507812e-01 7.727469783276319504e-03 4.985168075561523438e+01
5.817477000000000000e+06 9.999573325156887460e-01 -9.233172202953365479e-03 2.857950452466595384e-04 8.887821566246105753e-01 9.233163003718037123e-03 9.999573728809312279e-01 3.349093055434338578e-05 7.931195000412538318e-03 -2.860920901575735162e-04 -3.085070933069207488e-05 9.999999585997737528e-01 1.024554931952710926e-02 9.999752640724182129e-01 -7.001516409218311310e-03 5.632583051919937134e-04 9.287384748458862305e-01 7.002451922744512558e-03 9.999741911888122559e-01 -1.597328926436603069e-03 2.794022904708981514e-03 -5.520662525668740273e-04 1.601238269358873367e-03 9.999985098838806152e-01 3.897035261616110802e-03 4.980089569091796875e+01
5.921350000000000000e+06 9.999710470761279391e-01 -7.603822972999511355e-03 2.947630738097949425e-04 9.579304290074536210e-01 7.603836695314889101e-03 9.999710893822928437e-01 -4.546101796416679956e-05 7.020772433868315184e-03 -2.944088744920478036e-04 4.770103202722725445e-05 9.999999555240117743e-01 1.078468881540351962e-02 9.999758005142211914e-01 -6.789375562220811844e-03 1.527937944047152996e-03 9.421182274818420410e-01 6.789651233702898026e-03 9.999770522117614746e-01 -1.719517604215070605e-04 4.843106027692556381e-03 -1.526732346974313259e-03 1.823277125367894769e-04 9.999988675117492676e-01 3.668018151074647903e-03 5.028659057617187500e+01
6.025285000000000000e+06 9.999853302654024834e-01 -5.411995536796485040e-03 2.226173827576387754e-04 8.871690032533295911e-01 5.412020519120097628e-03 9.999853486632280797e-01 -1.117719920939010066e-04 5.433893887493783728e-03 -2.220092115970958646e-04 1.129751622638181403e-04 9.999999689742610220e-01 1.040230555423641949e-02 9.999798536300659180e-01 -6.183619145303964615e-03 1.450329553335905075e-03 9.549687504768371582e-01 6.186427548527717590e-03 9.999788999557495117e-01 -1.941627124324440956e-03 9.293233742937445641e-04 -1.438300590962171555e-03 1.950552104972302914e-03 9.999970197677612305e-01 4.800916649401187897e-03 5.300646209716796875e+01
6.129103000000000000e+06 9.999837044409189968e-01 -5.703956642256343204e-03 2.360778246968192270e-04 9.693355441210285139e-01 5.703988059750001935e-03 9.999837233340349574e-01 -1.326224420477356742e-04 5.847897421922678557e-03 -2.353175095126736397e-04 1.339668659222864415e-04 9.999999633392753218e-01 1.103948002383250103e-02 9.999848008155822754e-01 -5.513507407158613205e-03 -2.987980224133934826e-05 9.692466855049133301e-01 5.513508338481187820e-03 9.999836683273315430e-01 -1.516056479886174202e-03 8.637161809019744396e-04 3.823999577434733510e-05 1.515869284048676491e-03 9.999989271163940430e-01 6.253432948142290115e-03 5.333433532714843750e+01
