0.000000000000000000e+00 9.997201136566690183e-01 2.365422886615478268e-02 -4.145073352691210533e-04 1.582326878843784423e-01 -2.365445933992042435e-02 9.997200371639805017e-01 -5.602280558305923908e-04 -1.859976094256382204e-02 4.011395261919005538e-04 5.698762023967753141e-04 9.999997571640717453e-01 3.009324327784718492e-03 9.998809695243835449e-01 1.540730800479650497e-02 -8.754385635256767273e-04 1.267472654581069946e-01 -1.540600229054689407e-02 9.998802542686462402e-01 1.482315361499786377e-03 -7.077238988131284714e-03 8.981724386103451252e-04 -1.468649599701166153e-03 9.999984502792358398e-01 -1.674103667028248310e-03 9.890073394775390625e+01
1.038720000000000000e+05 9.996750625068072660e-01 2.548589500192176630e-02 -4.884228350439132147e-04 2.054215492115711306e-01 -2.548623326203304160e-02 9.996749285978131505e-01 -6.993182205364650546e-04 -2.048975653198354882e-02 4.704413119762088547e-04 7.115390441519881285e-04 9.999996361985135085e-01 3.828507373696989242e-03 9.997869729995727539e-01 2.063241600990295410e-02 6.266154232434928417e-04 1.423365622758865356e-01 -2.063414454460144043e-02 9.997828602790832520e-01 2.896292833611369133e-03 -9.077743627130985260e-03 -5.667223595082759857e-04 -2.908609341830015182e-03 9.999956488609313965e-01 -1.576385460793972015e-03 5.018499374389648438e+01
2.077450000000000000e+05 9.992848759940942127e-01 3.780622407863903217e-02 -6.526732318313053366e-04 2.289439319461340494e-01 -3.780666635083380217e-02 9.992848416256888688e-01 -6.791380716608989235e-04 -3.036061852100218131e-02 6.265308201083129996e-04 7.033278036469266855e-04 9.999995563944527044e-01 3.491188833172446503e-03 9.996421337127685547e-01 2.669783867895603180e-02 1.675662118941545486e-03 1.631966829299926758e-01 -2.670083194971084595e-02 9.996418356895446777e-01 1.790653681382536888e-03 -1.503607071936130524e-02 -1.627255813218653202e-03 -1.834755181334912777e-03 9.999970197677612305e-01 -2.249306533485651016e-03 4.950275039672851562e+01
3.118740000000000000e+05 9.993932448455014050e-01 3.482509899586685304e-02 -5.955939873477405144e-04 2.544227135349321212e-01 -3.482551152808418399e-02 9.993931649685389162e-01 -6.968902902941547396e-04 -2.839316418717648116e-02 5.709632886329872635e-04 7.172093121986466112e-04 9.999995798058074481e-01 4.114333646218105468e-03 9.994365572929382324e-01 3.345261141657829285e-02 2.737503265962004662e-03 1.758958101272583008e-01 -3.345292434096336365e-02 9.994403123855590820e-01 6.513100379379466176e-05 -2.336610853672027588e-02 -2.733792643994092941e-03 -1.566717110108584166e-04 9.999962449073791504e-01 -1.601919298991560936e-03 4.883129501342773438e+01
4.158720000000000000e+05 9.993234132206382236e-01 3.677299532120276160e-02 -6.801794405343960116e-04 1.984685676613888172e-01 -3.677349869575025076e-02 9.993233499797223862e-01 -7.429797396877829783e-04 -2.932948883491558190e-02 6.523976074302862815e-04 7.674896264650407553e-04 9.999994926684038221e-01 3.700341003445965088e-03 9.992759227752685547e-01 3.795365616679191589e-02 2.645299769937992096e-03 1.890251189470291138e-01 -3.794702887535095215e-02 9.992765784263610840e-01 -2.525480231270194054e-03 -3.018522635102272034e-02 -2.739237388595938683e-03 2.423272002488374710e-03 9.999933242797851562e-01 -2.273577032610774040e-03 4.848467254638671875e+01
5.199990000000000000e+05 9.987841882963180984e-01 4.929554563976568105e-02 -3.070467391481136472e-04 2.848055123049411663e-01 -4.929566786518331523e-02 9.987841477124730361e-01 -4.040994281582661060e-04 -3.906349196773468285e-02 2.867531129324249646e-04 4.187441940885764562e-04 9.999998712129618550e-01 1.036545403837159504e-03 9.992054104804992676e-01 3.984622284770011902e-02 9.062464232556521893e-04 2.029566019773483276e-01 -3.984330222010612488e-02 9.992013573646545410e-01 -3.017930313944816589e-03 -3.551286831498146057e-02 -1.025776145979762077e-03 2.979425946250557899e-03 9.999949336051940918e-01 -2.817858709022402763e-03 4.898828887939453125e+01
6.241200000000000000e+05 9.989584189969166195e-01 4.562730871042403047e-02 -4.751421371379098728e-04 2.704110578767641715e-01 -4.562753580193840142e-02 9.989584069732798666e-01 -4.786011649428591696e-04 -3.645769398067003064e-02 4.528099487098106697e-04 4.997822284936318318e-04 9.999997725904054002e-01 1.696055293452153551e-03 9.990375638008117676e-01 4.383242502808570862e-02 1.628466066904366016e-03 2.158565521240234375e-01 -4.383271187543869019e-02 9.990388751029968262e-01 1.627992314752191305e-04 -3.099139779806137085e-02 -1.619764487259089947e-03 -2.340239443583413959e-04 9.999987483024597168e-01 -3.581955563277006149e-03 4.903577423095703125e+01
7.282460000000000000e+05 9.987738610779015591e-01 4.950433296442116604e-02 -3.089078681533512661e-04 2.826640178379401513e-01 -4.950445327286343011e-02 9.987738248599898894e-01 -3.947904293918843600e-04 -3.915413175957589698e-02 2.889852559647139007e-04 4.095986767330742594e-04 9.999998743582139138e-01 9.615938371470602848e-04 9.987792968750000000e-01 4.931394383311271667e-02 2.834476064890623093e-03 2.302617430686950684e-01 -4.931664094328880310e-02 9.987828135490417480e-01 8.782300865277647972e-04 -3.031134791672229767e-02 -2.787716919556260109e-03 -1.016943482682108879e-03 9.999955892562866211e-01 -2.881088992580771446e-03 5.308307266235351562e+01
8.324960000000000000e+05 9.982843952882649585e-01 5.855104113778832747e-02 2.045492782739567435e-04 3.225265575164665832e-01 -5.855102184839331564e-02 9.982844124613131642e-01 -9.905585008235939662e-05 -4.318238233121499126e-02 -2.099981790201723884e-04 8.690934061507475097e-05 9.999999741737662928e-01 5.732667696718028640e-04 9.987288117408752441e-01 4.983948171138763428e-02 7.538804318755865097e-03 2.441897690296173096e-01 -4.983447492122650146e-02 9.987571239471435547e-01 -8.598624845035374165e-04 -3.639760985970497131e-02 -7.572297006845474243e-03 4.830758552998304367e-04 9.999712705612182617e-01 3.857931122183799744e-03 4.886035156250000000e+01
9.366220000000000000e+05 9.984512454322119757e-01 5.563365319873826015e-02 8.494352224311849087e-05 3.311232459231002734e-01 -5.563364176430884295e-02 9.984512410211680011e-01 -1.315146563468229488e-04 -4.165642554744551640e-02 -9.212860577617666713e-05 1.265852550766791748e-04 9.999999877442469209e-01 7.388611574960066326e-04 9.987276196479797363e-01 4.970329999923706055e-02 8.530158549547195435e-03 2.573353350162506104e-01 -4.963946342468261719e-02 9.987387657165527344e-01 -7.538929581642150879e-03 -5.343773588538169861e-02 -8.894104510545730591e-03 7.105903699994087219e-03 9.999351501464843750e-01 5.501281470060348511e-03 5.305308914184570312e+01
1.040770000000000000e+06 9.984537797672504711e-01 5.558767680938221656e-02 2.447466843778120212e-04 3.588465108233213630e-01 -5.558763755699144826e-02 9.984537984200617666e-01 -1.643681712978764596e-04 -4.214200811777703976e-02 -2.535051013226960080e-04 1.505091321252967655e-04 9.999999565410820912e-01 1.376992799647466141e-03 9.985021948814392090e-01 5.452883616089820862e-02 4.471478052437305450e-03 2.632122635841369629e-01 -5.450852215290069580e-02 9.985030293464660645e-01 -4.532684106379747391e-03 -4.854474216699600220e-02 -4.711944609880447388e-03 4.282165784388780594e-03 9.999797344207763672e-01 3.285495564341545105e-03 4.892992019653320312e+01
1.144873000000000000e+06 9.981357122665588388e-01 6.103210975825952567e-02 4.255985315882271185e-04 3.359852944155596877e-01 -6.103207219835449227e-02 9.981358002196855095e-01 -1.007001688737482590e-04 -4.490890803725815922e-02 -4.309510751501548177e-04 7.453727207365572736e-05 9.999999043626696116e-01 7.965783480255392030e-04 9.983358383178710938e-01 5.755516141653060913e-02 3.599544987082481384e-03 2.732906043529510498e-01 -5.755543336272239685e-02 9.983422756195068359e-01 -2.886553738790098578e-05 -4.145846515893936157e-02 -3.595241578295826912e-03 -1.783572079148143530e-04 9.999935030937194824e-01 4.438582342118024826e-03 4.880176162719726562e+01
1.248998000000000000e+06 9.980029218758293963e-01 6.316193677677775509e-02 8.589718397113105079e-04 4.502833979640648576e-01 -6.316136133154445775e-02 9.980030953706354735e-01 -6.813428433461417646e-04 -5.036716808129176187e-02 -9.002914867796180283e-04 6.257283199825490125e-04 9.999993989694980767e-01 4.618864429618416666e-03 9.983035922050476074e-01 5.801388248801231384e-02 4.935557022690773010e-03 2.886991798877716064e-01 -5.801492184400558472e-02 9.983156919479370117e-01 5.838485594722442329e-05 -4.471372440457344055e-02 -4.923861008137464523e-03 -3.446204063948243856e-04 9.999877810478210449e-01 4.158214200288057327e-03 4.929609680175781250e+01
1.353147000000000000e+06 9.976912459616301687e-01 6.790527068891619167e-02 1.025536005014754740e-03 4.210063576670657337e-01 -6.790447956616149638e-02 9.976915160685114747e-01 -7.875275817392328459e-04 -5.450827116613762846e-02 -1.076645847675200204e-03 7.160708821516321987e-04 9.999991640377159374e-01 4.933203503993651221e-03 9.982262253761291504e-01 5.938060581684112549e-02 4.276927560567855835e-03 2.989794015884399414e-01 -5.936669930815696716e-02 9.982308149337768555e-01 -3.302893834188580513e-03 -5.003963783383369446e-02 -4.465480800718069077e-03 3.043127479031682014e-03 9.999853372573852539e-01 4.148078151047229767e-03 4.954524612426757812e+01
1.457124000000000000e+06 9.978830155860823892e-01 6.502747055062602088e-02 9.566696447871692391e-04 4.527457085940873038e-01 -6.502671225841777369e-02 9.978832000880193398e-01 -8.035005634859718193e-04 -5.251047349601874886e-02 -1.006894176529929928e-03 7.395904826656418685e-04 9.999992195847017262e-01 5.238403516015249610e-03 9.981392025947570801e-01 6.088525056838989258e-02 3.359474241733551025e-03 3.103204667568206787e-01 -6.086970865726470947e-02 9.981353878974914551e-01 -4.553460050374269485e-03 -5.393020063638687134e-02 -3.630450926721096039e-03 4.340498242527246475e-03 9.999840855598449707e-01 6.329190451651811600e-03 5.212319946289062500e+01
1.561124000000000000e+06 9.980079543996475122e-01 6.308297310473515163e-02 8.133365495684779720e-04 4.406998379636038465e-01 -6.308246064311345824e-02 9.980081123168410562e-01 -6.410663192833432854e-04 -4.984788429468037241e-02 -8.521568433349996710e-04 5.884820158176284378e-04 9.999994637586796520e-01 4.297716828338966032e-03 9.982206821441650391e-01 5.956889688968658447e-02 2.630422357469797134e-03 3.256781697273254395e-01 -5.955936759710311890e-02 9.982183575630187988e-01 -3.560540731996297836e-03 -5.365749076008796692e-02 -2.837847918272018433e-03 3.397537162527441978e-03 9.999901652336120605e-01 4.275043960660696030e-03 4.901228713989257812e+01
1.665128000000000000e+06 9.979639449718873401e-01 6.377485446982890382e-02 8.559601293828698800e-04 4.419538633177048093e-01 -6.377428241923278895e-02 9.979641170895426905e-01 -6.797777786025301127e-04 -5.067748405657144378e-02 -8.975702217007886820e-04 6.238054732774688188e-04 9.999994026170643258e-01 4.530870741684782377e-03 9.982972741127014160e-01 5.832614749670028687e-02 7.985380361787974834e-04 3.401788771152496338e-01 -5.832271277904510498e-02 9.982906579971313477e-01 -3.786744549870491028e-03 -5.196486413478851318e-02 -1.018028706312179565e-03 3.733730176463723183e-03 9.999924898147583008e-01 7.815337157808244228e-04 5.122499084472656250e+01
1.768997000000000000e+06 9.982028625378900344e-01 5.992170694693874089e-02 6.589593101752558996e-04 4.469370537678964417e-01 -5.992138007033691316e-02 9.982029718717877476e-01 -5.051004295997746710e-04 -4.653592956789952967e-02 -6.880416219263853043e-04 4.647069430785762839e-04 9.999996553230294793e-01 3.632531515394714361e-03 9.983131885528564453e-01 5.805354937911033630e-02 6.919208681210875511e-04 3.610456287860870361e-01 -5.805189162492752075e-02 9.983110427856445312e-01 -2.202601172029972076e-03 -4.831933602690696716e-02 -8.186226477846503258e-04 2.158716553822159767e-03 9.999973773956298828e-01 1.326596393482759595e-04 5.595622253417968750e+01
1.872875000000000000e+06 9.984205641042289692e-01 5.617983147797681737e-02 4.512190202682744627e-04 4.410658392497566749e-01 -5.617966766463083211e-02 9.984206075083791321e-01 -3.678768801049445429e-04 -4.304155324759520451e-02 -4.711736301612599485e-04 3.419465066472670363e-04 9.999998305339781179e-01 2.887003635487116020e-03 9.984045624732971191e-01 5.641376599669456482e-02 2.412579488009214401e-03 3.799351751804351807e-01 -5.641862750053405762e-02 9.984051585197448730e-01 2.009668387472629547e-03 -3.878766298294067383e-02 -2.295352518558502197e-03 -2.142577432096004486e-03 9.999950528144836426e-01 1.062683761119842529e-03 5.177407836914062500e+01
1.976766000000000000e+06 9.986995886051021065e-01 5.098093051624024569e-02 2.765327065706000577e-04 4.616369007283182557e-01 -5.098080841452138495e-02 9.986995397082772952e-01 -4.319566155438965571e-04 -4.011746198527511853e-02 -2.981946367475369112e-04 4.172970334550723842e-04 9.999998684715649677e-01 3.448186346862477762e-03 9.986038208007812500e-01 5.280049145221710205e-02 1.589483232237398624e-03 4.019157290458679199e-01 -5.280129238963127136e-02 9.986050128936767578e-01 4.131478781346231699e-04 -3.973026573657989502e-02 -1.565456273965537548e-03 -4.964994150213897228e-04 9.999986290931701660e-01 3.532203845679759979e-03 5.418124771118164062e+01
2.080499000000000000e+06 9.988774979541052979e-01 4.736779320918479280e-02 1.906345366857317084e-04 4.958610236208561006e-01 -4.736768674839545584e-02 9.988773812111171324e-01 -5.288204087666489427e-04 -3.803632431151594828e-02 -2.154695814994539015e-04 5.191968901620651333e-04 9.999998420037184976e-01 4.232318451696870550e-03 9.988079071044921875e-01 4.880089312791824341e-02 1.143379835411906242e-03 4.235782623291015625e-01 -4.879997298121452332e-02 9.988083243370056152e-01 -7.625666912645101547e-04 -4.177881404757499695e-02 -1.179236336611211300e-03 7.058644550852477551e-04 9.999991059303283691e-01 3.982766065746545792e-03 5.956825637817382812e+01
2.184123000000000000e+06 9.988784348087715870e-01 4.734785594444124168e-02 2.305463202994645616e-04 5.157488850006538561e-01 -4.734771704848539375e-02 9.988783026976172374e-01 -5.746567699402853509e-04 -3.806502230726607761e-02 -2.574964813905511896e-04 5.630964136924608392e-04 9.999998083089890466e-01 4.600873078200636186e-03 9.989513754844665527e-01 4.571360349655151367e-02 2.506387885659933090e-03 4.465171694755554199e-01 -4.571108147501945496e-02 9.989541172981262207e-01 -1.071072649210691452e-03 -3.810005635023117065e-02 -2.552727237343788147e-03 9.553794516250491142e-04 9.999962449073791504e-01 7.099129725247621536e-03 5.644473648071289062e+01
2.287894000000000000e+06 9.988638035114317804e-01 4.765568261353617108e-02 1.953319289370349099e-04 4.890343562198097849e-01 -4.765557864993927306e-02 9.988636992998731756e-01 -5.062112005399903303e-04 -3.824888090343026709e-02 -2.192338112788939919e-04 4.963273899418925439e-04 9.999998527978314344e-01 4.067112450650955252e-03 9.990755915641784668e-01 4.298717528581619263e-02 4.097115888725966215e-04 4.712058007717132568e-01 -4.298739880323410034e-02 9.990754127502441406e-01 6.233687163330614567e-04 -3.378672897815704346e-02 -3.825304447673261166e-04 -6.404032465070486069e-04 9.999997615814208984e-01 5.374152213335037231e-03 5.020953750610351562e+01
2.391499000000000000e+06 9.991128716959505329e-01 4.211246357980019672e-02 1.004530329788309514e-04 5.613568942832486419e-01 -4.211238311461112938e-02 9.991126343510551289e-01 -7.008114026403155887e-04 -3.485715669264621147e-02 -1.298767879486682417e-04 6.959593765856375742e-04 9.999997493862612385e-01 5.618063641512523188e-03 9.991627931594848633e-01 4.090029001235961914e-02 -9.043387253768742085e-04 4.928146302700042725e-01 -4.090095683932304382e-02 9.991629719734191895e-01 -7.054636953398585320e-04 -3.283537551760673523e-02 8.747219108045101166e-04 7.418646709993481636e-04 9.999993443489074707e-01 4.301706794649362564e-03 5.251612854003906250e+01
2.495127000000000000e+06 9.993934629665581770e-01 3.482385413143625208e-02 -7.338563362709729968e-05 6.093998681785992577e-01 -3.482390325301547296e-02 9.993931164819405133e-01 -8.333745015973042809e-04 -3.018938120651465037e-02 4.431978554961504206e-05 8.354246032672499322e-04 9.999996500506895813e-01 6.789369277356263783e-03 9.993030428886413574e-01 3.722140565514564514e-02 -2.851123688742518425e-03 5.152742266654968262e-01 -3.723029047250747681e-02 9.993019104003906250e-01 -3.101004054769873619e-03 -3.440634533762931824e-02 2.733711153268814087e-03 3.204985521733760834e-03 9.999911785125732422e-01 2.792106010019779205e-03 4.898403167724609375e+01
2.598751000000000000e+06 9.992720249901918539e-01 3.814977057853479597e-02 -1.226387503195996379e-04 5.070093939803452798e-01 -3.814983351373154447e-02 9.992718731850896985e-01 -5.600245399624127849e-04 -3.273836673098194650e-02 1.011846455005437897e-04 5.642955041066644289e-04 9.999998356661081722e-01 4.667177919487737470e-03 9.994810819625854492e-01 3.206098452210426331e-02 -3.099446650594472885e-03 5.409390330314636230e-01 -3.207170963287353516e-02 9.994794130325317383e-01 -3.497199388220906258e-03 -3.239639475941658020e-02 2.985714701935648918e-03 3.594790818169713020e-03 9.999890327453613281e-01 3.998073225375264883e-04 5.562460708618164062e+01
2.702273000000000000e+06 9.994292587752650059e-01 3.378035319338931752e-02 -2.108008725650515995e-04 5.441638386073072153e-01 -3.378048608340170067e-02 9.994290570180383027e-01 -6.623767476226468439e-04 -2.990572782655503623e-02 1.883051967050378313e-04 6.691196578783346286e-04 9.999997584099878933e-01 5.516000030383469248e-03 9.996169805526733398e-01 2.752454206347465515e-02 -2.875672886148095131e-03 5.682319402694702148e-01 -2.753163129091262817e-02 9.996178150177001953e-01 -2.485524863004684448e-03 -2.617163769900798798e-02 2.806153846904635429e-03 2.563745481893420219e-03 9.999927878379821777e-01 -1.839420583564788103e-04 5.676358413696289062e+01
2.805874000000000000e+06 9.996382917262545131e-01 2.689320487481819053e-02 -2.031319588458584016e-04 5.602728570289097210e-01 -2.689330153878927501e-02 9.996381900862628678e-01 -4.891521492055760307e-04 -2.340072841086072303e-02 1.899035950259906117e-04 4.944381077275438298e-04 9.999998597337844686e-01 5.957955262859197104e-03 9.997557997703552246e-01 2.205491438508033752e-02 -1.379557768814265728e-03 5.935623645782470703e-01 -2.205777168273925781e-02 9.997546672821044922e-01 -2.039305400103330612e-03 -1.972251944243907928e-02 1.334243686869740486e-03 2.069234149530529976e-03 9.999969005584716797e-01 -1.768816728144884109e-04 5.707737731933593750e+01
2.909375000000000000e+06 9.998054543271608363e-01 1.972413180970565214e-02 -1.102312356806018473e-04 6.240587270088231442e-01 -1.972418882374495433e-02 9.998053120543803907e-01 -5.425790467389883954e-04 -1.717425049492684458e-02 9.950787514954921803e-05 5.446477118863930333e-04 9.999998467285260428e-01 7.292917020370239672e-03 9.998731017112731934e-01 1.592956855893135071e-02 1.357412547804415226e-04 6.222267746925354004e-01 -1.592935435473918915e-02 9.998719692230224609e-01 -1.568167936056852341e-03 -1.652882620692253113e-02 -1.607002195669338107e-04 1.565809361636638641e-03 9.999987483024597168e-01 1.577893621288239956e-03 5.787247848510742188e+01
3.012876000000000000e+06 9.998686851235163431e-01 1.620531519453460856e-02 1.621924168121254044e-05 6.838308775672692352e-01 -1.620529982295360744e-02 9.998684391645271674e-01 -7.018650703561842875e-04 -1.474271312636122981e-02 -2.759105280246688084e-05 7.015100673490412986e-04 9.999997535611437893e-01 8.751472560216577712e-03 9.999258518218994141e-01 1.211918052285909653e-02 1.165193738415837288e-03 6.464377641677856445e-01 -1.211708877235651016e-02 9.999248981475830078e-01 -1.797507167793810368e-03 -1.249383389949798584e-02 -1.186896581202745438e-03 1.783256419003009796e-03 9.999977350234985352e-01 2.980897435918450356e-03 5.674076843261718750e+01
3.116499000000000000e+06 9.999363312056848141e-01 1.128417114339893938e-02 3.185543767677830962e-05 6.824412031161148917e-01 -1.128415748514104665e-02 9.999362516432699355e-01 -4.005467551011542894e-04 -9.893012007775012912e-03 -3.637324514264373213e-05 4.001617909913893103e-04 9.999999192737596410e-01 8.556215869669399690e-03 9.999313354492187500e-01 1.148105785250663757e-02 2.383889630436897278e-03 6.715447306632995605e-01 -1.148266624659299850e-02 9.999338388442993164e-01 6.976762670092284679e-04 -7.109963335096836090e-03 -2.375714946538209915e-03 -7.249984773807227612e-04 9.999969601631164551e-01 3.676205407828092575e-03 5.922588729858398438e+01
3.220123000000000000e+06 9.999183887425963091e-01 1.277520660127767077e-02 9.973763931668572929e-05 7.169807825098961640e-01 -1.277515462948698374e-02 9.999182666535954001e-01 -5.054043423310937986e-04 -1.203181323850496635e-02 -1.061861324389186265e-04 5.040889318575198343e-04 9.999998673094157020e-01 8.813883470872320089e-03 9.999360442161560059e-01 1.107834000140428543e-02 2.261589281260967255e-03 6.968422532081604004e-01 -1.108104642480611801e-02 9.999379515647888184e-01 1.160081941634416580e-03 -5.077249836176633835e-03 -2.248597098514437675e-03 -1.185075961984694004e-03 9.999967813491821289e-01 4.021581262350082397e-03 5.624361419677734375e+01
3.323750000000000000e+06 9.999392240444400226e-01 1.102454877429323750e-02 8.686372387926226228e-05 7.095517296714090039e-01 -1.102451332300027724e-02 9.999391487828639402e-01 -3.985485880228677364e-04 -1.009994698499754560e-02 -9.125225633426479500e-05 3.975667355993203560e-04 9.999999168068571809e-01 8.598516592454950175e-03 9.999431967735290527e-01 1.048982143402099609e-02 1.928959391079843044e-03 7.163515090942382812e-01 -1.049028616398572922e-02 9.999449253082275391e-01 2.536387182772159576e-04 -5.999388638883829117e-03 -1.926197553984820843e-03 -2.738575276453047991e-04 9.999980926513671875e-01 4.615150392055511475e-03 5.755753707885742188e+01
3.427371000000000000e+06 9.999546039343227832e-01 9.527468492923003504e-03 1.319683661080296830e-04 7.280166284247618913e-01 -9.527428906519008409e-03 9.999545687889899170e-01 -2.974179529718219673e-04 -8.934159643623755531e-03 -1.347960107709388435e-04 2.961471321546315532e-04 9.999999470634549636e-01 8.679141253474914261e-03 9.999414682388305664e-01 1.058738771826028824e-02 2.224166644737124443e-03 7.388367652893066406e-01 -1.058865524828433990e-02 9.999438524246215820e-01 5.171693046577274799e-04 -6.851248443126678467e-03 -2.218562178313732147e-03 -5.406841519288718700e-04 9.999973177909851074e-01 5.585657898336648941e-03 5.798246383666992188e+01
3.531001000000000000e+06 9.999652374062389937e-01 8.336666217957705224e-03 1.548375150405563276e-04 7.376277005670078823e-01 -8.336632524050474960e-03 9.999652261309752710e-01 -2.169935201944489999e-04 -7.876683071385875284e-03 -1.566411333111185529e-04 2.156951534581192731e-04 9.999999644695770629e-01 8.720983403006364251e-03 9.999390244483947754e-01 1.090722251683473587e-02 1.696712570264935493e-03 7.571392655372619629e-01 -1.090643741190433502e-02 9.999403953552246094e-01 -4.061882791575044394e-04 -7.668834179639816284e-03 -1.701043220236897469e-03 3.876577538903802633e-04 9.999985098838806152e-01 4.779288079589605331e-03 5.878083038330078125e+01
3.634758000000000000e+06 9.999025079237635616e-01 1.396315342054989077e-02 7.069109536027499258e-05 7.077253367086518976e-01 -1.396310996421805568e-02 9.999023417381817103e-01 -5.818501022088263305e-04 -1.301109431803234781e-02 -7.880865391458205071e-05 5.808063089118684248e-04 9.999998282266016059e-01 8.804261441480065037e-03 9.999441504478454590e-01 1.051543653011322021e-02 1.108413329347968102e-03 7.738974690437316895e-01 -1.051490567624568939e-02 9.999446272850036621e-01 -5.130103672854602337e-04 -7.210365496575832367e-03 -1.113743055611848831e-03 5.013262270949780941e-04 9.999992847442626953e-01 4.109327681362628937e-03 5.917481613159179688e+01
3.738395000000000000e+06 9.999399476660861819e-01 1.095677613999421554e-02 2.238737917869224612e-04 7.855472588257718103e-01 -1.095670440826570710e-02 9.999399225773266675e-01 -3.191643342572288654e-04 -1.112174497028513113e-02 -2.273573541507872267e-04 3.166922487596877446e-04 9.999999240073245144e-01 9.475123950844021800e-03 9.999349713325500488e-01 1.083461102098226547e-02 3.559779608622193336e-03 7.921352386474609375e-01 -1.083758380264043808e-02 9.999408721923828125e-01 8.114270167425274849e-04 -6.006042938679456711e-03 -3.550780238583683968e-03 -8.499594987370073795e-04 9.999933838844299316e-01 4.052345175296068192e-03 5.908070373535156250e+01
3.842137000000000000e+06 9.999239528113088582e-01 1.233082166701073186e-02 1.985673350481991168e-04 7.702375283788661653e-01 -1.233073282236719741e-02 9.999238756664610150e-01 -4.426036460758168327e-04 -1.249270965317558074e-02 -2.040098859511458381e-04 4.401215065205871073e-04 9.999998823365042755e-01 9.424319357099586458e-03 9.999264478683471680e-01 1.159930694848299026e-02 3.538120770826935768e-03 7.997995615005493164e-01 -1.160338241606950760e-02 9.999319911003112793e-01 1.150170690380036831e-03 -4.454683046787977219e-03 -3.524542320519685745e-03 -1.191142480820417404e-03 9.999930858612060547e-01 4.652997478842735291e-03 6.472569274902343750e+01
3.945774000000000000e+06 9.999013920075957573e-01 1.404096232271192027e-02 2.401159413399823637e-04 8.456075924849050240e-01 -1.404089967426589911e-02 9.999013877494934421e-01 -2.606344488770347026e-04 -1.306685330166302422e-02 -2.437518211236105710e-04 2.572373046934382898e-04 9.999999372070129677e-01 9.734804435149612203e-03 9.999115467071533203e-01 1.239355187863111496e-02 4.829051904380321503e-03 8.057713508605957031e-01 -1.239494606852531433e-02 9.999231696128845215e-01 2.523057046346366405e-04 -6.505966652184724808e-03 -4.825551994144916534e-03 -3.121405316051095724e-04 9.999883174896240234e-01 7.552716881036758423e-03 5.772867202758789062e+01
4.049501000000000000e+06 9.997768447029163896e-01 2.112436496115512041e-02 1.484424922590308325e-04 8.309910101121547044e-01 -2.112427990114428000e-02 9.997767046079493181e-01 -5.529523071469619449e-04 -1.902054028719750087e-02 -1.600901111815308266e-04 5.496931724053935337e-04 9.999998361042854444e-01 9.889993726391438020e-03 9.999104142189025879e-01 1.313496194779872894e-02 2.570939948782324791e-03 8.098316788673400879e-01 -1.313528884202241898e-02 9.999136924743652344e-01 8.835514745442196727e-05 -8.037336170673370361e-03 -2.569557633250951767e-03 -1.221194688696414232e-04 9.999966621398925781e-01 1.029428374022245407e-02 5.952703857421875000e+01
4.153250000000000000e+06 9.998337817142197714e-01 1.823119762772811708e-02 1.799327805703703279e-04 8.067448439744850930e-01 -1.823108242336197310e-02 9.998336062930426316e-01 -6.223828613593021270e-04 -1.774192920916140698e-02 -1.912496258436096816e-04 6.189990405907400389e-04 9.999997901318620208e-01 9.623732111690666557e-03 9.998980760574340820e-01 1.426223944872617722e-02 6.642238004133105278e-04 8.101344704627990723e-01 -1.426189299672842026e-02 9.998982548713684082e-01 -4.453071451280266047e-04 -8.601076900959014893e-03 -6.705069681629538536e-04 4.357947327662259340e-04 9.999996423721313477e-01 1.183025352656841278e-02 6.076988983154296875e+01
4.257002000000000000e+06 9.998463071778589395e-01 1.753053858701008813e-02 2.055364051553470756e-04 8.276609981766814839e-01 -1.753043560806679182e-02 9.998462087847969082e-01 -4.925562193604361792e-04 -1.678671827566354663e-02 -2.141395711158196932e-04 4.888773743559440051e-04 9.999998575715709492e-01 9.720114851449664431e-03 9.998931288719177246e-01 1.459392812103033066e-02 -8.355019381269812584e-04 8.160827755928039551e-01 -1.459362171590328217e-02 9.998933672904968262e-01 4.055856261402368546e-04 -8.530764840543270111e-03 8.413257310166954994e-04 -3.933483385480940342e-04 9.999995827674865723e-01 1.046048104763031006e-02 5.096307373046875000e+01
4.360751000000000000e+06 9.998434623585911174e-01 1.769209373072552424e-02 2.014956190078545173e-04 8.327253178154846447e-01 -1.769199512783195885e-02 9.998433686825118905e-01 -4.810533039155239356e-04 -1.675893072211535537e-02 -2.099748985642718507e-04 4.774131414826404273e-04 9.999998639936088507e-01 9.664759544703981770e-03 9.998621344566345215e-01 1.657344028353691101e-02 -9.854956297203898430e-04 8.198852539062500000e-01 -1.657387427985668182e-02 9.998625516891479492e-01 -4.258244880475103855e-04 -1.171915978193283081e-02 9.782961569726467133e-04 4.420955374371260405e-04 9.999994635581970215e-01 1.124972663819789886e-02 5.263590240478515625e+01
4.464541000000000000e+06 9.997260962989430455e-01 2.340337828065740255e-02 1.195213137550950756e-04 8.550479964390180765e-01 -2.340332018588110741e-02 9.997259960557375313e-01 -4.663004010183220693e-04 -1.969223689789498938e-02 -1.304015686958137892e-04 4.633754841521751933e-04 9.999998841392936377e-01 1.013262974248056204e-02 9.997884631156921387e-01 2.052626572549343109e-02 -1.323409611359238625e-03 8.223639726638793945e-01 -2.052470296621322632e-02 9.997887015342712402e-01 1.191222690977156162e-03 -1.293501723557710648e-02 1.347593264654278755e-03 -1.163801294751465321e-03 9.999983310699462891e-01 1.249306090176105499e-02 5.132454299926757812e+01
4.568398000000000000e+06 9.996754935799774255e-01 2.547353795755050165e-02 8.014899590183755191e-05 8.212210148720182623e-01 -2.547347065148549555e-02 9.996752161739252962e-01 -7.513221095282060719e-04 -2.208054982304068214e-02 -9.926179636386437614e-05 7.490366276709071276e-04 9.999997145455830072e-01 1.036392155247754625e-02 9.996734857559204102e-01 2.554260566830635071e-02 -7.052377332001924515e-04 8.277322053909301758e-01 -2.554042823612689972e-02 9.996694922447204590e-01 2.936806762591004372e-03 -1.325904764235019684e-02 7.800235180184245110e-04 -2.917833393439650536e-03 9.999954104423522949e-01 1.078680157661437988e-02 5.299008178710937500e+01
4.672274000000000000e+06 9.995954102489265081e-01 2.844306732662368539e-02 8.805213830256485193e-05 8.795044167995363926e-01 -2.844304041673920494e-02 9.995953719192631759e-01 -2.931079821757358404e-04 -2.230879510396041251e-02 -9.635339977146525729e-05 2.904849232357260749e-04 9.999999531672660869e-01 1.068132811013145639e-02 9.995449781417846680e-01 3.016400337219238281e-02 1.903245574794709682e-04 8.289836049079895020e-01 -3.016438335180282593e-02 9.995417594909667969e-01 2.517630346119403839e-03 -1.512144692242145538e-02 -1.143003100878559053e-04 -2.522239927202463150e-03 9.999968409538269043e-01 9.766380302608013153e-03 5.366905593872070312e+01
4.776128000000000000e+06 9.993096893648186763e-01 3.715022492233350376e-02 7.518794920583908884e-05 8.877046180163449263e-01 -3.715024233184276853e-02 9.993096614715603065e-01 2.451687254952187320e-04 -2.703213203237319479e-02 -6.602797159039800303e-05 -2.477927332154584430e-04 9.999999671195365369e-01 1.074132906122148706e-02 9.994527697563171387e-01 3.307594358921051025e-02 -7.774919504299759865e-05 8.352388143539428711e-01 -3.307580575346946716e-02 9.994519352912902832e-01 1.328883110545575619e-03 -2.004544809460639954e-02 1.216598611790686846e-04 -1.325573888607323170e-03 9.999991059303283691e-01 1.039040833711624146e-02 5.728239822387695312e+01
4.880125000000000000e+06 9.992712565726205032e-01 3.816892618731474590e-02 2.980531262101911703e-04 8.479198929753515301e-01 -3.816891892001379044e-02 9.992713008490575755e-01 -3.003487668300651835e-05 -2.857061103157092566e-02 -2.989823341578044997e-04 1.863662315395362868e-05 9.999999551311182788e-01 1.078636270556550952e-02 9.994117021560668945e-01 3.429880738258361816e-02 -5.324135054252110422e-05 8.367519974708557129e-01 -3.429882228374481201e-02 9.994116425514221191e-01 -6.993456918280571699e-05 -2.327519468963146210e-02 5.081584822619333863e-05 7.171688048401847482e-05 1.000000000000000000e+00 1.241294573992490768e-02 5.034934234619140625e+01
4.984148000000000000e+06 9.993255758874696193e-01 3.671981918371823583e-02 2.198631195731377331e-04 8.410311862533476068e-01 -3.671978800524722253e-02 9.993255908146222444e-01 -1.442059397348124331e-04 -2.755846933969619689e-02 -2.250100575794362163e-04 1.360353571367789796e-04 9.999999654324293052e-01 1.056711198667464706e-02 9.994227886199951172e-01 3.395960107445716858e-02 -8.270770194940268993e-04 8.381923437118530273e-01 -3.396043553948402405e-02 9.994227290153503418e-01 -1.015443238429725170e-03 -2.461939677596092224e-02 7.921056239865720272e-04 1.042948802933096886e-03 9.999991655349731445e-01 1.213285699486732483e-02 5.257004928588867188e+01
5.088126000000000000e+06 9.992970401396804592e-01 3.748776859959915969e-02 3.046090992125821163e-04 7.524770545231447283e-01 -3.748750793239571250e-02 9.992967594201500603e-01 -8.205940635520249816e-04 -3.039752179642617180e-02 -3.351571258147132380e-04 8.085981829534037279e-04 9.999996169192699735e-01 8.750276649951373512e-03 9.994572401046752930e-01 3.289036452770233154e-02 -1.881341799162328243e-03 8.405036926269531250e-01 -3.289029747247695923e-02 9.994589686393737793e-01 6.641644722549244761e-05 -2.242556959390640259e-02 1.882513985037803650e-03 -4.510297458182321861e-06 9.999982714653015137e-01 1.198297273367643356e-02 5.398940658569335938e+01
5.192023000000000000e+06 9.991627714600573862e-01 4.091013431032959613e-02 3.422482748040934011e-04 9.049416465712181168e-01 -4.091029921527737645e-02 9.991627033882783948e-01 4.895619115071738955e-04 -3.097735471340722080e-02 -3.219336690817508825e-04 -5.031535148605223787e-04 9.999998215976207971e-01 1.195051051901964076e-02 9.994674324989318848e-01 3.254225105047225952e-02 -2.408947562798857689e-03 8.409947156906127930e-01 -3.253961727023124695e-02 9.994698166847229004e-01 1.124475500546395779e-03 -2.054456621408462524e-02 2.444266341626644135e-03 -1.045480952598154545e-03 9.999964237213134766e-01 1.138967927545309067e-02 5.792604827880859375e+01
5.295877000000000000e+06 9.994063851788492769e-01 3.445097457717476858e-02 8.728706358377932070e-05 8.557784340441765281e-01 -3.445096116193663988e-02 9.994063780765100047e-01 -1.507965974074361264e-04 -2.612188315832651708e-02 -9.243033779286551847e-05 1.476999590867779562e-04 9.999999848206773123e-01 1.063278608193412092e-02 9.994645714759826660e-01 3.251156955957412720e-02 -3.692102618515491486e-03 8.418132662773132324e-01 -3.252466022968292236e-02 9.994646906852722168e-01 -3.544928273186087608e-03 -2.591914124786853790e-02 3.574866801500320435e-03 3.663108451291918755e-03 9.999869465827941895e-01 1.051115710288286209e-02 5.421955108642578125e+01
5.399752000000000000e+06 9.995285820981321123e-01 3.070190481695161955e-02 8.125065385671632542e-05 8.379104560295159709e-01 -3.070185946271625221e-02 9.995284564478417177e-01 -5.104592881850777975e-04 -2.471535658559737003e-02 -9.688441324356327281e-05 5.077241023597467429e-04 9.999998664148131988e-01 1.070302009737074747e-02 9.994864463806152344e-01 3.171650320291519165e-02 -4.571177065372467041e-03 8.431248068809509277e-01 -3.174606710672378540e-02 9.994744658470153809e-01 -6.552269682288169861e-03 -3.169369325041770935e-02 4.360969178378582001e-03 6.694031879305839539e-03 9.999680519104003906e-01 9.057827293872833252e-03 5.682796859741210938e+01
5.503628000000000000e+06 9.994131611596509535e-01 3.425370584677998875e-02 1.300546148762279485e-04 8.297296206418461884e-01 -3.425365616847010630e-02 9.994131040454983239e-01 -3.667135106393349178e-04 -2.670156360525059031e-02 -1.425395833110035693e-04 3.620434627576571071e-04 9.999999243034948249e-01 1.066287583331167708e-02 9.995125532150268555e-01 3.071575053036212921e-02 -5.594443995505571365e-03 8.402280211448669434e-01 -3.075401298701763153e-02 9.995033144950866699e-01 -6.874709855765104294e-03 -3.114794567227363586e-02 5.380508024245500565e-03 7.043403107672929764e-03 9.999606609344482422e-01 1.010437868535518646e-02 5.777487945556640625e+01
5.607400000000000000e+06 9.994700051489807668e-01 3.255278728417745210e-02 1.576810874754801034e-04 7.963502565709088543e-01 -3.255266950123290176e-02 9.994697767051566872e-01 -6.994119619008544756e-04 -2.690791412252431514e-02 -1.803652897714287879e-04 6.939083369171470924e-04 9.999997429797619075e-01 1.014136127855762466e-02 9.995648860931396484e-01 2.923963963985443115e-02 -3.879332216456532478e-03 8.434756994247436523e-01 -2.926581539213657379e-02 9.995480179786682129e-01 -6.880804430693387985e-03 -3.141238912940025330e-02 3.676384687423706055e-03 6.991341244429349899e-03 9.999688267707824707e-01 9.961904957890510559e-03 5.780329513549804688e+01
5.711251000000000000e+06 9.994401244739785639e-01 3.345785460600180644e-02 9.788109870930431422e-05 8.399278164868733132e-01 -3.345782049727392266e-02 9.994400754282817267e-01 -3.315110742756422683e-04 -2.602779203323554030e-02 -1.089179417628070216e-04 3.280505811823609496e-04 9.999999402598486187e-01 1.066184515251381026e-02 9.995827078819274902e-01 2.861655130982398987e-02 -3.946030512452125549e-03 8.502045273780822754e-01 -2.865035645663738251e-02 9.995509386062622070e-01 -8.774780668318271637e-03 -3.705010190606117249e-02 3.693157341331243515e-03 8.884179405868053436e-03 9.999536871910095215e-01 1.246251352131366730e-02 5.535318374633789062e+01
5.815003000000000000e+06 9.996621479506814234e-01 2.599193968253188033e-02 9.477179186173426953e-05 8.822613331428370564e-01 -2.599189981152065163e-02 9.996620734052114043e-01 -4.001186006496697928e-04 -2.083177753921679545e-02 -1.051396251692194905e-04 3.975201206704005404e-04 9.999999154616973085e-01 1.061648021778911245e-02 9.996013045310974121e-01 2.716101333498954773e-02 -7.705722935497760773e-03 8.430604934692382812e-01 -2.721091918647289276e-02 9.996088743209838867e-01 -6.458927877247333527e-03 -3.261204063892364502e-02 7.527281530201435089e-03 6.666036322712898254e-03 9.999494552612304688e-01 1.616594381630420685e-02 5.781523132324218750e+01
5.918752000000000000e+06 9.996798266772086716e-01 2.530285351329625981e-02 9.869034741008714023e-05 8.538028501288319472e-01 -2.530279933538453346e-02 9.996796996351624554e-01 -5.162210950762228037e-04 -2.106985136029473904e-02 -1.117206035831378239e-04 5.135586728005259085e-04 9.999998618879888390e-01 1.041775607911519554e-02 9.995393753051757812e-01 2.665097825229167938e-02 -1.451456360518932343e-02 8.336136341094970703e-01 -2.672138810157775879e-02 9.996320605278015137e-01 -4.679450299590826035e-03 -3.015574812889099121e-02 1.438450999557971954e-02 5.065142177045345306e-03 9.998837113380432129e-01 1.470023952424526215e-02 5.842905426025390625e+01
6.022375000000000000e+06 9.996218172659792067e-01 2.749928523101181910e-02 1.085352375491648855e-04 7.515423101142907347e-01 -2.749915159007058213e-02 9.996212387814152889e-01 -1.084279125475524777e-03 -2.475245755070779735e-02 -1.383110286757838995e-04 1.080884442981056405e-03 9.999994062792812999e-01 9.640621787896571163e-03 9.994930028915405273e-01 2.627472020685672760e-02 -1.798331923782825470e-02 8.282617330551147461e-01 -2.629566751420497894e-02 9.996537566184997559e-01 -9.273898322135210037e-04 -2.337446995079517365e-02 1.795272342860698700e-02 1.399805187247693539e-03 9.998378753662109375e-01 9.085897356271743774e-03 6.113808059692382812e+01
6.126131000000000000e+06 9.997019318678154187e-01 2.441367868568020474e-02 1.404945916452590574e-04 7.683889176909448615e-01 -2.441352468383569188e-02 9.997014357065391321e-01 -1.009596344849209276e-03 -2.255615246017934200e-02 -1.651006046714525587e-04 1.005865448333708584e-03 9.999994804881326971e-01 9.860435761239447205e-03 9.995040893554687500e-01 2.681609056890010834e-02 -1.650575362145900726e-02 8.246240019798278809e-01 -2.680420130491256714e-02 9.996402859687805176e-01 9.371445048600435257e-04 -1.921942271292209625e-02 1.652496308088302612e-02 -4.942550440318882465e-04 9.998633265495300293e-01 3.786790417507290840e-03 5.846080017089843750e+01
