1.000000000000000000e+00 0.000000000000000000e+00 0.000000000000000000e+00 0.000000000000000000e+00 0.000000000000000000e+00 1.000000000000000000e+00 0.000000000000000000e+00 0.000000000000000000e+00 0.000000000000000000e+00 0.000000000000000000e+00 1.000000000000000000e+00 0.000000000000000000e+00
9.999914916053956881e-01 -3.878792691869096566e-03 1.404166681377987331e-03 -4.999745470556771210e-02 3.878168602455482183e-03 9.999923800127743512e-01 4.469056700920069386e-04 2.381629824229690787e-02 -1.405889436092920466e-03 -4.414562725058807178e-04 9.999989142950370669e-01 -8.864539684841243883e-03
9.999950274797656524e-01 -2.000868712952583520e-03 2.437527463610499046e-03 -2.553190741762434435e-02 1.999414770263758297e-03 9.999978219030928317e-01 5.987734518114395336e-04 3.685995954816842848e-03 -2.438720221505345440e-03 -5.938968459846682849e-04 9.999968499601474825e-01 -1.327125014764218847e-02
9.999945001565758718e-01 -2.402008544505381503e-03 2.286921850808993489e-03 -4.194499991606104317e-02 2.401161845014497791e-03 9.999970476759358906e-01 3.729091123671302390e-04 2.555311756135535822e-02 -2.287810829948810128e-03 -3.674157919347082455e-04 9.999973154600179104e-01 -1.149450356166270559e-02
9.999866269301815880e-01 -4.679272136436941551e-03 2.202356254214030400e-03 -4.422043493121663449e-02 4.678439792505101856e-03 9.999889827207966153e-01 3.829335897026491398e-04 2.182519495759562000e-02 -2.204123840716673468e-03 -3.726248775680307784e-04 9.999975014912766413e-01 -1.231906615079347844e-02
9.999918281923361185e-01 -3.821310681473912962e-03 1.319520073570446201e-03 -2.864676761197793020e-02 3.821535389774205135e-03 9.999926838257334749e-01 -1.678161836371515944e-04 3.632165607845420224e-02 -1.318869141956582197e-03 1.728574049342432024e-04 9.999991153518608122e-01 -1.939492415846322260e-02
9.999944933198329222e-01 -2.816778590283381019e-03 1.754733137478559860e-03 -3.265483642439093170e-02 2.816519834657876201e-03 9.999960223628154843e-01 1.499152039356002359e-04 3.055177895099587398e-02 -1.755148435723586763e-03 -1.449721377142799961e-04 9.999984492173216166e-01 -1.904548876238898458e-02
9.999879989169708772e-01 -4.608407971929965458e-03 1.662708030981600903e-03 2.895340441168259282e-02 4.607813305446472468e-03 9.999893187012858231e-01 3.613030310889409308e-04 5.573318873031780918e-02 -1.664355302869199946e-03 -3.536372468730362983e-04 9.999985524300141204e-01 -1.769066433394450577e-02
9.999835994205762413e-01 -5.462509841445630128e-03 1.721010197615580615e-03 8.373740842275911866e-02 5.462117843663885121e-03 9.999850555201397206e-01 2.323898553902076680e-04 6.608704936362948257e-02 -1.722253909885463827e-03 -2.229856835524032994e-04 9.999984920582906112e-01 -1.962995905375120032e-02
9.999781109996049855e-01 -6.274101794141418234e-03 2.100754230795629385e-03 1.478040460302070258e-01 6.273408027449454451e-03 9.999802653066777181e-01 3.366732945755431645e-04 7.679384118968557438e-02 -2.102825095576675487e-03 -3.234870366784933738e-04 9.999977367388162008e-01 -1.853969186696513560e-02
9.999907248008818028e-01 -3.946421266404797831e-03 1.725129384999411200e-03 2.655138505232885748e-01 3.945644516447798476e-03 9.999921131151874309e-01 4.534278022223651506e-04 1.121773608506746872e-01 -1.726905196224134530e-03 -4.466168492911278703e-04 9.999984091646512141e-01 -2.010649369663330965e-02
9.999823191923623567e-01 -5.517214740987228493e-03 2.218477893936200186e-03 3.980751799923938350e-01 5.515236193640715191e-03 9.999843886765074075e-01 8.969799329832821083e-04 1.258017575992582959e-01 -2.223392091468761635e-03 -8.847286440782035216e-04 9.999971368873182831e-01 -1.758771612835907661e-02
9.999360857465121599e-01 -1.111937867459707359e-02 2.045443676709239947e-03 6.873617325055270122e-01 1.111978924431403920e-02 9.999381552834885056e-01 -1.894608562436426850e-04 1.317803573883150337e-01 -2.043210489820326391e-03 2.121936495905726091e-04 9.999978901301489476e-01 -2.728214854340471618e-02
9.998717336126435873e-01 -1.594694545479004646e-02 1.487028280958455117e-03 9.196550058911399095e-01 1.594843596396452318e-02 9.998723196076798603e-01 -9.959280400633435757e-04 1.417087183737836265e-01 -1.470956406472364057e-03 1.019516071287048138e-03 9.999983984358327138e-01 -3.463527159655432897e-02
9.996738926188541985e-01 -2.546038295744803767e-02 1.969090126781509065e-03 1.037090184119225489e+00 2.546185393736539321e-02 9.996755311049239090e-01 -7.256060642993426022e-04 9.973327048857301425e-02 -1.949977010010458048e-03 7.755061240035896484e-04 9.999977980875317529e-01 -3.522091484279066265e-02
9.996145173468942158e-01 -2.771912065389352253e-02 1.570687591590326721e-03 1.879772172043349787e+00 2.772002955422410778e-02 9.996155693571281420e-01 -5.598752873478789324e-04 2.116281569043744482e-01 -1.554564520508610638e-03 6.031989715960407034e-04 9.999986097391097006e-01 -4.108776579865236478e-02
9.993848644531887482e-01 -3.504347669762526013e-02 1.359206689443267406e-03 2.245956084316196311e+00 3.504481892842718771e-02 9.993852645209039265e-01 -9.765883251612299948e-04 2.390941540381147368e-01 -1.324148086651880151e-03 1.023620743285668733e-03 9.999985994152285063e-01 -4.315565789020081588e-02
9.991570165204491927e-01 -4.102698247533361625e-02 1.429351924315010527e-03 2.516785607558020388e+00 4.102832369185385047e-02 9.991575584379583930e-01 -9.219931314931956385e-04 2.638849429633146615e-01 -1.390321182799032773e-03 9.798598199354578795e-04 9.999985534398247999e-01 -4.202553983536949644e-02
9.989312171455835276e-01 -4.621397634750476491e-02 8.317464731267660248e-04 2.733953572925977404e+00 4.621490760183488006e-02 9.989308725912404707e-01 -1.137584923154202031e-03 2.718544236960434568e-01 -7.782849074432794450e-04 1.174808178296597597e-03 9.999990070486807214e-01 -4.319565543092629412e-02
9.981305420763572078e-01 -6.111387491970093205e-02 7.178207690409409364e-04 2.938330602773119082e+00 6.111475091419975997e-02 9.981299393794555996e-01 -1.269383732474917755e-03 3.215982830158176098e-01 -6.389014420365719382e-04 1.310880110499075763e-03 9.999989366985764239e-01 -4.631738945578112165e-02
9.977544200148684705e-01 -6.697105049190231474e-02 9.978661254536188782e-04 3.302374188626529872e+00 6.697203846040482300e-02 9.977543596392177694e-01 -9.919099724327660583e-04 3.663650631314453454e-01 -9.291960241604250428e-04 1.056511687783833787e-03 9.999990101884114191e-01 -4.914166560583765886e-02
9.971424688478330856e-01 -7.554316358202999016e-02 3.567296832327666064e-04 3.650855449136547470e+00 7.554354368821451782e-02 9.971417688342807395e-01 -1.210724192237805147e-03 3.687243010384525510e-01 -2.642481316274705012e-04 1.234213134551981166e-03 9.999992034451146150e-01 -4.929162665070552229e-02
9.967877437325706191e-01 -8.008862233243528583e-02 8.073056092972177378e-05 3.989614089881508008e+00 8.008865764601322268e-02 9.967868011036226106e-01 -1.371153553575288429e-03 4.155966868714163764e-01 2.934264153163066945e-05 1.373214659235079491e-03 9.999990567098097083e-01 -5.105641178584829909e-02
9.964235544999536787e-01 -8.449880387208257015e-02 2.284335020247399753e-04 4.438860822548574170e+00 8.449899751656543556e-02 9.964230184103461951e-01 -1.042976850756629137e-03 4.288861669031071022e-01 -1.394861032383292614e-04 1.058549102812377527e-03 9.999994300085496279e-01 -5.354923358922647481e-02
9.959793759068863439e-01 -8.958269764875025076e-02 -1.518225980675876117e-04 5.866013627135032493e+00 8.958251342885543977e-02 9.959789462193671117e-01 -9.549740984156969599e-04 6.166618713991118828e-01 2.367612671564050901e-04 9.375338566171145327e-04 9.999995324870758484e-01 -5.872865884704125961e-02
9.954931028582540975e-01 -9.483251586324623061e-02 5.254490385415464633e-04 6.338413006629566304e+00 9.483286964794479523e-02 9.954929651391980494e-01 -6.951206399838591194e-04 6.607837092501536169e-01 -4.571607822891242336e-04 7.418176429369962611e-04 9.999996203552299345e-01 -5.861903177710847679e-02
9.947986992338092582e-01 -1.018557384961596424e-01 9.780276696725923556e-04 6.933815387208395187e+00 1.018563592833850312e-01 9.947989310790130713e-01 -6.072870720685012063e-04 7.197634152036919142e-01 -9.110852071512839283e-04 7.037467270665175544e-04 9.999993373319252532e-01 -5.568558790736299891e-02
9.929589434421199901e-01 -1.184546066106724888e-01 1.021181188196722441e-03 8.245057090555100388e+00 1.184548829923289803e-01 9.929594124400794586e-01 -2.143406786016413079e-04 8.766591551955051909e-01 -9.886018318622565720e-04 3.337953919227635148e-04 9.999994556233791076e-01 -5.746727986759281315e-02
9.916333782346724579e-01 -1.290827245519897137e-01 9.451947554453091769e-04 9.023840766256318702e+00 1.290829544000109685e-01 9.916337813189444184e-01 -1.860926045090401896e-04 9.764811795594922073e-01 -9.132657090160627850e-04 3.065441695900652554e-04 9.999995359881009849e-01 -5.929790955982672251e-02
9.903797789304046306e-01 -1.383680098426712801e-01 1.478965158772679520e-03 9.631426794623985543e+00 1.383690091384770504e-01 9.903805644680692133e-01 -5.956793983655960445e-04 1.081603593715143363e+00 -1.382315375917765295e-03 7.945917744364219826e-04 9.999987289132491464e-01 -6.343571219519894555e-02
9.899711070299985760e-01 -1.412599959792801008e-01 1.679518303776703948e-03 1.020271137802421180e+01 1.412605703245696787e-01 9.899724235417723950e-01 -2.278122205833236135e-04 1.165151641000525373e+00 -1.630496052208958019e-03 4.627772296678865876e-04 9.999985636588983873e-01 -6.489176394768336742e-02
9.890495963395611323e-01 -1.475735955770442198e-01 1.711686015039453213e-03 1.167325165629088701e+01 1.475727665655276744e-01 9.890510182166031283e-01 6.016085919353383145e-04 1.388771146698716707e+00 -1.781726339083830645e-03 -3.424224942771622181e-04 9.999983540976897789e-01 -7.231336838861190941e-02
9.882370944049945205e-01 -1.529180047509893503e-01 1.878580567901338939e-03 1.241990639711723432e+01 1.529171339131465690e-01 9.882388327821867158e-01 5.996141184476403091e-04 1.472107996022204102e+00 -1.948178062323652161e-03 -3.052937579105040431e-04 9.999980556970894385e-01 -7.614170657864893776e-02
9.874468487945926576e-01 -1.579423069958400538e-01 1.717109915030849135e-03 1.315388051204692843e+01 1.579421458460469607e-01 9.874483407797235435e-01 2.299063242636460898e-04 1.593617649934738090e+00 -1.731869271780757434e-03 4.418374922141068804e-05 9.999984993371849873e-01 -8.279764839735781479e-02
9.858861099467539635e-01 -1.674066551990177343e-01 1.894731942447009081e-03 1.479742902662263226e+01 1.674066167919998349e-01 9.858879207411627155e-01 1.799747885238889603e-04 1.868053351379394211e+00 -1.898122312467880480e-03 1.397560200664814845e-04 9.999981887983306894e-01 -8.383518492840957848e-02
9.855735789174440153e-01 -1.692370107471900809e-01 1.885400014877903997e-03 1.551725703931655609e+01 1.692376006673280420e-01 9.855752685422225490e-01 -1.567108584512357785e-04 2.009059353031891870e+00 -1.831682348736887083e-03 4.735306564350904223e-04 9.999982103526440236e-01 -9.077085600649925645e-02
9.854216315797416081e-01 -1.701224718877887843e-01 1.597677535882204318e-03 1.646820765280071441e+01 1.701217850570765910e-01 9.854228876877901833e-01 5.573778357860975164e-04 2.186432348749071775e+00 -1.669210506202351485e-03 -2.774524219968491664e-04 9.999985683771950296e-01 -9.691057967888183633e-02
9.845820209650563148e-01 -1.749179596121197833e-01 1.396924299399868955e-03 1.818846064300200993e+01 1.749173967077136405e-01 9.845829765242176679e-01 5.163987890680112871e-04 2.466947027849132112e+00 -1.465715307212076338e-03 -2.640906015157183932e-04 9.999988909667812953e-01 -9.612453583863511675e-02
9.839091620596328580e-01 -1.786595092314228195e-01 1.881641915557742120e-03 1.932853773875962844e+01 1.786606911028430222e-01 9.839106302930119563e-01 -4.785927950794226704e-04 2.683851886953477539e+00 -1.765862329231583606e-03 8.070672810159955921e-04 9.999981151845429572e-01 -9.921879695892243944e-02
9.837121092282895551e-01 -1.797478377643221825e-01 1.095890816097509204e-03 2.005809582876653963e+01 1.797488978808433613e-01 9.837120574261601913e-01 -9.600963565313155564e-04 2.805339858207181791e+00 -9.054657652858071016e-04 1.141443578337081148e-03 9.999989386185895723e-01 -1.015311263473179793e-01
9.836029732665348968e-01 -1.803469485037449693e-01 -4.112743853592384360e-04 2.105773059955781079e+01 1.803458867932188625e-01 9.836014630739824405e-01 -1.876953779243877973e-03 2.973932161565906451e+00 7.430329737334042620e-04 1.772005674205188964e-03 9.999981539472415637e-01 -1.056587036565888038e-01
9.835748643239662359e-01 -1.804994705799649046e-01 6.537510566237418781e-04 2.310613374932148645e+01 1.805004055734857060e-01 9.835730716484607505e-01 -1.901661331564481619e-03 3.352967914434061392e+00 -2.997630712870609265e-04 1.988428617048347297e-03 9.999979781448243843e-01 -1.076675577413606089e-01
9.838675790516298036e-01 -1.788827967937940688e-01 2.351999641887891814e-03 2.392846044092628333e+01 1.788857517115134688e-01 9.838692260301893366e-01 -1.110812929210032354e-03 3.502864208953203384e+00 -2.115354743795725377e-03 1.513632051405448906e-03 9.999966170904387441e-01 -1.118175633208353670e-01
9.835320416451392989e-01 -1.807079051866198605e-01 3.062035337474703408e-03 2.487651732995281861e+01 1.807103466161891214e-01 9.835362124121895810e-01 -5.380518022634093534e-04 3.682876632968941966e+00 -2.914392424023244492e-03 1.082532654777050053e-03 9.999951672082474374e-01 -1.147181294753620850e-01
9.838805688705297703e-01 -1.787871108674226051e-01 3.767650021255603172e-03 2.622729936279731433e+01 1.787876918476507260e-01 9.838876597984023142e-01 1.847707049774869584e-04 3.908836808447552880e+00 -3.739978982868437819e-03 4.918171446661818904e-04 9.999928853112429739e-01 -1.246428010197209169e-01
9.834926504946677195e-01 -1.809083593596815254e-01 3.791033732596887310e-03 2.748015797650544911e+01 1.809051936539839978e-01 9.834998495845977962e-01 1.164807318247415308e-03 4.139960189910887323e+00 -3.939204486693465880e-03 -4.597617451945117204e-04 9.999921356126509897e-01 -1.300924301108463688e-01
9.835740151246552543e-01 -1.804605557493936252e-01 4.018033123845266355e-03 2.823853369027977678e+01 1.804573892597503282e-01 9.835821423463174673e-01 1.140139896596514130e-03 4.290543962850970061e+00 -4.157815907342057860e-03 -3.963282084109278833e-04 9.999912777073770576e-01 -1.345646900994621475e-01
9.842475693728403030e-01 -1.767093252466683806e-01 5.525989008589415018e-03 2.994960960616282364e+01 1.767054829579984276e-01 9.842630645404094603e-01 1.179861899829245768e-03 4.616736341199510818e+00 -5.647519476413915412e-03 -1.848036505191740224e-04 9.999840355582557683e-01 -1.444689444407218915e-01
9.851258265294100536e-01 -1.716750420353525819e-01 7.401746206569108019e-03 3.095103254704013551e+01 1.716718779589670174e-01 9.851536078608922331e-01 1.065474875055163594e-03 4.799947587115577896e+00 -7.474772423834937819e-03 2.210448545223406031e-04 9.999720390672854897e-01 -1.521277346613953974e-01
9.855535258359535700e-01 -1.691744325981025532e-01 8.016175361744122888e-03 3.172832592077252301e+01 1.691767002300774425e-01 9.855856556774171828e-01 3.992770700000780734e-04 4.953089322800058980e+00 -7.968174921696435931e-03 9.626411720414920293e-04 9.999677902364613180e-01 -1.539374786597449418e-01
9.857667310600584099e-01 -1.679897093824923304e-01 6.588586855448152861e-03 3.245587637698176309e+01 1.679998048934877308e-01 9.857865151573553808e-01 -1.006026673451230905e-03 5.084369202411444633e+00 -6.325937947539685829e-03 2.098588931486332267e-03 9.999777889701254585e-01 -1.621711120460891387e-01
9.870044746647573808e-01 -1.606387393250988394e-01 4.166823705007200243e-03 3.427889073280756094e+01 1.606500734095533955e-01 9.870081492716386018e-01 -2.543066039280718945e-03 5.333475213730967113e+00 -3.704174030849822444e-03 3.179418094232125836e-03 9.999880851266836901e-01 -1.767348669390615967e-01
9.876089948469018998e-01 -1.568574553035537722e-01 4.920570412568053484e-03 3.540493939168850090e+01 1.568737680086066955e-01 9.876137226631654942e-01 -3.123414507585803388e-03 5.491473660327379491e+00 -4.369692011264451718e-03 3.856620683698261907e-03 9.999830159900863213e-01 -1.924562745238869166e-01
9.876042599592090854e-01 -1.568395098587633818e-01 6.260499795138900134e-03 3.634753971943085560e+01 1.568667638615386939e-01 9.876111526565091170e-01 -4.126686817504776617e-03 5.659359461400153002e+00 -5.535711881084899935e-03 5.057597823504495112e-03 9.999718879039678487e-01 -2.009182992131870460e-01
9.877324538152488786e-01 -1.560323712062999801e-01 6.204741400392903457e-03 3.709054885016826830e+01 1.560611037976775972e-01 9.877373782886090803e-01 -4.450102582636216234e-03 5.767209566074751770e+00 -5.434294945702872019e-03 5.363829535401313207e-03 9.999708484606730785e-01 -2.077059060323940276e-01
9.887726065117836693e-01 -1.492283261628409852e-01 7.722647378277312270e-03 3.862925563966808795e+01 1.492660502978534476e-01 9.887865532126582924e-01 -4.560527854299791482e-03 6.007380206548759816e+00 -6.955489944727427827e-03 5.662054085564126663e-03 9.999597803427701104e-01 -2.262204057954486647e-01
9.895717660710947605e-01 -1.437808309172667887e-01 8.648263159366773034e-03 3.964896978501273850e+01 1.438183072377840488e-01 9.895965165525660856e-01 -3.876716430883146540e-03 6.169638780251515797e+00 -8.000893587076250701e-03 5.080067693192889117e-03 9.999550882984901135e-01 -2.371498219415733022e-01
9.897876822230465832e-01 -1.423098352206005890e-01 8.261653527801792601e-03 4.065427910866502970e+01 1.423509719384959959e-01 9.898054532991867882e-01 -4.622272964394062190e-03 6.301882171186727000e+00 -7.519634811179123739e-03 5.751123253531544195e-03 9.999551888327943283e-01 -2.498688717668464676e-01
9.902593117927946942e-01 -1.390251542467125234e-01 7.648653106067937468e-03 4.132998086124740666e+01 1.390652447786943913e-01 9.902706797253797433e-01 -4.983830943837905258e-03 6.420568032793121382e+00 -6.881359044622930438e-03 5.998946816959223154e-03 9.999583288991528152e-01 -2.564227053792891287e-01
9.910404497872746798e-01 -1.334673118640055944e-01 5.030263336162597854e-03 4.319568880798617982e+01 1.334914478936868043e-01 9.910382790700973388e-01 -4.812770203068802294e-03 6.679745650768690979e+00 -4.342836018317209820e-03 5.441147082802977493e-03 9.999757665532406081e-01 -2.711009946854081587e-01
9.921344026353045020e-01 -1.250994683410681374e-01 4.410229956375744977e-03 4.416027990654866642e+01 1.251186893487199192e-01 9.921320675276947831e-01 -4.390234490433267585e-03 6.857044485688941649e+00 -3.826314564245819703e-03 4.907504865463121341e-03 9.999806376689756027e-01 -2.675207732531199589e-01
9.931585642703267824e-01 -1.166863898636407021e-01 4.511389707414510848e-03 4.494648949898364521e+01 1.167034345486127750e-01 9.931598441130959909e-01 -3.719194241967870972e-03 7.010661850619297475e+00 -4.046551749252349194e-03 4.220244287037817725e-03 9.999829073324695283e-01 -2.731441138697694448e-01
9.938084887660171285e-01 -1.110089032823875915e-01 4.659511631656395453e-03 4.725808028690894247e+01 1.110271380676500635e-01 9.938098953454336248e-01 -3.855713423763989373e-03 7.281775453515609620e+00 -4.202650248474050845e-03 4.349172972041476931e-03 9.999817110454313207e-01 -2.857162908818899894e-01
9.944221187374735482e-01 -1.054150652486805367e-01 3.509100210790480796e-03 4.804797041786417822e+01 1.054285668330733616e-01 9.944191738004647396e-01 -3.914597492267306474e-03 7.391071146533328751e+00 -3.076858982327623782e-03 4.262721738362136754e-03 9.999861809756095399e-01 -2.955541154568914752e-01
9.950382771947937632e-01 -9.935169252512753013e-02 5.297934466211629868e-03 4.885412717683786354e+01 9.936724994486757778e-02 9.950470047108420646e-01 -2.758270178327944157e-03 7.494349334986243782e+00 -4.997655011099747142e-03 3.271025584576798314e-03 9.999821617589061962e-01 -2.923196040271793805e-01
9.957782648903203970e-01 -9.172964090293532491e-02 3.364543333120808503e-03 4.952575871853766643e+01 9.174314257345032864e-02 9.957742410234157182e-01 -4.105691779584576435e-03 7.597722693026791596e+00 -2.973711951329337765e-03 4.397032415154241217e-03 9.999859114723419484e-01 -2.944860048941670971e-01
9.961493231542287718e-01 -8.761272768778183284e-02 3.245909191196719428e-03 5.175203376664001098e+01 8.762729560284314434e-02 9.961424471565780703e-01 -4.656397560019936294e-03 7.794317075099670866e+00 -2.825428233534648705e-03 4.922897521947847653e-03 9.999838908878909693e-01 -3.025314157004950211e-01
9.960814574266392274e-01 -8.837211556433220705e-02 3.478413647830852842e-03 5.306131879822522990e+01 8.838721547660320643e-02 9.960762191417574796e-01 -4.457106747092952348e-03 7.872592342608496274e+00 -3.070881162405779061e-03 4.747088681158043166e-03 9.999840172912461966e-01 -3.130614855087423543e-01
9.958740854158319999e-01 -9.066910401570797695e-02 3.730894553215440262e-03 5.404939788381074806e+01 9.068420817967785819e-02 9.958712571619700027e-01 -4.100432350732405133e-03 7.916422265584509788e+00 -3.343708121731473783e-03 4.421847535455345445e-03 9.999846333221174000e-01 -3.188003128416978527e-01
9.962970714161192287e-01 -8.590650786490865165e-02 3.495338913339002696e-03 5.471975365535661240e+01 8.592038561571062327e-02 9.962938343520129081e-01 -4.035215956089832287e-03 7.983862465278500409e+00 -3.135733297061873721e-03 4.320594706875587228e-03 9.999857497174989840e-01 -3.245758978845252329e-01
9.964386633577603236e-01 -8.424201963475175248e-02 3.643115926892638752e-03 5.677879764791661898e+01 8.425838762962616080e-02 9.964333194984983377e-01 -4.600424682541312191e-03 8.158986337382525988e+00 -3.242573029916635905e-03 4.891004095497304520e-03 9.999827817513076145e-01 -3.367977717928676284e-01
9.965330686384406000e-01 -8.312869790244262203e-02 3.385660215677114594e-03 5.790520349109206677e+01 8.314410794054392928e-02 9.965264601241924369e-01 -4.698040774392147310e-03 8.144357887514608763e+00 -2.983357977644219769e-03 4.963250687915791819e-03 9.999832327183221237e-01 -3.426295306062030477e-01
9.966219436979386614e-01 -8.208357818925589300e-02 2.643393914987765200e-03 5.905351243229184632e+01 8.209557979239952286e-02 9.966128695687229699e-01 -4.806660851974418891e-03 8.232003316837536389e+00 -2.239892473144177321e-03 5.007434637062162415e-03 9.999849541268428510e-01 -3.469677664461179312e-01
9.964529521697521597e-01 -8.413754086269119303e-02 1.545422195829937190e-03 6.003800900156819154e+01 8.414355116264901624e-02 9.964441216010431202e-01 -4.356067545936587529e-03 8.312146583079238482e+00 -1.173418051279631440e-03 4.470653677602074924e-03 9.999893181158344690e-01 -3.488585841583915492e-01
9.971547582588317082e-01 -7.538006759926028921e-02 4.832085478978454191e-04 6.212985473451590224e+01 7.538120545714276088e-02 9.971500008855106456e-01 -3.090242361780052519e-03 8.527279909985766793e+00 -2.488887258351414546e-04 3.117874718049729130e-03 9.999951084438586379e-01 -3.584799305267782898e-01
9.961439903263554774e-01 -8.771756192863169876e-02 1.667293010081810417e-03 6.335247028539200187e+01 8.771995910397656360e-02 9.961441575611333921e-01 -1.423422501152114958e-03 8.583088082749611658e+00 -1.536005039540089745e-03 1.564188644876714955e-03 9.999975969983136981e-01 -3.681460845857427167e-01
9.960947163919525726e-01 -8.824744919519494912e-02 2.775551580525916634e-03 6.407877871842443085e+01 8.825025468704689180e-02 9.960979237868160530e-01 -9.048620147866137577e-04 8.295216301956687133e+00 -2.684869402046535704e-03 1.146271405871173614e-03 9.999957387599999192e-01 -3.628950851196659499e-01
9.917685532222960676e-01 -1.280297909448395166e-01 1.873357940615352074e-03 6.610944202493845978e+01 1.280276781005094955e-01 9.917698597689932338e-01 1.207846837927439724e-03 8.505946163357123169e+00 -2.012580320214450366e-03 -9.580628435772842828e-04 9.999975158149356780e-01 -3.729954652729137177e-01
9.849539769764391606e-01 -1.728082566685527899e-01 1.723271734498159303e-03 6.713148963464891494e+01 1.728072768131747594e-01 9.849554053242663976e-01 7.032801183553936573e-04 8.653618294719477078e+00 -1.818878420939131759e-03 -3.949046538548605127e-04 9.999982678643020151e-01 -3.800369330681263591e-01
9.726793352301081885e-01 -2.321492747376420751e-01 1.274776490498179867e-03 6.806143003813666326e+01 2.321457077262703839e-01 9.726779070426430085e-01 2.461612360279790985e-03 8.874800122629117993e+00 -1.811408452849100912e-03 -2.098425583611652611e-03 9.999961576973619426e-01 -3.803872757329049836e-01
9.537924662247966312e-01 -3.004619306923776434e-01 1.599867940885247360e-03 6.890864292694242010e+01 3.004583980797534970e-01 9.537925576468192501e-01 2.123205333217625772e-03 9.114907129432308963e+00 -2.163884508909008283e-03 -1.544403492413744510e-03 9.999964662045984776e-01 -3.885386441844178584e-01
8.797629980295683660e-01 -4.754091547338670232e-01 1.789662888618758245e-03 7.055501065496339663e+01 4.754107423232545870e-01 8.797637727783288453e-01 -5.746220432270174533e-04 9.901110414339161281e+00 -1.301299995030593412e-03 1.356356173869902601e-03 9.999982334565660214e-01 -3.943897303168111268e-01
8.352435040331402938e-01 -5.498775323228054512e-01 1.728703856312320151e-03 7.120224949337605835e+01 5.498800882807430845e-01 8.352415399688408737e-01 -1.859683532433964318e-03 1.033354514000891555e+01 -4.212870793802256527e-04 2.503868419143154018e-03 9.999967765748729587e-01 -3.979327755421644408e-01
7.756461755953837356e-01 -6.311671455568735878e-01 1.022083089932620398e-03 7.189327913296425265e+01 6.311674948642245209e-01 7.756425774078745672e-01 -2.487074363158615301e-03 1.088616860835722377e+01 7.769884643821653664e-04 2.574195341621164125e-03 9.999963848971001878e-01 -3.961939188255199085e-01
6.306133589869216127e-01 -7.760954974139356866e-01 1.603234557668417777e-03 7.306940032434226850e+01 7.760969604478917816e-01 6.306104001362041744e-01 -2.007790726025846829e-03 1.222308113418531050e+01 5.472209562946501928e-04 2.510405120973429900e-03 9.999966992022291112e-01 -3.972559205350270073e-01
5.769535514346814109e-01 -8.167752581458224137e-01 1.666483643131139126e-03 7.342667596975752531e+01 8.167769410167317057e-01 5.769519195612387019e-01 -1.382439131380814928e-03 1.272669232781894522e+01 1.676611415825392509e-04 2.158748578783508797e-03 9.999976558444100272e-01 -4.035775011655715616e-01
4.816605570865162833e-01 -8.763578322734939530e-01 2.399166700462986490e-04 7.394937181396625192e+01 8.763578365101453160e-01 4.816605932621074171e-01 1.236351554894498251e-04 1.364173388789006935e+01 -2.239070424854958574e-04 1.507026760359651721e-04 9.999999635771692486e-01 -4.019006754694134376e-01
4.152212825781809724e-01 -9.097185960873231947e-01 1.833692187665573233e-03 7.425776143609533619e+01 9.097194180339527314e-01 4.152229981766364930e-01 6.650091509325936146e-04 1.434552805698466749e+01 -1.366362359067193385e-03 1.392019437240072039e-03 9.999980976660856058e-01 -3.997084933850714172e-01
3.509827102729440873e-01 -9.363700871757401067e-01 4.711362006307256989e-03 7.454926765510333553e+01 9.363817844791477718e-01 3.509753118700283392e-01 -2.341826932672412803e-03 1.513604624804480636e+01 5.392449396006757231e-04 5.233574326612788416e-03 9.999861593615498867e-01 -4.082413786121670274e-01
2.107710835474146671e-01 -9.775284699102996244e-01 3.693352823178403053e-03 7.510874643439167642e+01 9.775309063424542089e-01 2.107570841379953486e-01 -3.844298499003499445e-03 1.728227115729221097e+01 2.979510957903444383e-03 4.420633492798715231e-03 9.999857901560272877e-01 -4.099373725986796835e-01
1.712806100938494558e-01 -9.852158355929091504e-01 3.565095067984892351e-03 7.522575220547221875e+01 9.852163231050283798e-01 1.712658625898994535e-01 -4.098902139064319709e-03 1.792950064167936475e+01 3.427724213918393898e-03 4.214452313493868493e-03 9.999852444403420915e-01 -4.061368260130520103e-01
1.348627116214454469e-01 -9.908474968834453112e-01 5.769482985580523700e-03 7.533895264181602158e+01 9.908552484759722834e-01 1.348343146137600257e-01 -5.058079700468912088e-03 1.877739024402158563e+01 4.233861326210094748e-03 6.398868841257912554e-03 9.999705640146729912e-01 -4.028504549115194955e-01
1.152599818663460618e-01 -9.933182531009043803e-01 5.829634356990913598e-03 7.539723967927267267e+01 9.933244511602684623e-01 1.152292274675809775e-01 -5.362822426220177803e-03 1.940758641762448278e+01 4.655245140728857083e-03 6.408837163721618421e-03 9.999686272573199419e-01 -4.006677901983197732e-01
5.099759757799728760e-02 -9.986893331828793352e-01 4.342905479938855354e-03 7.553994783158124449e+01 9.986768407249073665e-01 5.096717410423258487e-02 -6.849449871777562107e-03 2.142277433239131312e+01 6.619126905400830180e-03 4.686464612463802325e-03 9.999671115633986807e-01 -3.928939285211501264e-01
1.711017464089864895e-02 -9.998428627218535203e-01 4.635923632449756755e-03 7.556228557449105665e+01 9.998311338887103661e-01 1.707851706521526514e-02 -6.784391031484425169e-03 2.244442471988383403e+01 6.704150249874036259e-03 4.751222897434554879e-03 9.999662395553193805e-01 -3.869682107382825809e-01
-7.758126879262527975e-03 -9.999575658386643529e-01 4.967694569686869656e-03 7.553684567369299430e+01 9.999454390407848114e-01 -7.792592581303805534e-03 -6.956611415992072951e-03 2.314480144494293157e+01 6.995027437870829021e-03 4.913453253491066597e-03 9.999634631166629539e-01 -3.788730367555552814e-01
-2.343901652321445442e-02 -9.997097430467605239e-01 5.571549318077418864e-03 7.551454787990211059e+01 9.996949618605137644e-01 -2.348133657726901233e-02 -7.655720949076654479e-03 2.387263994039426862e+01 7.784326247633760118e-03 5.390407213216850263e-03 9.999551728827381636e-01 -3.778797630852142042e-01
-4.001927886684709251e-02 -9.991985436743354709e-01 8.530170360674272246e-04 7.527118629669824657e+01 9.991175470000096537e-01 -4.002689982827880438e-02 -1.272692291245519809e-02 2.784695361863220242e+01 1.275086646703526422e-02 3.429420114744915473e-04 9.999186455882883573e-01 -3.614057673681201344e-01
-5.502878362187471617e-02 -9.984847621322125999e-01 1.129728947468847122e-04 7.537215515525616638e+01 9.984050567655073927e-01 -5.502581982166198510e-02 -1.262940133249136794e-02 2.856713148280428882e+01 1.261648121149597582e-02 -5.821878838067623277e-04 9.999202395486893602e-01 -3.539781161044572855e-01
-6.960589981307546692e-02 -9.975745667901921854e-01 4.903643299738457290e-05 7.531544480920850049e+01 9.974950348549587176e-01 -6.960097099266104870e-02 -1.262379802526488078e-02 2.941754666699817022e+01 1.259659282965114140e-02 -8.297772221652042774e-04 9.999203154846119102e-01 -3.438018833135982888e-01
-9.092097716798148987e-02 -9.958564991400713495e-01 1.791376928440423190e-03 7.509846779610276712e+01 9.957048804497267147e-01 -9.093839479948685744e-02 -1.737812993067358938e-02 3.207397702616124491e+01 1.746902857671511072e-02 2.036461957241758884e-04 9.998473841386059657e-01 -3.501999468610403898e-01
1.314534709588682793e-01 -9.913221394150731891e-01 -6.331495774506509409e-04 7.345625625214974264e+01 9.911485980074274948e-01 1.314423623606394143e-01 -1.863765127274349606e-02 4.839775100813510988e+01 1.855913900955591042e-02 1.822438634303889153e-03 9.998261034183136831e-01 -9.292286215414713446e-02
-4.643248736665635951e-02 -9.989212410228881511e-01 -6.151018108297785954e-04 7.749379534288500793e+01 9.987669873443977275e-01 -4.641447204155580569e-02 -1.761254598569994209e-02 4.344021532826786824e+01 1.756499666780661495e-02 -1.432137701488214948e-03 9.998446978774574445e-01 -1.857003444365963318e-01
2.803194177874501203e-01 -9.599067501686998627e-01 2.345034536959581092e-04 7.536642954697109076e+01 9.598249378805727705e-01 2.802923195556955016e-01 -1.312647022780641728e-02 3.441933445071482822e+01 1.253445786057959602e-02 3.904686754739491485e-03 9.999138166799621530e-01 -3.261158048364740658e-01
1.212081937181699598e-01 -9.925798260258666961e-01 9.688278590037267129e-03 8.180310459717789229e+01 9.926230955530727096e-01 1.211741820306371786e-01 -4.025889198717654688e-03 2.519196691757279538e+01 2.822047167029880649e-03 1.010477984250940896e-02 9.999449632225374529e-01 -5.039981562221693689e-01
-5.239813416419020209e-01 -8.515778470383748022e-01 1.608490113857781109e-02 6.950959457810144215e+01 8.516710274792810287e-01 -5.240735228735295959e-01 -1.844878129515869266e-03 2.031596878897910230e+01 1.000072815034822905e-02 1.273236256212570069e-02 9.998689276000378712e-01 -3.433196889589074097e-01
-4.435397292191803897e-01 -8.962432239537085898e-01 4.537854254823775815e-03 7.597584008232350072e+01 8.962229651358555316e-01 -4.435609485415153430e-01 -6.171036545446486991e-03 5.256214259126536170e+00 7.543564626239897611e-03 1.329829317243514698e-03 9.999706626630188167e-01 -4.006266675366183527e-01
-4.458432724928487745e-01 -8.950879286363677689e-01 6.432447615278291848e-03 7.557104151676328740e+01 8.950590142306065200e-01 -4.458833260575492119e-01 -7.577637388479172356e-03 6.088812905738302028e+00 9.650772891402550901e-03 2.378981570577278631e-03 9.999506002944773542e-01 -4.141268458648641460e-01
-2.151312510518466059e-01 -9.765564826148129818e-01 7.482050778448090349e-03 7.067046054072271488e+01 9.765357064838020573e-01 -2.151911364105001390e-01 -8.413606393111602855e-03 2.034024515294166591e+01 9.826432875057883320e-03 5.496460073671567866e-03 9.999366130628534188e-01 -2.969786336311999175e-01
-2.149801819780498557e-01 -9.765917178520965303e-01 7.220663361154682977e-03 7.055857140814165973e+01 9.765692152238746315e-01 -2.150376872967028063e-01 -8.447539234016853207e-03 2.085550119165314342e+01 9.802511602102242927e-03 5.235424030202949323e-03 9.999382486441423801e-01 -2.925037075773910811e-01
-2.347604773583204518e-01 -9.720323275256977924e-01 6.377500722651165826e-03 7.099024383600151111e+01 9.720061295544544233e-01 -2.348086439025665606e-01 -8.305712323810389777e-03 1.816213580807794870e+01 9.570913178045644537e-03 4.249116803716277389e-03 9.999451698104885322e-01 -3.167635844780520848e-01
-2.358553738080389484e-01 -9.717802317103229059e-01 3.927327704776727851e-03 7.045965655251457349e+01 9.717599011623609950e-01 -2.358774113352245516e-01 -6.673927982128105042e-03 2.040173756417655326e+01 7.411959173358301754e-03 2.242337803233272926e-03 9.999700169417023998e-01 -2.882216939524209209e-01
-2.347906078200852897e-01 -9.720426937631314601e-01 2.524278350195390073e-03 7.009720898648323839e+01 9.720180947138287175e-01 -2.348027498081425302e-01 -6.963636365570069486e-03 2.186678936038519083e+01 7.361659349082672055e-03 8.186478175740356366e-04 9.999725675174188089e-01 -2.851940655218476728e-01
-2.365888401209053082e-01 -9.716086066083734485e-01 1.560863472303806315e-03 6.983354311641946310e+01 9.715809077344902400e-01 -2.365938865672684577e-01 -7.339793240771956030e-03 2.312230708889511988e+01 7.500697038773238706e-03 -2.200080202909663338e-04 9.999718451738546232e-01 -2.803034673715980585e-01
-2.376284732951070289e-01 -9.713526451399026040e-01 2.597587178653976755e-03 7.038514475883691546e+01 9.713284596674893745e-01 -2.376410377561876119e-01 -6.910905450350649307e-03 1.998608365215321925e+01 7.330219602307372177e-03 8.808824418403197977e-04 9.999727455919514840e-01 -2.925102544638684687e-01
-2.382538321032373896e-01 -9.711981597464686145e-01 3.040722479089529376e-03 7.051253336994363963e+01 9.711743193787135686e-01 -2.382696757699625523e-01 -6.928418850522357827e-03 1.918082263191541514e+01 7.453379596779156901e-03 1.302349242496061814e-03 9.999713750998259210e-01 -2.957094503396451302e-01
3.404010523692574397e-01 9.402791567018891072e-01 1.493659226886119747e-03 7.509542839810700343e+01 -9.402750201805629704e-01 3.404040409595594507e-01 -2.824061409244244068e-03 2.095108429650525395e+01 -3.163853717007089877e-03 -4.431369840410740021e-04 9.999948968166140206e-01 -2.951278145034190725e-01
3.781280694763327066e-01 9.257524188982292346e-01 1.273569071064188391e-03 7.608309963077266502e+01 -9.257492320878245584e-01 3.781301279373921465e-01 -2.442464913427670400e-03 1.964665172313280905e+01 -2.742692637458323673e-03 -2.554410470703860235e-04 9.999962061862873730e-01 -3.025684562698329749e-01
3.773354072448620311e-01 9.260657423530147536e-01 4.497919464975919275e-03 7.628323500861714024e+01 -9.260739287025550048e-01 3.773416494984895841e-01 -5.984406173927317701e-04 1.913709123305028825e+01 -2.251447704825369246e-03 -3.939593115842187319e-03 9.999897052416659715e-01 -3.284347416196071734e-01
3.749662584229365714e-01 9.270196225260826095e-01 5.909695076956557845e-03 7.649183407187618400e+01 -9.270352505962342615e-01 3.749741140736028155e-01 -2.406796467993134534e-04 1.862803665804039355e+01 -2.439097431252523155e-03 -5.388248909974861084e-03 9.999825086357285731e-01 -3.364128523881115829e-01
4.665223792309026174e-01 8.844744460366961158e-01 7.862822954706145950e-03 8.081374789314835994e+01 -8.844963018635290108e-01 4.665454084958493564e-01 -1.293754683343857018e-03 6.255462445450082676e+00 -4.812656904191857030e-03 -6.351072312630553530e-03 9.999682506029889950e-01 -3.882013693121750819e-01
4.487924766432008217e-01 8.936073396784042222e-01 7.157889447781323917e-03 7.974841351638229980e+01 -8.936211539565264150e-01 4.488168016805991756e-01 -2.170652114537170458e-03 9.686737676493656579e+00 -5.152291710175387063e-03 -5.422269089805651157e-03 9.999720260527545923e-01 -3.765125994266222964e-01
4.434902261479697350e-01 8.962271009067022121e-01 9.664518176820759837e-03 8.052728298414629649e+01 -8.962639026405559983e-01 4.435198863260852442e-01 -1.061723511452728787e-03 8.106795588445686818e+00 -5.237951387813691122e-03 -8.191094778097179896e-03 9.999527337987506037e-01 -4.002433838630377050e-01
4.428163382329217690e-01 8.965484492319141241e-01 1.070368038742558307e-02 8.027877520186375193e+01 -8.965969312490761345e-01 4.428471641320311791e-01 -5.762768047427078251e-04 8.694710485123918531e+00 -5.256754580967456202e-03 -9.341702203951968500e-03 9.999425479152330709e-01 -3.990843457373653980e-01
4.401925384547527575e-01 8.978370081861428709e-01 1.091951556235753844e-02 8.038356611389154693e+01 -8.978878983774082334e-01 4.402238606393416576e-01 -5.238999837334066710e-04 8.486598295818168936e+00 -5.277408091156377511e-03 -9.573884015848603199e-03 9.999402430688998367e-01 -4.015918013034205369e-01
4.410549145615044186e-01 8.974140168627289249e-01 1.089241384841865834e-02 7.991033616063027978e+01 -8.974641053800205270e-01 4.410870603549544855e-01 -6.202756344659741093e-04 9.549520161566567467e+00 -5.361146853256770588e-03 -9.501974832936025545e-03 9.999404835182402751e-01 -3.935652769860824574e-01
8.874457640028909911e-01 4.536563185162214573e-01 -8.146140573076950109e-02 7.033741254497336115e+01 -4.562700964684551219e-01 8.896987730928535010e-01 -1.592771878631882299e-02 1.475125163443950171e+01 6.525040246612180683e-02 5.130339001838211954e-02 9.965492196327438990e-01 -7.396389863729124770e-01
8.828194568520048024e-01 4.581464423857350421e-01 -1.035936481297230621e-01 7.160184964089083337e+01 -4.610031526186503803e-01 8.873888569585135500e-01 -4.136402002517360413e-03 1.406235701217797107e+01 9.003277114026696226e-02 5.140869454825345436e-02 9.946111030174802359e-01 -6.675796192942597962e-01
8.807264783197281677e-01 4.631536506623837313e-01 -9.904325451354710486e-02 7.199461793245471597e+01 -4.656870422212811000e-01 8.849450465374286701e-01 -2.800592091188386888e-03 1.387772796174230550e+01 8.635073302365935122e-02 4.858971585606577243e-02 9.950791880143526891e-01 -6.201551706573342759e-01
8.792539726883259465e-01 4.668592245702542498e-01 -9.463041765445578957e-02 7.258657969724698944e+01 -4.695025786780103738e-01 8.829068868436280582e-01 -6.538943247191065546e-03 1.361224744790625785e+01 8.049708147811544812e-02 5.017861693742040746e-02 9.954909975864940641e-01 -5.555117687021213779e-01
7.935003559115042515e-01 6.024805987198007529e-01 -8.587382217268285656e-02 8.070931353040592171e+01 -6.002951669370214516e-01 7.980697820892869165e-01 5.225261206877527403e-02 5.976994993912656540e+00 1.000144875523965582e-01 1.008717414279180699e-02 9.949348477148863834e-01 1.304786155536401537e-01
