1.000000000000000000e+00 0.000000000000000000e+00 0.000000000000000000e+00 0.000000000000000000e+00 0.000000000000000000e+00 1.000000000000000000e+00 0.000000000000000000e+00 0.000000000000000000e+00 0.000000000000000000e+00 0.000000000000000000e+00 1.000000000000000000e+00 0.000000000000000000e+00
9.999999778839643305e-01 1.850102539175697966e-04 1.000163829599252994e-04 -2.927654401473578361e-03 -1.851130760633515413e-04 9.999994534220945086e-01 1.029023158862820688e-03 -7.613081205083548509e-04 -9.982594845727190932e-05 -1.029041650445214253e-03 9.999994655538880783e-01 -2.851454757835103493e-04
9.999995883834543742e-01 -9.002694704331451123e-04 -1.129061667424864965e-04 4.254640898519568282e-03 9.003799350691669328e-04 9.999991123276000815e-01 9.821710567634726104e-04 -8.306701184056367038e-03 1.120218479016512654e-04 -9.822723109326957861e-04 9.999995112959870758e-01 -1.855947413563319159e-03
9.999997445731355628e-01 -7.095861283924730914e-04 8.568074375772669125e-05 -5.067555883070395950e-04 7.095771374114320318e-04 9.999997427459352828e-01 1.049206833886321197e-04 -9.109367071726081830e-03 -8.575517197752111293e-05 -1.048598594921845977e-04 9.999999908252301672e-01 -1.197768532585463674e-03
9.999927287319625435e-01 -3.715098982678959483e-03 -8.605363167397576474e-04 1.434502828676897934e-02 3.715209401353791914e-03 9.999930905527986136e-01 1.267508059879661377e-04 -3.073174577882820807e-02 8.600594791191325380e-04 -1.299469569630402833e-04 9.999996217056688064e-01 -2.376362285129607343e-03
9.999868795510985509e-01 -3.711306437119449731e-03 -3.530854030743165329e-03 2.857624976445516385e-02 3.708269750486011158e-03 9.999927491889818443e-01 -8.662014314318720355e-04 -2.849631458253949062e-02 3.534043168136170952e-03 8.530967072846655334e-04 9.999933913606097180e-01 -6.210600525690557205e-03
9.999702736862635666e-01 -7.450893607040348860e-04 -7.674411095578282174e-03 5.595950535117566460e-02 7.463812532175985361e-04 9.999997077664838363e-01 1.654749888337777534e-04 -7.685052964367873260e-03 7.674285559204499854e-03 -1.711981064435694904e-04 9.999705375821650311e-01 -1.143370845322078111e-02
9.999681209891233546e-01 -1.448785675927844363e-04 -7.983483931395654598e-03 1.634568260669150286e-01 1.467426174434751176e-04 9.999999621113986326e-01 2.329029965384591750e-04 -2.266785244154199356e-03 7.983449886260086253e-03 -2.340670891497108276e-04 9.999681043615897824e-01 -1.075628550239771108e-02
9.999754616247207295e-01 -2.348908403784849986e-03 -6.599907403730045398e-03 3.133747750881590299e-01 2.356116520855211938e-03 9.999966361825128880e-01 1.084591443523749612e-03 -3.380497882119895547e-02 6.597337596889740752e-03 -1.100114980281926939e-03 9.999776321916720168e-01 -1.238081586748607243e-02
9.999810201266027265e-01 -1.298988291376529077e-03 -6.022625339359174643e-03 5.409545716771216872e-01 1.307809574316761087e-03 9.999980775783718911e-01 1.460983804814385825e-03 -3.569318373237453934e-02 6.020715960477620449e-03 -1.468832522608072046e-03 9.999807965707859791e-01 -1.389908083110369397e-02
9.999774052500479682e-01 2.038492218226824453e-03 -6.405742646871514547e-03 7.316341019867929063e-01 -2.019380270699196005e-03 9.999934951131380645e-01 2.988617528679912184e-03 -2.748005207287424617e-02 6.411793251815800683e-03 -2.975614371293880747e-03 9.999750170011294514e-01 -1.647423771604428211e-02
9.999693871735705342e-01 2.579283255111895507e-03 -7.387287296702494364e-03 1.046923484073157384e+00 -2.560268762813334292e-03 9.999933884847217458e-01 2.582249156557781498e-03 -3.537941202405377183e-02 7.393898807549703633e-03 -2.563256665704878676e-03 9.999693795190377488e-01 -1.643201958720141853e-02
9.999744202212357269e-01 3.646556530380761028e-03 -6.153172244822703064e-03 1.408081280114808598e+00 -3.627110282658685750e-03 9.999884020611952140e-01 3.168566567850297864e-03 -4.671190696425443767e-02 6.164655237817493784e-03 -3.146167282298325402e-03 9.999760490417911596e-01 -1.812235681640372853e-02
9.999543809245752257e-01 7.633019827267259472e-03 -5.742218914837365906e-03 1.893714183329697098e+00 -7.614081501589182489e-03 9.999655251366670328e-01 3.312748260410104846e-03 -4.413141673983156377e-02 5.767307225779505497e-03 -3.268875413079810888e-03 9.999780260690217526e-01 -1.627593975340735355e-02
9.999033080639261328e-01 1.208187161947336073e-02 -6.884976469652063884e-03 2.404686873124614710e+00 -1.204669098931356735e-02 9.999142840120878173e-01 5.128534371726022056e-03 -5.523685067780475383e-02 6.946348610967466482e-03 -5.045097299809805577e-03 9.999631469380311222e-01 -1.612801435491184598e-02
9.998528738931428128e-01 1.538394075609283117e-02 -7.587155885829897223e-03 2.830473505104971199e+00 -1.534683224878942431e-02 9.998701002672357729e-01 4.925173247259612662e-03 -6.169792236920912387e-02 7.661938889757224577e-03 -4.808009817068900627e-03 9.999590880301295615e-01 -1.654491689956572031e-02
9.998218520303805423e-01 1.713676964544358361e-02 -7.911720966927290530e-03 3.291234907171673107e+00 -1.710908629637184625e-02 9.998473140417344363e-01 3.553557320854361032e-03 -7.667224944468585546e-02 7.971409451459288836e-03 -3.417561945056751989e-03 9.999623877435134256e-01 -1.442698801413455634e-02
9.997641665839643865e-01 2.045500774519307119e-02 -7.294098492263485778e-03 3.838298021020004835e+00 -2.042927529360207342e-02 9.997848728150970921e-01 3.585080344741652363e-03 -8.870465141232768136e-02 7.365862179607274296e-03 -3.435221716880092202e-03 9.999669711175998010e-01 -1.349966846263761511e-02
9.997015204366452856e-01 2.301910103240687247e-02 -8.184804476545544730e-03 4.436210109146880853e+00 -2.300187725933691349e-02 9.997330180565481283e-01 2.192316147799674986e-03 -1.014396295100578327e-01 8.233084428440805291e-03 -2.003395918271973046e-03 9.999641007184150165e-01 -7.924385356646190814e-03
9.995869156705645686e-01 2.713190393734880856e-02 -9.479335891386905452e-03 5.117156043555979750e+00 -2.710443802567848171e-02 9.996280633696132956e-01 3.014027741797072838e-03 -1.233326099330165210e-01 9.557586490292107120e-03 -2.755850621975767557e-03 9.999505276901601292e-01 -5.890569657463373687e-03
9.994351962094313313e-01 3.231778804870408250e-02 -9.211360021955335153e-03 5.817048788753768740e+00 -3.229131001350304259e-02 9.994739705168257382e-01 3.008912917140710904e-03 -1.472954048139303584e-01 9.303755984916820335e-03 -2.709766589604671681e-03 9.999530475425346676e-01 -2.143448554547067175e-03
9.992360717873453035e-01 3.808708951960224076e-02 -8.754795881143868919e-03 6.502031406923173051e+00 -3.803533677624091475e-02 9.992583587482460894e-01 6.003801135871309445e-03 -1.767822158305858149e-01 8.976970274687553000e-03 -5.666223053053896092e-03 9.999436523729723358e-01 1.099030775486120604e-03
9.988511660620590371e-01 4.709721635836948417e-02 -8.843091527131816468e-03 7.721015117433941199e+00 -4.704089601562541634e-02 9.988719944520469962e-01 6.472464865593811727e-03 -2.382338280931315944e-01 9.137951548974978383e-03 -6.049042129309622172e-03 9.999399516625013806e-01 5.774507345656765267e-03
9.982684330080381363e-01 5.796865455020561164e-02 -9.988530888682345399e-03 8.705992867345061725e+00 -5.791319867847847386e-02 9.983050355965583655e-01 5.754765102128868957e-03 -2.924286862834624134e-01 1.030519667460624671e-02 -5.166332566969148755e-03 9.999335537571005794e-01 1.025229220561030274e-02
9.980417709404714177e-01 6.148266722994945310e-02 -1.151108545264399596e-02 9.718246320225713220e+00 -6.146133263374391892e-02 9.981070441694281925e-01 2.198401749196257551e-03 -3.564098723294325533e-01 1.162445907950378395e-02 -1.486610123026058713e-03 9.999313286128452827e-01 1.580167945356603099e-02
9.975850762523259530e-01 6.770184260789591235e-02 -1.550729332075414905e-02 1.076131131980386257e+01 -6.772392950366132314e-02 9.977036904588801880e-01 -9.030046032840716814e-04 -4.331888245748225508e-01 1.541054869961902031e-02 1.951038755670695497e-03 9.998793469396943800e-01 1.747735291678065295e-02
9.969795041479335707e-01 7.468818947368099925e-02 -2.129654108260966780e-02 1.191075133686163845e+01 -7.478278146242439695e-02 9.971930597468081636e-01 -3.679291989150239913e-03 -5.297088747191979197e-01 2.096196330697649296e-02 5.260793280644814399e-03 9.997664327973680987e-01 2.271350895737045406e-02
9.962570649897768416e-01 8.394092387947633960e-02 -2.063447979026727594e-02 1.304708933914110247e+01 -8.403290006468842888e-02 9.964563689174439354e-01 -3.629951870292088146e-03 -6.220259477346733457e-01 2.025665729267975973e-02 5.350340374453711398e-03 9.997804967557647471e-01 2.610822730129891411e-02
9.952559368079799684e-01 9.565800339010892273e-02 -1.775293316293672166e-02 1.424122814008064708e+01 -9.570172969971259269e-02 9.954087242064484364e-01 -1.628098944655434520e-03 -7.252953079525271685e-01 1.751568385627391353e-02 3.319361551315563354e-03 9.998410787009793799e-01 3.114783206649018865e-02
9.950388113590648009e-01 9.920774613330568537e-02 -7.455668735152807917e-03 1.565241351860607644e+01 -9.925068266564519848e-02 9.950465489491021609e-01 -5.627380819251978292e-03 -8.674581290975822423e-01 6.860457677309739037e-03 6.339442533146114750e-03 9.999563718427050274e-01 4.817830275075873914e-02
9.945941346252490378e-01 1.038388455473742422e-01 -3.904407588247777892e-05 1.679221929497610688e+01 -1.038388335561475362e-01 9.945936497161605994e-01 -9.841696933010673966e-04 -9.813717087863564892e-01 -6.336205484334544882e-05 9.829036957300866378e-04 9.999995149426694763e-01 5.409228079390526744e-02
9.937650660108215961e-01 1.114575118172715512e-01 2.866467514117491781e-03 1.810750601561951356e+01 -1.114725329661648834e-01 9.937508112931887627e-01 5.761896236110542434e-03 -1.119175428869025879e+00 -2.206347799873642143e-03 -6.045503587889803493e-03 9.999792917434611184e-01 5.109030385171053901e-02
9.932291807323622157e-01 1.161662419102999361e-01 -1.094889107545554642e-03 1.923098285478728542e+01 -1.161576230949485505e-01 9.932124232046012358e-01 6.040611639181171950e-03 -1.247797571194216193e+00 1.789172616608939370e-03 -5.872532033221249288e-03 9.999811559368836367e-01 4.720660988288827298e-02
9.930210631699669666e-01 1.178797185388226337e-01 -3.679681779169179014e-03 2.050813270463668658e+01 -1.178553519277245609e-01 9.930110693810404454e-01 6.255566218513838699e-03 -1.402735264381592017e+00 4.391369123654096512e-03 -5.778238825972726624e-03 9.999736635698407428e-01 4.450612860832103834e-02
9.925696449806580279e-01 1.216673879020756521e-01 -1.595802010220017438e-03 2.218733142928282120e+01 -1.216520054683292301e-01 9.925437608767467834e-01 7.594228741371612280e-03 -1.606078107104756736e+00 2.507873302932001839e-03 -7.343668410851478083e-03 9.999698900995804829e-01 5.366343733876721700e-02
9.921039771128448148e-01 1.254172455650016949e-01 -4.616402967444964661e-04 2.346174154039197290e+01 -1.254091482994645901e-01 9.920704486841064318e-01 8.292790273359213274e-03 -1.768766362596003727e+00 1.498038610454928291e-03 -8.169416295126956384e-03 9.999655076639980544e-01 5.557223979236658451e-02
9.915149435637977682e-01 1.299816671731389983e-01 -1.697907114573099291e-03 2.503493790729440249e+01 -1.299680304971840283e-01 9.914965270890686577e-01 6.553458552395440007e-03 -1.976230887181156470e+00 2.535298475809476520e-03 -6.277178443077835283e-03 9.999770843836528478e-01 5.669997264223347599e-02
9.914835780594856152e-01 1.302062738648764317e-01 -2.576952576970035092e-03 2.606215279021345665e+01 -1.301943798287918952e-01 9.914789742777800896e-01 4.343619006847099229e-03 -2.110114453306845661e+00 3.120560743746950399e-03 -3.971122172029135401e-03 9.999872460633376647e-01 6.682514387168891901e-02
9.913080011051612628e-01 1.315442945943915420e-01 -2.132018891292964628e-03 2.713386703978362391e+01 -1.315284803758591248e-01 9.912919663166537276e-01 6.363675516474503850e-03 -2.249744069972258398e+00 2.950558405816295325e-03 -6.027941251013812368e-03 9.999774788110815660e-01 6.689254282489764947e-02
9.911661093952506274e-01 1.326091024400177787e-01 -2.137647383032883520e-03 2.797689614406532854e+01 -1.325923182309807491e-01 9.911482056561929932e-01 6.671699232029567987e-03 -2.360533183665134871e+00 3.003453414927898142e-03 -6.329326548789314909e-03 9.999754591453841046e-01 7.189632444899363151e-02
9.910303455993951793e-01 1.336164151172149206e-01 -2.346851585902558733e-03 2.957304549727149379e+01 -1.336053711328034910e-01 9.910250203984319883e-01 4.360475748424852416e-03 -2.576873518824008169e+00 2.908419778501261481e-03 -4.007811810811150004e-03 9.999877391942761928e-01 7.884539518008892856e-02
9.911807151402294291e-01 1.324861266798937898e-01 -2.866386481498586075e-03 3.101685477362292431e+01 -1.324723561270611250e-01 9.911762352826832823e-01 4.554719858730475225e-03 -2.770036321643283728e+00 3.444531353792140791e-03 -4.134833516065010255e-03 9.999855190729242116e-01 8.159411192950782876e-02
9.913213929861353080e-01 1.314298186107872302e-01 -2.845801813658219593e-03 3.265490681257479366e+01 -1.314143894085530173e-01 9.913146035663934486e-01 5.061127579975403974e-03 -2.992781422101156608e+00 3.486267976537343102e-03 -4.643224734942125002e-03 9.999831430577492686e-01 8.659084100967939790e-02
9.914001088088897351e-01 1.308305791849354582e-01 -3.030479146077045844e-03 3.397842541507363023e+01 -1.308141817065925361e-01 9.913938227599832231e-01 5.092941957378701624e-03 -3.170628993103894455e+00 3.670710851462847917e-03 -4.652713561029649982e-03 9.999824389149853943e-01 9.025874760996988044e-02
9.912637969975409691e-01 1.318578293751410668e-01 -3.097998465622233289e-03 3.526681271032612841e+01 -1.318427783991990010e-01 9.912597612759476151e-01 4.644077855786566539e-03 -3.338231141138020774e+00 3.683279244979124900e-03 -4.195057523695107544e-03 9.999844173517778989e-01 9.498291840365080674e-02
9.915185881036119309e-01 1.299174166081701054e-01 -3.514869397011669092e-03 3.661293165067107935e+01 -1.298994194526117141e-01 9.915148722909834511e-01 4.939519376299074220e-03 -3.519941213986475859e+00 4.126774877952288714e-03 -4.441045783774933212e-03 9.999816232518732306e-01 9.957588552686225114e-02
9.915853299826177247e-01 1.293941185269885108e-01 -3.961748841826577376e-03 3.790644878032959042e+01 -1.293728033601634908e-01 9.915822158349167914e-01 5.233258129368071991e-03 -3.687093029091239593e+00 4.605552517833595184e-03 -4.676679435217680030e-03 9.999784585457147656e-01 1.040827599869174058e-01
9.916200186943332495e-01 1.291119156249332933e-01 -4.455532326112205711e-03 3.915267795795344341e+01 -1.290871431801391689e-01 9.916182158090934839e-01 5.461093405190197564e-03 -3.850934988283694960e+00 5.123279246649924124e-03 -4.840177605221628217e-03 9.999751620367922644e-01 1.099549720221664195e-01
9.916879081666113427e-01 1.285926704929300224e-01 -4.360950770917331430e-03 4.029266073848675234e+01 -1.285699626137678242e-01 9.916871179314429297e-01 5.140509928250899460e-03 -3.998306140390300190e+00 4.985730600821119268e-03 -4.537094260079517147e-03 9.999772783748884786e-01 1.181863496456392326e-01
9.916513877159534029e-01 1.288743247092045685e-01 -4.351283921939184778e-03 4.162079087549189182e+01 -1.288538026442485884e-01 9.916524264891721785e-01 4.707715184029500309e-03 -4.168089416984839701e+00 4.921664874799387517e-03 -4.107732815487684548e-03 9.999794516618703000e-01 1.271488521530792504e-01
9.916482600230752675e-01 1.289077916343653318e-01 -4.063206757868893272e-03 4.269079645413503954e+01 -1.288908441611866795e-01 9.916499380076948533e-01 4.189360422760263040e-03 -4.305508233765852566e+00 4.569319930011573466e-03 -3.630661824816599006e-03 9.999829696600284201e-01 1.325475945444343218e-01
9.917669026057648329e-01 1.279854234933116008e-01 -4.259374250288249994e-03 4.426046087151607367e+01 -1.279657681214007303e-01 9.917678885102768627e-01 4.606246733202780212e-03 -4.508471041419944925e+00 4.813843045447064456e-03 -4.023268957571801349e-03 9.999803199173606938e-01 1.403979335280411966e-01
9.915839966926744964e-01 1.294257394536169059e-01 -3.186764796107888296e-03 4.528838395101451653e+01 -1.294106265852667248e-01 9.915805866463122120e-01 4.563979947844420265e-03 -4.648373196930299045e+00 3.750630585629722256e-03 -4.113168248464611244e-03 9.999845071885704595e-01 1.459464400775161153e-01
9.917268979536112417e-01 1.283106321005207662e-01 -3.760527259802566667e-03 4.662323214896225920e+01 -1.282955584977691077e-01 9.917278763921512086e-01 4.008597817202717850e-03 -4.819695613427128045e+00 4.243765433240845146e-03 -3.492975333355620611e-03 9.999848946750478085e-01 1.520934051005111698e-01
9.917266709090541976e-01 1.283248167620869573e-01 -3.309321776524138878e-03 4.783860612882426722e+01 -1.283135422512433066e-01 9.917277520361792442e-01 3.420630965947935812e-03 -4.977043759337536066e+00 3.720898088112651984e-03 -2.967700160672987267e-03 9.999886737724444918e-01 1.575148784783917399e-01
9.919201388363432237e-01 1.268261204709096035e-01 -3.094080992339365115e-03 4.931825602117273633e+01 -1.268135877655640620e-01 9.919186714780596770e-01 3.957667397187681832e-03 -5.172817780424260548e+00 3.571012309466299519e-03 -3.533318482610690262e-03 9.999873816861811759e-01 1.631707564982813885e-01
9.920219640862754096e-01 1.260037467105515063e-01 -3.934283328736823578e-03 5.060632620285953465e+01 -1.259892280829071898e-01 9.920245462178298723e-01 3.743542223837391207e-03 -5.337170576460490423e+00 4.374605980055186472e-03 -3.217998789884077109e-03 9.999852535444236912e-01 1.662955602494071705e-01
9.924011948156667984e-01 1.229669549524072675e-01 -4.358499531767271763e-03 5.190390721111625538e+01 -1.229526749039039496e-01 9.924066886591096370e-01 3.406470113719999981e-03 -5.504170270976205259e+00 4.744287344863971391e-03 -2.844695834961397714e-03 9.999846996045458347e-01 1.752246284501723927e-01
9.924294706428568036e-01 1.227465915869873914e-01 -4.125536730566089355e-03 5.293292369057983393e+01 -1.227345796937928529e-01 9.924348460146847906e-01 3.049485726638349534e-03 -5.638515595058342100e+00 4.468640388965311634e-03 -2.520053488783320205e-03 9.999868402051527161e-01 1.800438625405078596e-01
9.926042439508973025e-01 1.213299417093507554e-01 -3.982478558874418331e-03 5.445773714850310654e+01 -1.213128996450935637e-01 9.926051139756378872e-01 4.274118518528581545e-03 -5.818056496786211618e+00 4.471607134549009793e-03 -3.759382158889131367e-03 9.999829357421132769e-01 1.874015679748599617e-01
9.928596471063164675e-01 1.192084840692227560e-01 -4.365601199995091872e-03 5.579983956466316641e+01 -1.191883813516352447e-01 9.928609655049384086e-01 4.607920070807611235e-03 -5.987259209835246843e+00 4.883738188789768855e-03 -4.054688954741995401e-03 9.999798540964619509e-01 1.942959412000284658e-01
9.934675048574291845e-01 1.140653273250659266e-01 -3.379037522461763622e-03 5.725648470027407910e+01 -1.140527915007642640e-01 9.934678150202901348e-01 3.696115487090564748e-03 -6.155293908511875856e+00 3.778563647177897184e-03 -3.286581968602183493e-03 9.999874603392413519e-01 2.016214052524274436e-01
9.938423314027852173e-01 1.107708548763630813e-01 -2.690357194677831573e-03 5.851444065599696387e+01 -1.107628249712274970e-01 9.938424290067855438e-01 2.970338412663650098e-03 -6.298180128018037394e+00 3.002818054497353225e-03 -2.654056490032716351e-03 9.999919695016942223e-01 2.077650489442670612e-01
9.941035869653941370e-01 1.084183296067111196e-01 -1.877282031588261386e-03 6.030935966792189618e+01 -1.084118502788687932e-01 9.941007054695186751e-01 3.264675193255278836e-03 -6.488697105899694506e+00 2.220158023128349783e-03 -3.041905701352265890e-03 9.999929088288849188e-01 2.141400927117875774e-01
9.945317265280679830e-01 1.044233861819349185e-01 -1.549628148144730367e-03 6.159501730481593285e+01 -1.044186308049900175e-01 9.945292486880688010e-01 2.884968761835601456e-03 -6.641844349854476803e+00 1.842408725060243639e-03 -2.707382914201767170e-03 9.999946377895452265e-01 2.188074671695559026e-01
9.947384063351455419e-01 1.024316829580805277e-01 -1.803687386759110197e-03 6.261406860525620033e+01 -1.024267345009410579e-01 9.947370203091353558e-01 2.650374686127994744e-03 -6.742865194370819104e+00 2.065676956243516892e-03 -2.451683682383710809e-03 9.999948610997118070e-01 2.194006997870427966e-01
9.948507041633806169e-01 1.012711140156617451e-01 -4.029626738509806821e-03 6.405397363850519810e+01 -1.012673278250877801e-01 9.948586049894824201e-01 1.133310878554006241e-03 -6.876054009186123750e+00 4.123680490899419432e-03 -7.194055936240713409e-04 9.999912388190201895e-01 2.242432010929369390e-01
9.946896288388220597e-01 1.028174208083164898e-01 -4.595678275390235532e-03 6.566269026951499654e+01 -1.028045169381086726e-01 9.946971700122629878e-01 2.961632441337206864e-03 -7.015228577289057021e+00 4.875815583818035939e-03 -2.473448588726276549e-03 9.999850541255450587e-01 2.281428206529074743e-01
9.950350891800745501e-01 9.944540860065510801e-02 -3.972657630441900171e-03 6.716279328443165753e+01 -9.943992144332837457e-02 9.950423510595552967e-01 1.556155910445608482e-03 -7.173930850268027903e+00 4.107715148910180691e-03 -1.153388972435974609e-03 9.999908981436438360e-01 2.350093597287532532e-01
9.954200448135627211e-01 9.553241481478526309e-02 -3.534416927784654518e-03 6.838488292375396327e+01 -9.553246228836605181e-02 9.954263028381434841e-01 1.557790315036844408e-04 -7.298135550842738795e+00 3.533133522170286978e-03 1.825859813445281283e-04 9.999937417953532748e-01 2.442974922255638504e-01
9.956463822406922404e-01 9.310507044288746092e-02 -4.441552526436205045e-03 6.978318880064600194e+01 -9.309852829705683730e-02 9.956555201472779837e-01 1.658079966538493358e-03 -7.426686420692588442e+00 4.576631943054806397e-03 -1.237359316584543678e-03 9.999887616278381186e-01 2.499457027850691127e-01
9.957092820658678400e-01 9.248113132620588983e-02 -3.204053135889559697e-03 7.085206741664939045e+01 -9.247619387496189280e-02 9.957135175847416919e-01 1.656642816202422326e-03 -7.525022385280996318e+00 3.343527220310851811e-03 -1.353235990180298807e-03 9.999934947678807973e-01 2.537923235956744961e-01
9.960214035821021161e-01 8.903148012793789257e-02 -3.841764251793167162e-03 7.233835997944481733e+01 -8.902826755444871731e-02 9.960285981438820047e-01 9.996278240723840101e-04 -7.661438646631948401e+00 3.915505406867065760e-03 -6.536250927025499726e-04 9.999921207647812782e-01 2.595129103143509752e-01
9.964093638372285566e-01 8.449485453414534719e-02 -5.385091897232755810e-03 7.347020309855194853e+01 -8.449141703132871661e-02 9.964238332880592797e-01 8.630779615713701260e-04 -7.766542349593501093e+00 5.438759557663734243e-03 -4.049849173901489785e-04 9.999851278302533952e-01 2.664753269754926990e-01
9.966604224968318437e-01 8.145032998880817610e-02 -5.817729209030121987e-03 7.508531874923103544e+01 -8.143766070230583354e-02 9.966755890642223781e-01 2.382767890795463913e-03 -7.898511655502016282e+00 5.992465917418260055e-03 -1.901028195369212264e-03 9.999802380267455160e-01 2.742596535540973157e-01
9.966990994038265050e-01 8.095169122643611215e-02 -6.142388393741505907e-03 7.632266050570612492e+01 -8.094047929107685280e-02 9.967168226001746900e-01 2.052890143841662463e-03 -7.999970535517217485e+00 6.288406772032291252e-03 -1.548945896960601419e-03 9.999790281335281250e-01 2.827201404478620894e-01
9.968610875308844266e-01 7.887427022726652137e-02 -6.842635665980332203e-03 7.764967822110469342e+01 -7.886812108658564080e-02 9.968843783905367850e-01 1.164301157211422230e-03 -8.107034154647035251e+00 6.913150006533536583e-03 -6.209806995353294367e-04 9.999759110798397410e-01 2.934442017216123411e-01
9.968998304156403423e-01 7.835653499351444284e-02 -7.140135928437931281e-03 7.891117005431397047e+01 -7.834058494830144215e-02 9.969235509164482423e-01 2.487243071740384125e-03 -8.205825458294452091e+00 7.313061412592657996e-03 -1.920169771176263689e-03 9.999714156318784131e-01 3.028638960541338854e-01
9.969170986073171425e-01 7.824464904205327698e-02 -5.837242555662049658e-03 8.004385443624848051e+01 -7.822920235987748661e-02 9.969313845289539122e-01 2.829565217605311839e-03 -8.294596366934817055e+00 6.040728640240629159e-03 -2.364199117944703471e-03 9.999789598586678041e-01 3.139031830855096850e-01
9.969879762192104256e-01 7.735472263394591041e-02 -5.587679352585713140e-03 8.139441870317754990e+01 -7.733861741491279695e-02 9.970002388453669262e-01 3.043353188715680613e-03 -8.400526390152387890e+00 5.806335390909521041e-03 -2.602043140851102113e-03 9.999797577155344896e-01 3.211842909709123894e-01
9.970806536216680893e-01 7.616130099014285781e-02 -5.443014318812829794e-03 8.240478057407392498e+01 -7.614658582445614499e-02 9.970925272433005526e-01 2.861744720736156353e-03 -8.480638891236905508e+00 5.645143103999499153e-03 -2.438923339678748629e-03 9.999810918273785987e-01 3.276568604210479130e-01
9.970764367704463282e-01 7.610680463771794801e-02 -6.806873363393499063e-03 8.398577153194511880e+01 -7.611102190669036260e-02 9.970992834622021128e-01 -3.623030255558006571e-04 -8.589292810136640810e+00 6.759554827671981382e-03 8.793218974296286225e-04 9.999767673358866960e-01 3.427317402491802945e-01
9.971110761583092952e-01 7.564326120200871861e-02 -6.899191049803891744e-03 8.508764610283122920e+01 -7.563130488984756705e-02 9.971338890885454997e-01 1.978118250051270552e-03 -8.676279154653586900e+00 7.029048518532930549e-03 -1.450608795295997610e-03 9.999742437738308176e-01 3.493692958814880178e-01
9.971260787444510276e-01 7.531515611153245804e-02 -8.198191727999347075e-03 8.634033366673739351e+01 -7.530109478736835005e-02 9.971588143731572318e-01 2.010980294044321763e-03 -8.770535828921314447e+00 8.326356438278819522e-03 -1.387868082637689227e-03 9.999643721706517052e-01 3.603740009674072375e-01
9.971870052582101351e-01 7.441806745122792055e-02 -8.945824779511423949e-03 8.781097674093516048e+01 -7.440418332776900512e-02 9.972264037650837576e-01 1.875403179454605785e-03 -8.882475641753362794e+00 9.060576553891653770e-03 -1.204520893259206559e-03 9.999582266684575727e-01 3.730331274986760093e-01
9.972049168761799587e-01 7.419283356680878017e-02 -8.819138580258603990e-03 8.933933866300307614e+01 -7.418671143622278252e-02 9.972438477794550726e-01 1.019760906040115961e-03 -8.994487959199863880e+00 8.870490643057104066e-03 -3.626477005716167361e-04 9.999605906646493736e-01 3.924206545779607147e-01
9.971636959372286446e-01 7.457245686068106338e-02 -1.017409369757087644e-02 9.072334446278340181e+01 -7.454985282587342499e-02 9.972139409043900837e-01 2.583700752033025669e-03 -9.098656629161913756e+00 1.033842098415706234e-02 -1.817895403302502650e-03 9.999449046361779114e-01 3.977936251392550915e-01
9.972477248762634527e-01 7.337875258161283276e-02 -1.060819959663220763e-02 9.177801400081222027e+01 -7.335574635542059518e-02 9.973025975629333795e-01 2.542316043440011764e-03 -9.180390243616391999e+00 1.076613699312321294e-02 -1.757146491338756585e-03 9.999404995950764707e-01 4.086543556055546311e-01
9.973353891828368178e-01 7.215381381953007989e-02 -1.076794478139389728e-02 9.295992209705789833e+01 -7.212130835064778367e-02 9.973901486415498452e-01 3.377613740152601764e-03 -9.269834011205814406e+00 1.098354975903971693e-02 -2.592015448162742191e-03 9.999363195177005670e-01 4.193195029130931673e-01
9.973362124002876916e-01 7.187079854266371914e-02 -1.245262028198269692e-02 9.428204736642484818e+01 -7.180257360247138676e-02 9.974017527371108471e-01 5.842436221384229855e-03 -9.370180692725638139e+00 1.284016585208470201e-02 -4.932743027884912979e-03 9.999053946184656150e-01 4.253289965429627451e-01
9.974077573132763552e-01 7.096775167462410217e-02 -1.188881295792388638e-02 9.507774053325587715e+01 -7.088043868269804093e-02 9.974557759537394652e-01 7.611729676748428368e-03 -9.432501807324481291e+00 1.239875249562868986e-02 -6.749313948286374612e-03 9.999003538842144989e-01 4.305498922462036582e-01
9.974444374092512611e-01 7.041743199182244617e-02 -1.208219984185624624e-02 9.671961372958728020e+01 -7.030904892584383115e-02 9.974830814782464916e-01 9.172775141979144786e-03 -9.554070081693657457e+00 1.269771319902734258e-02 -8.299845561160061266e-03 9.998849337014604766e-01 4.452518609255355919e-01
9.974807492471082782e-01 6.995356832016393078e-02 -1.177510767265570191e-02 9.824304480388259719e+01 -6.980887472629807022e-02 9.974847845544246860e-01 1.228110711056520400e-02 -9.666531165055157970e+00 1.260459800527029446e-02 -1.142816090582147656e-02 9.998552501474571308e-01 4.552725185145130027e-01
9.975521220343795958e-01 6.908513880401057072e-02 -1.081699686306881840e-02 9.930072246262839997e+01 -6.901412241252567747e-02 9.975924609204064319e-01 6.806821754420299894e-03 -9.731465189198122090e+00 1.126120474611541980e-02 -6.043633939788017884e-03 9.999183265429559819e-01 4.803783429020569429e-01
9.975397816427402642e-01 6.929144825737636182e-02 -1.063387222738094301e-02 1.005778012738238374e+02 -6.921517024473430868e-02 9.975744462962542469e-01 7.381348434677577168e-03 -9.821564961033351082e+00 1.111954352234578378e-02 -6.627163429178334515e-03 9.999162147183808802e-01 4.967044274638943158e-01
9.975620364748478686e-01 6.885342943001315774e-02 -1.136611806551325078e-02 1.017933105605211495e+02 -6.877493130266440491e-02 9.976065148876509525e-01 7.158929949986672300e-03 -9.905942373523188849e+00 1.183183030924405375e-02 -6.359772750755846027e-03 9.999097764709020675e-01 5.068562405539864812e-01
9.976584533043262315e-01 6.738943201846984976e-02 -1.167368847650443811e-02 1.032224856465974341e+02 -6.730021397921953641e-02 9.977016964331706372e-01 7.874397292813388113e-03 -1.000910679164005757e+01 1.217750995769129735e-02 -7.070317291456486991e-03 9.999008545173995177e-01 5.208717049150686229e-01
9.976877996767153922e-01 6.666092361015464596e-02 -1.324294678966862066e-02 1.045541071941058817e+02 -6.654088601104636569e-02 9.977402871841472010e-01 9.307514091353913388e-03 -1.010029252072042638e+01 1.383346901893252323e-02 -8.404795841481222871e-03 9.998689886888992850e-01 5.265396164781757093e-01
9.976479581756578785e-01 6.725163764539648925e-02 -1.325778193935607356e-02 1.058546622634734433e+02 -6.713432258264967478e-02 9.977024089898997028e-01 9.104165371951630087e-03 -1.018692011386127660e+01 1.383959100941659082e-02 -8.192699784773922397e-03 9.998706643316052078e-01 5.441856505933491128e-01
9.975800776676463366e-01 6.807299497796730214e-02 -1.414411521943073277e-02 1.070975373161927422e+02 -6.792335946913793943e-02 9.976320434459975406e-01 1.080384784184230951e-02 -1.027466548059791585e+01 1.484607284897676398e-02 -9.816987546752193108e-03 9.998415978926195047e-01 5.587247115660289865e-01
9.975925394872173779e-01 6.770116770694453723e-02 -1.502255139977820737e-02 1.081770989149623290e+02 -6.756550101928603114e-02 9.976709126345365553e-01 9.362326366023226293e-03 -1.034575611224603087e+01 1.562140299254923849e-02 -8.324780723075256295e-03 9.998433226233268689e-01 5.787510901821306675e-01
9.976612957762106548e-01 6.662690914590177482e-02 -1.525758459895870840e-02 1.093878870482598415e+02 -6.649616363239495287e-02 9.977467861794963033e-01 8.922493522576088396e-03 -1.042775790154131421e+01 1.581768416375639932e-02 -7.887055607160643397e-03 9.998437854092719901e-01 6.004752068522738462e-01
9.976255813997763067e-01 6.686379608873431468e-02 -1.650551754294617840e-02 1.106224421257607418e+02 -6.670925509914685247e-02 9.977248861449894424e-01 9.743041162028565072e-03 -1.051050723955182242e+01 1.711942232884211545e-02 -8.618836323554862969e-03 9.998163036476008791e-01 6.127837474660622341e-01
9.975469608580134206e-01 6.765727754263979599e-02 -1.795977946572037062e-02 1.121790193720572546e+02 -6.754902586238166473e-02 9.976943381353038376e-01 6.567857930949712146e-03 -1.061022423016381211e+01 1.836273367400279369e-02 -5.338581110753473462e-03 9.998171380626252880e-01 6.418229680954565808e-01
9.975901768954326121e-01 6.705161211173304991e-02 -1.783031898074900409e-02 1.134576201941105751e+02 -6.693718912603596749e-02 9.977330607222114622e-01 6.939182501777168763e-03 -1.069980429879995931e+01 1.825518210379773257e-02 -5.728948865665634861e-03 9.998169469814206511e-01 6.671071558043415450e-01
9.976835851394503241e-01 6.497300809111479503e-02 -2.014875090131505730e-02 1.149432556259716449e+02 -6.486698516128504288e-02 9.978766404829870762e-01 5.872360213114611975e-03 -1.079539165338920981e+01 2.048751276697346330e-02 -4.551768664916423443e-03 9.997797473557070713e-01 6.954310696696350824e-01
9.975263508301197568e-01 6.702818439581684218e-02 -2.117550226425609153e-02 1.162159002687887579e+02 -6.690457225421192478e-02 9.977382466578366138e-01 6.493794547587335500e-03 -1.087931640133484557e+01 2.156287575960215766e-02 -5.060993256837176268e-03 9.997546842782121246e-01 7.193460547888470558e-01
9.974961396163875005e-01 6.737082882462926137e-02 -2.150866973769281071e-02 1.175282263895463188e+02 -6.722230347472592238e-02 9.977094102258670105e-01 7.556100998807237061e-03 -1.096819632569356529e+01 2.196846298570869632e-02 -6.091319252416912446e-03 9.997401074598377679e-01 7.483120668489195992e-01
9.974641219947074644e-01 6.716035083793674143e-02 -2.355446048311988019e-02 1.185794184606561288e+02 -6.704249485941091158e-02 9.977335007476236806e-01 5.758938176194251801e-03 -1.104085105036662817e+01 2.388784662441195000e-02 -4.165184415683642616e-03 9.997059677837425440e-01 7.727486837644703677e-01
9.974351306194033651e-01 6.748697889669982852e-02 -2.384675838868784842e-02 1.205016418291889835e+02 -6.734797304533805817e-02 9.977078113386397273e-01 6.585872800585470740e-03 -1.117319072452507633e+01 2.423655777820855201e-02 -4.962950055914710189e-03 9.996939323582009207e-01 8.139404707129105354e-01
9.974288558292913054e-01 6.803464363547441496e-02 -2.251587938462945582e-02 1.214180522984007951e+02 -6.790298649077416981e-02 9.976703488499247818e-01 6.561970077877060138e-03 -1.123465538939093200e+01 2.290986653612109986e-02 -5.016202853080570581e-03 9.997249500358741381e-01 8.372125525900107057e-01
9.972857227365913291e-01 7.017468164970945554e-02 -2.228679611597064389e-02 1.227979860782527481e+02 -7.004515020225175748e-02 9.975223742075125521e-01 6.541398057838450526e-03 -1.132526742127573627e+01 2.269061830133463353e-02 -4.962560908349032684e-03 9.997302180240084102e-01 8.689304138984934589e-01
9.975122885171515685e-01 6.661643409985502917e-02 -2.305395768827648434e-02 1.238576779659009901e+02 -6.653666319020438980e-02 9.977750949599525354e-01 4.210977222778051511e-03 -1.140475281247461936e+01 2.328318510827996971e-02 -2.666568108480861683e-03 9.997253536375546590e-01 8.998721365162247743e-01
9.976051451760511446e-01 6.520768278265449969e-02 -2.306366025557787108e-02 1.251434962839049376e+02 -6.508267273884342508e-02 9.978610423460574363e-01 6.130732191860339096e-03 -1.149992742280735669e+01 2.341409890293849952e-02 -4.615005325722683349e-03 9.997152002937657045e-01 9.253990290944869024e-01
9.973070969887534165e-01 6.963095578538130992e-02 -2.302355950494244449e-02 1.264951815045156991e+02 -6.946075887395285198e-02 9.975517009068282093e-01 8.112151043245112089e-03 -1.158387681107962841e+01 2.353204777570143402e-02 -6.491071892080160777e-03 9.997020099575528729e-01 9.510156730828587257e-01
9.972655172952287206e-01 7.002638103060086772e-02 -2.361766232367278062e-02 1.276615214081144245e+02 -6.990241649803335955e-02 9.975355776805649999e-01 6.035182618341660039e-03 -1.166616085474021780e+01 2.398208042713068436e-02 -4.367747847392387979e-03 9.997028471486542056e-01 9.855310630391538318e-01
9.971014230194188421e-01 7.206099215012713721e-02 -2.441240715265581909e-02 1.287538787023024156e+02 -7.196702480941745417e-02 9.973959038627264739e-01 4.707260130391729969e-03 -1.173526594933791323e+01 2.468804473279279446e-02 -2.936727463323392760e-03 9.996908902651233664e-01 1.011867254389787085e+00
9.971632132821256489e-01 7.206843644134165727e-02 -2.171788538886598730e-02 1.300492231523070643e+02 -7.201934151159583575e-02 9.973986170288731135e-01 3.035324879979789392e-03 -1.182660507614412815e+01 2.188013996983814019e-02 -1.462606505945397966e-03 9.997595312159349712e-01 1.054896652526109424e+00
9.972238914603436255e-01 7.208211132842533286e-02 -1.867296246242377070e-02 1.312759841299180437e+02 -7.208583436026180791e-02 9.973983192931349384e-01 4.745058628769274734e-04 -1.191170389588874023e+01 1.865858476067914357e-02 8.728674959827827746e-04 9.998255324390651344e-01 1.101968751124189794e+00
9.969644753469919518e-01 7.617385460342177006e-02 -1.610524048102658645e-02 1.325187547433161512e+02 -7.618464677660233275e-02 9.970937249702102045e-01 -5.674992979166883710e-05 -1.199523771989543341e+01 1.605411136186710164e-02 1.283549721279971445e-03 9.998703005932774168e-01 1.137428512270059588e+00
9.968192480217304974e-01 7.601986543347957759e-02 -2.392418928333893066e-02 1.337197502233742910e+02 -7.605085375950082494e-02 9.971038652267574243e-01 -3.867716521766276986e-04 -1.208882053954680558e+01 2.382549927788184599e-02 2.204996447980648536e-03 9.997137008037957351e-01 1.155255500490191878e+00
9.964419350285963484e-01 8.031595252492562675e-02 -2.555030110347079539e-02 1.347783749951169341e+02 -8.037071699955350423e-02 9.967644098593518853e-01 -1.122090332941370937e-03 -1.215853942061682957e+01 2.537750904722059844e-02 3.171593881873406660e-03 9.996729080188199168e-01 1.187970083962943235e+00
9.966691513651867451e-01 7.970509280272208841e-02 -1.725401107874275503e-02 1.360843326288960782e+02 -7.975571923701575694e-02 9.968118650869673969e-01 -2.265142562353173947e-03 -1.226575930889731580e+01 1.701845956548898517e-02 3.633703778650263904e-03 9.998485726503110183e-01 1.230045870668593277e+00
9.965754905459295321e-01 8.029811756788444999e-02 -1.973585463544836466e-02 1.372093995554505454e+02 -8.038457718516998918e-02 9.967573284625623753e-01 -3.626004265988874101e-03 -1.235246089570874695e+01 1.938069642450294255e-02 5.200045310357984465e-03 9.997986537972878285e-01 1.258458303881857088e+00
9.962507192240407372e-01 8.204570763283998425e-02 -2.744096034408048668e-02 1.381889135875091199e+02 -8.214299578776029787e-02 9.966175786413236093e-01 -2.435197346634425213e-03 -1.243626963150904707e+01 2.714834596417982013e-02 4.680149797992918040e-03 9.996204597292289717e-01 1.275257916355292398e+00
9.963450935039335210e-01 8.230770467449378958e-02 -2.284505202120474393e-02 1.393893029285484602e+02 -8.238301604152867275e-02 9.965979150535211328e-01 -2.373684662287130556e-03 -1.253596159335874560e+01 2.257195867744794457e-02 4.247053353927787017e-03 9.997361998143661221e-01 1.308403172922779856e+00
9.964269197323538663e-01 8.267764962986971777e-02 -1.725687933466136387e-02 1.402451087913589731e+02 -8.275834841090096150e-02 9.965615580785148753e-01 -4.014564537155725261e-03 -1.260422224362221044e+01 1.686562779710355786e-02 5.428371008287599317e-03 9.998430293737130548e-01 1.340480704173695248e+00
9.963013465884257291e-01 8.368035830232913030e-02 -1.952496915441010242e-02 1.409655344691192056e+02 -8.376994101246232338e-02 9.964778192182931482e-01 -3.814811754644206482e-03 -1.266511305770651319e+01 1.913697386880642073e-02 5.436307602468453196e-03 9.998020918115714251e-01 1.357856315449459839e+00
9.960876997604047878e-01 8.426307813366339106e-02 -2.662758061603151885e-02 1.419164126748625563e+02 -8.436490979691603498e-02 9.964312073991853369e-01 -2.722299755719835308e-03 -1.274970491158218699e+01 2.630316294633192400e-02 4.958082738514884603e-03 9.996417163336946965e-01 1.368548963145207242e+00
9.959834363879992436e-01 8.668608806431492286e-02 -2.241688151495816600e-02 1.427177273604141874e+02 -8.674557844832403442e-02 9.962290586097622969e-01 -1.693340241200965227e-03 -1.281799597547101932e+01 2.218555972734173251e-02 3.631104186428001958e-03 9.997472760762941002e-01 1.393087219725913872e+00
9.960603864118622308e-01 8.711680174281202782e-02 -1.656410200262195889e-02 1.435307211763742146e+02 -8.714717479461232819e-02 9.961948187169435975e-01 -1.119413611467959908e-03 -1.289379007533173827e+01 1.640355285805245381e-02 2.558518246931750298e-03 9.998621792217221582e-01 1.409816148734266861e+00
