1.000000000000000000e+00 0.000000000000000000e+00 0.000000000000000000e+00 0.000000000000000000e+00 0.000000000000000000e+00 1.000000000000000000e+00 0.000000000000000000e+00 0.000000000000000000e+00 0.000000000000000000e+00 0.000000000000000000e+00 1.000000000000000000e+00 0.000000000000000000e+00
9.999996604600372985e-01 -8.063325101721741366e-05 8.201085835812144424e-04 1.327962067247079325e-02 8.136072909656038156e-05 9.999996032557416648e-01 -8.870562501939457467e-04 4.402805085135729282e-03 -8.200367319785544905e-04 8.871226736351981411e-04 9.999992702762937613e-01 -6.162192021993417868e-03
9.999957809064106140e-01 -1.258990920412572960e-03 2.617844770044869263e-03 6.568166335679137546e-03 1.261248796553802922e-03 9.999988339453095287e-01 -8.610223541816891014e-04 1.863230653842753602e-03 -2.616757698168509054e-03 8.643204750135779699e-04 9.999962027574232915e-01 -6.444503130574874561e-03
9.999915043387878066e-01 3.538954599274305173e-04 4.106824594654373724e-03 2.637311662835428727e-02 -3.439264338542754088e-04 9.999969935481829442e-01 -2.427881628777007680e-03 3.253772267479110303e-02 -4.107671463969775165e-03 2.426448556779921967e-03 9.999886196265163063e-01 -9.443603703157332774e-03
9.999892896929311048e-01 5.535474590838374373e-05 4.627897500922037964e-03 6.522597269487606653e-02 -4.996480840025524972e-05 9.999993204072394892e-01 -1.164769752746461912e-03 2.663421059329847823e-02 -4.627958831370107030e-03 1.164526045692815563e-03 9.999886128732385915e-01 -1.081971131805592456e-02
9.999851822528991185e-01 1.295871362458239509e-03 5.287342626329565899e-03 1.429977919526601582e-01 -1.295992971517290811e-03 9.999991600091874266e-01 1.957389378889298515e-05 3.685527044751703979e-02 -5.287312819761926484e-03 -2.642596262961250539e-05 9.999860217147109598e-01 -1.042463517483582791e-02
9.999820727519594943e-01 3.158580778370638584e-03 5.086997362038486216e-03 2.617612104051507682e-01 -3.161752865603270363e-03 9.999948121356604380e-01 6.156464748185290796e-04 4.112338864118434550e-02 -5.085026402264644640e-03 -6.317192664582118190e-04 9.999868716324512574e-01 -1.440779555719085003e-02
9.999900419337134361e-01 2.478440870697332533e-03 3.711248342618052309e-03 4.365877582518509215e-01 -2.483005768506896076e-03 9.999961659002143399e-01 1.225914852125474389e-03 1.557577558302426952e-02 -3.708195755848076470e-03 -1.235117695427198018e-03 9.999923618550866644e-01 -1.600306609854551532e-02
9.999813378034200229e-01 4.247260903222417096e-03 4.391448474320739856e-03 6.350280203581566418e-01 -4.249892173691136900e-03 9.999907951025702735e-01 5.900225772096701939e-04 8.919538077001389065e-03 -4.388902071663765281e-03 -6.086747485945318697e-04 9.999901834786457666e-01 -2.138020270372154030e-02
9.999701297375994669e-01 6.311134784901634501e-03 4.461973811629982127e-03 9.007301997393335480e-01 -6.319446703316152110e-03 9.999783185978845523e-01 1.851196238043551065e-03 -8.254721398047044564e-03 -4.450193920809948980e-03 -1.879338148020354149e-03 9.999883318630234941e-01 -2.543229323074913673e-02
9.999220483380804048e-01 1.148503729272223710e-02 4.898077762028491336e-03 1.169214107876416442e+00 -1.149902511705810232e-02 9.999298587803983063e-01 2.837241753928703217e-03 -1.966571601180889216e-03 -4.865148377528220186e-03 -2.893343705429585883e-03 9.999839793184023273e-01 -2.730408752016222351e-02
9.997764300701035278e-01 2.083264728560012616e-02 3.618104939573121154e-03 1.520051498042506166e+00 -2.082781643857779114e-02 9.997821418936629900e-01 -1.367776634018987936e-03 2.743931036905633558e-02 -3.645811114264463013e-03 1.292113614755864602e-03 9.999925192238817706e-01 -3.029634063981534453e-02
9.995835661119426563e-01 2.885050051282346192e-02 -5.856441681964585705e-04 1.891805749559885008e+00 -2.885342158687955946e-02 9.995667417677960298e-01 -5.814534757146936836e-03 3.431838049557597164e-02 4.176381950465425175e-04 5.829011225915639756e-03 9.999829239574374862e-01 -2.878137881500664186e-02
9.993413132875763605e-01 3.627467905375846707e-02 -1.042696604785780991e-03 2.382993868698204842e+00 -3.627514161939633663e-02 9.993417487323877912e-01 -4.281833557359583805e-04 -1.811952728303354437e-02 1.026478034618457129e-03 4.657252840537211953e-04 9.999993647212003234e-01 -2.979675692672789644e-02
9.991315805493744540e-01 4.165071592520694366e-02 -1.141320212562075935e-03 2.859275010749901647e+00 -4.165265396974002915e-02 9.991306531094418242e-01 -1.730443404866291880e-03 -2.708710176315323043e-02 1.068253802703414716e-03 1.776479670037815674e-03 9.999978514745894165e-01 -3.582016389869746575e-02
9.991204645805549234e-01 4.183993929400113554e-02 -2.777901404152988574e-03 3.386132884514937658e+00 -4.185356413951061422e-02 9.991110310630196834e-01 -5.042497100622257873e-03 -7.306204543995069300e-02 2.564454163514484370e-03 5.154327120411761505e-03 9.999834281060755448e-01 -3.830537025317903854e-02
9.988465229985215021e-01 4.778350175080949003e-02 -4.728684192768283466e-03 3.940839557584840946e+00 -4.781688934081684134e-02 9.988300299241928970e-01 -7.219169994139558975e-03 -8.985709202892255831e-02 4.378194551710435332e-03 7.436953816354822770e-03 9.999627608718238969e-01 -4.189025708966420680e-02
9.985130838659400654e-01 5.405720743743954587e-02 -7.031335050778166930e-03 4.479156246004237119e+00 -5.412351569351264019e-02 9.984880118166884477e-01 -9.609126252220731232e-03 -1.050225680192524991e-01 6.501261224159634797e-03 9.975398860329217493e-03 9.999291099973399710e-01 -4.413730208987143300e-02
9.979158575372218953e-01 6.397938523227515717e-02 -8.401163077314657834e-03 5.237283947454524302e+00 -6.405509337840582795e-02 9.979051026706957650e-01 -9.074749366907247650e-03 -1.444713908895206567e-01 7.802966617589228611e-03 9.593973581817207691e-03 9.999235317677428458e-01 -4.708944563901140690e-02
9.977085658264055468e-01 6.711602095653289302e-02 -8.547362609589428603e-03 5.890794202959472869e+00 -6.721768117103973927e-02 9.976634926486164234e-01 -1.222042446697217156e-02 -2.072084874347821515e-01 7.707205369394141102e-03 1.276695606347736343e-02 9.998887957259383619e-01 -4.811747340717054122e-02
9.971186050370210996e-01 7.557902535984890868e-02 -6.503723139950099569e-03 6.534765206911976598e+00 -7.569956144353028049e-02 9.969120182108014427e-01 -2.088071704046959992e-02 -2.385931580976606847e-01 4.905495518598456013e-03 2.131288043701015308e-02 9.997608200170652326e-01 -4.751625950199978021e-02
9.965087385635988948e-01 8.347129055047587676e-02 -1.696354981600823588e-03 7.341797909031200220e+00 -8.348724488405523392e-02 9.961751732280178517e-01 -2.578573609185926332e-02 -3.099787412711406676e-01 -4.625019517290710229e-04 2.583733534959172309e-02 9.996660533368018076e-01 -4.333580645711343493e-02
9.958539585934371718e-01 9.096322708078298513e-02 -7.645082283190125739e-04 8.095108838345835167e+00 -9.095315181455490561e-02 9.955296803653268523e-01 -2.545937325837422521e-02 -3.858793353739540799e-01 -1.554776118860824946e-03 2.542335207561363664e-02 9.996755652912896473e-01 -5.026265561113274494e-02
9.957725234637972989e-01 9.185160987735077609e-02 6.027250457931591140e-04 8.892008137287151115e+00 -9.180913681110366986e-02 9.954733288785306833e-01 -2.457506641898194941e-02 -4.652160328221939256e-01 -2.857256121160499460e-03 2.441584023613136908e-02 9.996978057558303377e-01 -5.938886183825897724e-02
9.954620942864612632e-01 9.513760704346164998e-02 2.013595008182906577e-03 9.751928111588439307e+00 -9.506687073363018214e-02 9.952070270581067080e-01 -2.291862524413125837e-02 -5.504942239385763880e-01 -4.184367064245277969e-03 2.262319650733665005e-02 9.997353059945728315e-01 -6.996655645565552639e-02
9.947872223429437000e-01 1.019331955278720558e-01 2.829472157098266664e-03 1.061104052124563779e+01 -1.018583325014897345e-01 9.946036764151532372e-01 -1.970804306565810543e-02 -6.285551835700922130e-01 -4.823107217047703683e-03 1.931710410331971203e-02 9.998017739161271233e-01 -7.943930528573828198e-02
9.944403489698534493e-01 1.052695373198857531e-01 2.591689251051668488e-03 1.149996356691791277e+01 -1.052240914423784590e-01 9.943520613437714095e-01 -1.385166710253806117e-02 -7.411647967502250633e-01 -4.035210136138988983e-03 1.350194852051929580e-02 9.999007023026369456e-01 -9.036232507007024850e-02
9.932849937269186968e-01 1.156088410789215121e-01 4.417816350254208206e-03 1.258068434992076057e+01 -1.155634062914608490e-01 9.932552701513195359e-01 -9.437554924077891372e-03 -8.415641873439700937e-01 -5.479084159841976845e-03 8.863643777754675809e-03 9.999457062539698349e-01 -1.028807378906853032e-01
9.925344060273664226e-01 1.216804346151736382e-01 8.326144591957674451e-03 1.342999853153012602e+01 -1.216908667190736842e-01 9.925677615406585108e-01 7.561133036318267017e-04 -9.374699365123621009e-01 -8.172258504499053597e-03 -1.763684220533251554e-03 9.999650511937434594e-01 -1.149749798259855904e-01
9.923416750042790557e-01 1.230935561968472675e-01 1.029448748195187398e-02 1.441980116905969922e+01 -1.231572335193364676e-01 9.923702408102477168e-01 5.796635754923537380e-03 -1.055998935390036086e+00 -9.502414512431325497e-03 -7.020083833207135110e-03 9.999302088353010376e-01 -1.232234516410666281e-01
9.920165631642672288e-01 1.258923933333436218e-01 7.365032828085246730e-03 1.519590664663217439e+01 -1.259680368537242634e-01 9.919742943105772648e-01 1.091114651407525463e-02 -1.154337433419574177e+00 -5.932292893546396197e-03 -1.175179679179182320e-02 9.999133478322956847e-01 -1.391019287568637797e-01
9.919300596778790613e-01 1.267717622440749647e-01 1.917551817270122649e-03 1.586650621389653537e+01 -1.267861333440186422e-01 9.917938804712662648e-01 1.643700250716885122e-02 -1.244754791557612705e+00 1.819316159890033255e-04 -1.654747585825989964e-02 9.998630645961512631e-01 -1.574026684837692702e-01
9.913206896516200128e-01 1.314569719946816762e-01 1.534530099717168429e-03 1.639180693039712366e+01 -1.314642444895548212e-01 9.911813862918190665e-01 1.663165323769115120e-02 -1.304154809791142178e+00 6.653491023482289339e-04 -1.668903779784036701e-02 9.998605069348196484e-01 -1.594583498851416259e-01
9.909350736750149879e-01 1.342940334622612364e-01 3.576637685117190109e-03 1.700501270490223149e+01 -1.343330558619451887e-01 9.908216216070547810e-01 1.507130580800414114e-02 -1.388250426580540875e+00 -1.519823504568642084e-03 -1.541514620118602727e-02 9.998800245049960234e-01 -1.585955486341694698e-01
9.910032602860830986e-01 1.338005890989795166e-01 3.152849365413851624e-03 1.730848059067849931e+01 -1.338354319262547998e-01 9.908492941523928677e-01 1.748580678203016589e-02 -1.442993412864453040e+00 -7.843873199825725532e-04 -1.775045448634295087e-02 9.998421405912339965e-01 -1.678866280511892572e-01
9.911180681613527277e-01 1.329825350630048364e-01 7.876117863073880346e-04 1.751945612660653140e+01 -1.329737956744678484e-01 9.909417477777764383e-01 1.877291067073105779e-02 -1.471041375476590751e+00 1.715991851411323432e-03 -1.871090268648382265e-02 9.998234631636844227e-01 -1.744395621908514382e-01
9.910103284936725432e-01 1.337848427573941623e-01 3.803514743099839935e-04 1.755024261530941132e+01 -1.337691234220833858e-01 9.908415550700319097e-01 1.840745406863616637e-02 -1.475879413497602544e+00 2.085770301857953809e-03 -1.829285638660202440e-02 9.998304961179507178e-01 -1.754799086079050774e-01
9.911141446773997776e-01 1.330128595535273739e-01 5.756854882528520366e-04 1.758079568947610838e+01 -1.330031767550708954e-01 9.909679529859701796e-01 1.710763361356232651e-02 -1.474724418736725440e+00 1.705049397276304883e-03 -1.703218565510954477e-02 9.998534879962979183e-01 -1.774342690449157711e-01
9.909324299884080256e-01 1.343604820460058136e-01 4.243367004472689097e-04 1.756929408172733886e+01 -1.343485345022186750e-01 9.907911513372498202e-01 1.683346990116767888e-02 -1.473015974718687726e+00 1.841324082437012814e-03 -1.673784024814137239e-02 9.998582170635251787e-01 -1.804348638024420026e-01
9.905466237043482058e-01 1.371745042799833170e-01 -7.359643053660470946e-04 1.756358106718028012e+01 -1.371417862893330453e-01 9.904025133609977161e-01 1.717533061079250939e-02 -1.468461468276510251e+00 3.084918360158791541e-03 -1.691203428804333164e-02 9.998522222683468019e-01 -1.826078928575500804e-01
9.904813017794590335e-01 1.376470932308099526e-01 -2.618212715260506934e-04 1.763410567184876854e+01 -1.376225122653152999e-01 9.903369664387028370e-01 1.710955939733808592e-02 -1.475209394368698135e+00 2.614372401295701320e-03 -1.691066616359645017e-02 9.998535864949683605e-01 -1.822050711770497600e-01
9.906355938446373965e-01 1.365318144154018254e-01 4.287896013598738480e-04 1.777022412173186083e+01 -1.365218205279886965e-01 9.905140535202056062e-01 1.561096725687488584e-02 -1.487390652016085113e+00 1.706671558210267389e-03 -1.552331895600452330e-02 9.998780494844273781e-01 -1.846006877727741635e-01
9.909841764282898424e-01 1.339788274278778946e-01 1.893932323263999742e-04 1.791757766253216744e+01 -1.339597925255042177e-01 9.908174919442840345e-01 1.831588501172779632e-02 -1.517110095129025060e+00 2.266286669730261435e-03 -1.817612330201046761e-02 9.998322321701983428e-01 -1.792844158265185506e-01
9.908001147137298625e-01 1.353297909104257402e-01 9.901390817886671081e-04 1.811169544263632858e+01 -1.353267127385141821e-01 9.906517414383175790e-01 1.719906987650040089e-02 -1.538456570309808313e+00 1.346663524600514184e-03 -1.717483267369840708e-02 9.998515947979392804e-01 -1.741970613337293639e-01
9.909347237368875128e-01 1.343330096618360059e-01 1.736608099851441080e-03 1.845442699881664339e+01 -1.343425210143285031e-01 9.907740099346677987e-01 1.785912331257613617e-02 -1.581114376319063819e+00 6.784836137253672005e-04 -1.793052573607854805e-02 9.998390049937111446e-01 -1.775332311498449833e-01
9.909751511419859771e-01 1.340371518629404624e-01 1.513849262654790766e-03 1.870192097462545178e+01 -1.340421133486927874e-01 9.908028145615802584e-01 1.850660708685713390e-02 -1.617918791341088403e+00 9.806467943084928428e-04 -1.854250730948116613e-02 9.998275920150149210e-01 -1.778586494282698993e-01
9.910610561750462510e-01 1.333930570795757165e-01 2.067669259708509316e-03 1.896728589315634750e+01 -1.334080836846935902e-01 9.908746755500970060e-01 1.922655874221939828e-02 -1.663350470257709546e+00 5.158883408861020519e-04 -1.933053740730695039e-02 9.998130146096142479e-01 -1.789631943487903776e-01
9.911953447230323899e-01 1.324007292767998278e-01 1.354801225704495770e-03 1.948493411947621112e+01 -1.324025345111120855e-01 9.910150498009981934e-01 1.894043090743082608e-02 -1.733025226716516265e+00 1.165098460798678990e-03 -1.895304605853567401e-02 9.998196960405810740e-01 -1.837561245158596535e-01
9.915643732685521794e-01 1.295996996692830305e-01 2.002875476787859509e-03 2.000297232501549516e+01 -1.296142113113703531e-01 9.913790141955349799e-01 1.917828039270324386e-02 -1.794754760452730968e+00 4.998906633332729802e-04 -1.927610070323806588e-02 9.998140737412148926e-01 -1.818802113129167619e-01
9.916691540442272856e-01 1.287914513828627983e-01 2.247435850664141876e-03 2.064916249169844065e+01 -1.288101378901317373e-01 9.914451303594302711e-01 2.108321283149340239e-02 -1.879378137805709503e+00 4.871282504456572976e-04 -2.119706435496469810e-02 9.997751983165013012e-01 -1.822294213679591657e-01
9.914636220001022959e-01 1.303483638394334065e-01 3.031549904124997662e-03 2.110264298374535485e+01 -1.303832169452202594e-01 9.912498149964500405e-01 2.059177040760168040e-02 -1.928266441481350624e+00 -3.209197004282752434e-04 -2.081125450054504417e-02 9.997833708842429612e-01 -1.807594606008342542e-01
9.914499842988965250e-01 1.304720245703656079e-01 1.994852933929336727e-03 2.166059113277307802e+01 -1.304839057945209324e-01 9.911986920705799786e-01 2.234061696056261967e-02 -2.006771016227716586e+00 9.375299060117276524e-04 -2.240990053708219812e-02 9.997484270533231188e-01 -1.834180319441269802e-01
9.912721530893360278e-01 1.317599957954553314e-01 4.338434926776325341e-03 2.230728025846815399e+01 -1.318243873372429154e-01 9.910219972057163762e-01 2.230990716148382666e-02 -2.091843924017299905e+00 -1.359931172086809416e-03 -2.268710123341202006e-02 9.997416896502978600e-01 -1.795667303869399323e-01
9.910766748247026303e-01 1.332315910046142082e-01 4.045710912826811639e-03 2.303771706044616252e+01 -1.332887064373680652e-01 9.908318237859805588e-01 2.205487948734166648e-02 -2.185212981228627616e+00 -1.070212438753480669e-03 -2.239732420016431538e-02 9.997485756499026044e-01 -1.827530042156715329e-01
9.910997537424246495e-01 1.330755414520986557e-01 3.489756286084541147e-03 2.373907242670050977e+01 -1.331199185708528965e-01 9.908679686860486502e-01 2.144191949601686326e-02 -2.280877490255747819e+00 -6.044926756972112758e-04 -2.171563720490286842e-02 9.997640049978746557e-01 -1.846585116289773953e-01
9.912109132300149783e-01 1.322647877023920560e-01 2.636556041774252863e-03 2.451287383712681134e+01 -1.322909039222238126e-01 9.909818816002882169e-01 2.130791119264825034e-02 -2.385587316371200473e+00 2.055070830549805187e-04 -2.146942649429681160e-02 9.997694841776503250e-01 -1.873861378913479481e-01
9.913262740874684287e-01 1.314153508976625417e-01 1.491258630234709335e-03 2.521855742765931296e+01 -1.314172253995096185e-01 9.910991770023954706e-01 2.125874440011875366e-02 -2.476353507796784648e+00 1.315740153861976900e-03 -2.127032894948604341e-02 9.997728951788144025e-01 -1.906483157636078563e-01
9.912986256848498323e-01 1.316256335982446679e-01 1.314266026778827335e-03 2.601683500560773865e+01 -1.316224867419441280e-01 9.910548490245024711e-01 2.204103466010592580e-02 -2.579839079316954997e+00 1.598655433549982414e-03 -2.202223432992019350e-02 9.997562030294802060e-01 -1.914530370616824850e-01
9.914639908213325192e-01 1.303797903778360912e-01 5.149423936439109827e-04 2.673914125221513416e+01 -1.303590980124832710e-01 9.912191035223120172e-01 2.216290544573047000e-02 -2.664480615793663354e+00 2.379174228384781532e-03 -2.204085010738354375e-02 9.997542400292860343e-01 -1.904003668243237080e-01
9.915381666674696337e-01 1.298153989210291404e-01 -1.620021232562238699e-04 2.734179848028472293e+01 -1.297785216978142031e-01 9.912847367539691090e-01 2.262975882647720247e-02 -2.739863683728606336e+00 3.098281401651440010e-03 -2.241724518286405260e-02 9.997439010920586844e-01 -1.910985656047088366e-01
9.913862395727113253e-01 1.309699211382459594e-01 -4.513789107011784781e-04 2.792586517338827434e+01 -1.309238232352545606e-01 9.911177267267543556e-01 2.333675807507860911e-02 -2.808698826036050811e+00 3.503783004581912872e-03 -2.307664457915348244e-02 9.997275588777297939e-01 -1.898382119637147536e-01
9.909304424627650709e-01 1.343751975730550496e-01 4.055585674321228636e-04 2.875426940013482380e+01 -1.343482704314676035e-01 9.906617478751963413e-01 2.323453311203899085e-02 -2.920443699380681490e+00 2.720373618169854603e-03 -2.307829226922169380e-02 9.997299595357309610e-01 -1.886514989730070369e-01
9.903653616234846524e-01 1.384705471328942783e-01 1.535601869579746254e-03 2.939768159123590507e+01 -1.384694400306192563e-01 9.901049449087344634e-01 2.276866805236351862e-02 -3.006546561840941489e+00 1.632382918216015305e-03 -2.276193410035471862e-02 9.997395809319642446e-01 -1.842889225377408735e-01
9.891812017751239194e-01 1.466979556130865447e-01 -5.097780527512431629e-04 3.006952315798985254e+01 -1.466438868062087397e-01 9.888997844428979445e-01 2.393296452924216847e-02 -3.109031085958815499e+00 4.015036374679759046e-03 -2.359928278001319907e-02 9.997134356080141782e-01 -1.849425430110018809e-01
9.874343887730984148e-01 1.580294016394939993e-01 -1.899625270733489501e-04 3.076433030602396457e+01 -1.579814743923368403e-01 9.871631308376044300e-01 2.346927488701146258e-02 -3.214684795024692399e+00 3.896359470274767325e-03 -2.314435854289760910e-02 9.997245405863138812e-01 -1.821621252079468345e-01
9.830354455449753504e-01 1.834125208011327668e-01 -1.077040188052322224e-03 3.168805059858604523e+01 -1.833438735815074994e-01 9.827979342347364922e-01 2.220910813298913877e-02 -3.375305672399291357e+00 5.131941379322083399e-03 -2.163487178858900656e-02 9.997527671881536460e-01 -1.818862878579809994e-01
9.744434948394798957e-01 2.246256525243611191e-01 -1.786503016091446584e-03 3.258129215107117460e+01 -2.245047179691302131e-01 9.741257545289366826e-01 2.601241959201787413e-02 -3.591716199840035983e+00 7.583335323112781398e-03 -2.494655470069820358e-02 9.996600234249353178e-01 -1.818488441451866500e-01
9.624958113860959674e-01 2.712889626415460609e-01 -2.027760611012163587e-03 3.321039915636347928e+01 -2.711295064833540436e-01 9.621385855291879619e-01 2.789503450412428309e-02 -3.779685692494249682e+00 9.518601699545043218e-03 -2.629906813496009008e-02 9.996088011001694751e-01 -1.803570192586934073e-01
9.491584692568271198e-01 3.147984492822962221e-01 -3.695504016891887041e-04 3.377996228591073447e+01 -3.146256165372115499e-01 9.486749679220539688e-01 3.203945468745007796e-02 -3.997568343707782024e+00 1.043655386692774086e-02 -3.029424974399050688e-02 9.994865365655665190e-01 -1.770737309962502337e-01
9.280716106886042205e-01 3.723979717100073805e-01 -1.684072484609221241e-03 3.434558650187409512e+01 -3.721890071918646514e-01 9.276847170231045103e-01 2.960420117646223384e-02 -4.218817275576017600e+00 1.258683277854063393e-02 -2.684802540290288572e-02 9.995602809098460551e-01 -1.694002649075616596e-01
9.006518252455029128e-01 4.345410521767165135e-01 -6.030382219300284676e-04 3.490555678023314101e+01 -4.343333039749609492e-01 9.002624524084517077e-01 2.970013201509696943e-02 -4.515214553275884946e+00 1.344881928419835830e-02 -2.648755852607538597e-02 9.995586718663337367e-01 -1.630052608612180265e-01
8.620437514061001227e-01 5.068303954730200012e-01 1.876402505031887508e-03 3.555055012848005447e+01 -5.065910721630398905e-01 8.615103070585343747e-01 3.413907492319316617e-02 -4.878305448247711951e+00 1.568618074612960697e-02 -3.037994497315683537e-02 9.994153304192546772e-01 -1.507542565809476542e-01
8.164148974330949216e-01 5.774630839144809791e-01 1.761239701756478395e-03 3.610769671276852222e+01 -5.771668805655427725e-01 8.158904191214944035e-01 3.465856263598530301e-02 -5.286741361398054728e+00 1.857706186537974244e-02 -2.931229608422737318e-02 9.993976596283986602e-01 -1.381226967416284701e-01
7.610982089471585166e-01 6.486311325088999213e-01 2.677737412449451241e-03 3.663707077194590056e+01 -6.482916718553228819e-01 7.605522997597805590e-01 3.575062982856433424e-02 -5.746609134662534757e+00 2.115241216641688266e-02 -2.894569519515954870e-02 9.993571544694175302e-01 -1.278349730878658441e-01
6.954718404584596669e-01 7.185425541340640931e-01 3.939165878598687408e-03 3.713236286037199818e+01 -7.181413963992114846e-01 6.948770668496373482e-01 3.766691843295800340e-02 -6.282521159707773251e+00 2.432804774562223604e-02 -2.902515917167295192e-02 9.992825857723860450e-01 -1.115896387951282875e-01
6.227550219717883362e-01 7.823893981907038553e-01 6.558369287116219346e-03 3.760665882457645637e+01 -7.819567935296580785e-01 6.220795355715617037e-01 3.950473991669258694e-02 -6.871244351268876116e+00 2.682826236886530491e-02 -2.973013659334645606e-02 9.991978599438693376e-01 -9.330746396893263572e-02
5.433457294838621721e-01 8.395030300848310700e-01 3.175016541297438852e-03 3.802791937275222267e+01 -8.389853533212703329e-01 5.428693464911326094e-01 3.736909890101059589e-02 -7.502468484956719585e+00 2.964785260406541806e-02 -2.296813267722549665e-02 9.992964873936509562e-01 -6.875689496905645903e-02
4.004696493084207720e-01 9.163076644019596539e-01 2.079456904319437836e-03 3.858359301910343220e+01 -9.156862476056795153e-01 4.001122773911636732e-01 3.780028342071621583e-02 -8.649037211669526215e+00 3.380467317724453191e-02 -1.704199633502712086e-02 9.992831502793874110e-01 -2.543782061211663503e-02
2.217929842305157162e-01 9.747152247670638481e-01 -2.716804655132855351e-02 3.901312363816976614e+01 -9.737441225674855483e-01 2.228654377573752177e-01 4.640453015052466157e-02 -1.028665524165409373e+01 5.128602062355318986e-02 1.616252642709620907e-02 9.985532118160223014e-01 4.611658079525637888e-02
1.217844781292294482e-01 9.920892041647689785e-01 -3.045573618396909404e-02 3.915539449233375535e+01 -9.907442375161454873e-01 1.233582796945096177e-01 5.664442302082696445e-02 -1.132510420387944450e+01 5.995328777758895250e-02 2.327543362705660271e-02 9.979297858437387037e-01 8.994427357037482196e-02
2.205828181191487464e-02 9.995297490528837203e-01 -2.130053900225275382e-02 3.924367442927614036e+01 -9.982203406799832202e-01 2.320009083746399706e-02 5.493548250330915206e-02 -1.309352583044274709e+01 5.540382348037085208e-02 2.005084894496448472e-02 9.982626807611021391e-01 1.499663932555481693e-01
-3.793393633502370466e-02 9.986930586261051346e-01 -3.425187770278512178e-02 3.918670802881754867e+01 -9.979638932318625200e-01 -3.610292259569984619e-02 5.257990857307032889e-02 -1.522825822357143899e+01 5.127459682565951166e-02 3.617670012708525118e-02 9.980291388973976385e-01 2.432485031942324127e-01
-5.483581190952720869e-02 9.971613328292224798e-01 -5.159757787409090940e-02 3.907235872868318438e+01 -9.977747581714323521e-01 -5.276010755136850000e-02 4.076644462186467671e-02 -1.723752892980450113e+01 3.792842849582010734e-02 5.371822187505739810e-02 9.978355510555932950e-01 3.471928415836131876e-01
-7.192870831346732940e-02 9.960654374920896448e-01 -5.176780035938818164e-02 3.896750842637224821e+01 -9.966750947736066069e-01 -6.978710530655428401e-02 4.205372029861362965e-02 -1.883592529659773618e+01 3.827553237223923349e-02 5.462054711026944481e-02 9.977733106547782560e-01 4.039099892757542776e-01
-9.554672777974841658e-02 9.941224450359938958e-01 -5.090566850794798343e-02 3.882903059402431012e+01 -9.946490628943199797e-01 -9.332858308944060044e-02 4.430595063835118808e-02 -2.046964995300920265e+01 3.929458606517417796e-02 5.486656408210483643e-02 9.977201990797774922e-01 4.625462306323124828e-01
-1.007650256620105378e-01 9.935040979564553343e-01 -5.287737651458638416e-02 3.871739763743303087e+01 -9.941498601829485970e-01 -9.846818774043250566e-02 4.438548750817514904e-02 -2.164150386624353217e+01 3.889042429130722817e-02 5.704054125659925589e-02 9.976141095391525271e-01 5.058451427463190875e-01
-1.074772825894863559e-01 9.926072990143514074e-01 -5.638602371700617705e-02 3.863285117193147045e+01 -9.935982990484075739e-01 -1.052533594657869276e-01 4.103840212869882403e-02 -2.247580451255793932e+01 3.480019906970009680e-02 6.043575319792760664e-02 9.975652689824904273e-01 5.440082581031155939e-01
-1.194569334945138062e-01 9.915378421261271669e-01 -5.082075040721125564e-02 3.847675330121680304e+01 -9.922574904125559536e-01 -1.174781657924333922e-01 4.029830371394984428e-02 -2.390108372471727805e+01 3.398696456383885900e-02 5.524118204664131560e-02 9.978944323152756368e-01 5.979713091120468782e-01
-1.283333772910997539e-01 9.910598427816753597e-01 -3.648194483059354759e-02 3.833305791879136137e+01 -9.913171027660709900e-01 -1.271301919596173335e-01 3.359041613010443905e-02 -2.511719962893958069e+01 2.865215587949881612e-02 4.047594739932534880e-02 9.987696189039712014e-01 6.336339131878885311e-01
-1.268177178849487496e-01 9.915628807549806689e-01 -2.683877678544102294e-02 3.823002767532997836e+01 -9.915463820536946082e-01 -1.259742306641930820e-01 3.108481051563895259e-02 -2.606907166820478849e+01 2.744155000509572798e-02 3.055399675083010289e-02 9.991563514364846244e-01 6.773445175699426279e-01
-1.286054699036229543e-01 9.914837473180024841e-01 -2.050882529841544649e-02 3.812837271134507944e+01 -9.912206068144933102e-01 -1.278761905732768434e-01 3.360637604346410068e-02 -2.687860380432670127e+01 3.069758520105750343e-02 2.465073404017532888e-02 9.992246992414191009e-01 7.278807741340158621e-01
-1.288326407876914381e-01 9.914781765819705717e-01 -1.931776460571117682e-02 3.805020849222093915e+01 -9.910275596613871141e-01 -1.280261314907146786e-01 3.838861350867170397e-02 -2.755160126137156595e+01 3.558829385157034897e-02 2.409014356981126551e-02 9.990761424053326012e-01 7.478700478062503265e-01
-1.303305090205761907e-01 9.913868220600491332e-01 -1.288904434453841223e-02 3.797614560783025439e+01 -9.906009922964282843e-01 -1.296608370331594207e-01 4.356307382626392610e-02 -2.826837740132656052e+01 4.151665304151670038e-02 1.844549770373031874e-02 9.989675325728520905e-01 7.687466510049425494e-01
-1.345228762958294300e-01 9.908982112816918653e-01 -4.932609029868712663e-03 3.778488180198103663e+01 -9.897730629658006984e-01 -1.341283595126800399e-01 4.856816860593784341e-02 -2.968371555177126808e+01 4.746450863955768013e-02 1.141569328519747607e-02 9.988076903820994890e-01 8.097209250087487042e-01
-1.351380944376617821e-01 9.907993611294567682e-01 -7.370306453529242019e-03 3.749763009182590423e+01 -9.899609415696034587e-01 -1.347053650613158071e-01 4.279951857582135061e-02 -3.176994377230469979e+01 4.141291584013565702e-02 1.308016089957812940e-02 9.990564947951938723e-01 9.071619754812370040e-01
-1.356157088662079124e-01 9.907378300352721601e-01 -6.850667538069801776e-03 3.730284949766074476e+01 -9.898269963722348130e-01 -1.351843008880262431e-01 4.435901313302399729e-02 -3.319866181025816587e+01 4.302204971216805340e-02 1.279675468299287106e-02 9.989921652886709635e-01 9.633236404737171021e-01
-1.361128222900034324e-01 9.906735110990874116e-01 -6.268493826866213502e-03 3.710059594364074087e+01 -9.897267083617836692e-01 -1.356978490629763556e-01 4.502373279761533176e-02 -3.466227316092079747e+01 4.375319832423041344e-02 1.233240310276486305e-02 9.989662504159545486e-01 1.022489073647292912e+00
-1.357512017126620285e-01 9.907196112031594337e-01 -6.801706479274116299e-03 3.694840947612241422e+01 -9.897707578446258703e-01 -1.353107325222982493e-01 4.522004621796028856e-02 -3.577759259513623391e+01 4.388004272153425700e-02 1.287080579221806277e-02 9.989538949366058018e-01 1.068997449899639740e+00
-1.359694075891969278e-01 9.906905497890829970e-01 -6.674935089484004304e-03 3.682967011901129695e+01 -9.897405440330587778e-01 -1.355344022654350333e-01 4.521151733459713440e-02 -3.664094100212376048e+01 4.388593962749687966e-02 1.275383711504512498e-02 9.989551361006432373e-01 1.105299468079405489e+00
-1.356089265851990466e-01 9.907375421860652454e-01 -7.024352890205649846e-03 3.667032132111864229e+01 -9.897602022489069284e-01 -1.351495233924423500e-01 4.592764277642457510e-02 -3.780962253094890002e+01 4.455290197746283876e-02 1.318062327477703861e-02 9.989200719254143213e-01 1.154750910473995251e+00
-1.352760006296832296e-01 9.907867805221174384e-01 -6.477591856337436282e-03 3.647596578869577399e+01 -9.898160641545938887e-01 -1.348452279718438673e-01 4.561714189568334687e-02 -3.921811192545315095e+01 4.432338880486829530e-02 1.258252899224457204e-02 9.989379946568314184e-01 1.215888820827242256e+00
-1.351884430720810271e-01 9.907928828911816144e-01 -7.317654810788486522e-03 3.626456674247138778e+01 -9.898249511446277626e-01 -1.347181144621739934e-01 4.579951667094651208e-02 -4.077789893334843185e+01 4.439201449903532049e-02 1.343476266778103126e-02 9.989238490499552370e-01 1.282070364471835422e+00
-1.344082137675048638e-01 9.908893091106918405e-01 -8.532828485702848714e-03 3.613642093509500341e+01 -9.899249417127552464e-01 -1.338804773379421442e-01 4.609368246043214074e-02 -4.173361527143607930e+01 4.453135801687650025e-02 1.464222926682757359e-02 9.989006773825265251e-01 1.324066061620706503e+00
-1.333601363162045528e-01 9.910239395361384318e-01 -9.307271780573200468e-03 3.598768287651715525e+01 -9.900698717766680534e-01 -1.327987017457422925e-01 4.611023546651645683e-02 -4.284643389307831995e+01 4.446035359571117590e-02 1.536411666576962577e-02 9.988929977115791337e-01 1.373192445500039049e+00
-1.324260511543263741e-01 9.911465138652639784e-01 -9.587962682850559304e-03 3.584055600464345304e+01 -9.901830193919272105e-01 -1.318483988179878774e-01 4.640676499196036420e-02 -4.395185897600381253e+01 4.473174581388558724e-02 1.563930247385422745e-02 9.988766105653756888e-01 1.420932772696898105e+00
-1.331467190763148123e-01 9.910482709833949855e-01 -9.760931309972896777e-03 3.572962327689310058e+01 -9.900704004818242643e-01 -1.325544383690354655e-01 4.679661268114735512e-02 -4.478997624293806012e+01 4.508384731777846655e-02 1.589482461352027462e-02 9.988567471171893031e-01 1.456789659658933367e+00
-1.327009522040389633e-01 9.910970981812730063e-01 -1.081661965694263004e-02 3.565346366438445358e+01 -9.901068498093278381e-01 -1.320505547820271242e-01 4.744551551419193269e-02 -4.537977684822474345e+01 4.559477212126469836e-02 1.700567430066588295e-02 9.988152600940725101e-01 1.482270018091194519e+00
-1.313271445740426813e-01 9.912976725341337003e-01 -9.061209987607829475e-03 3.554381772654409843e+01 -9.902803823209702649e-01 -1.307590960164812244e-01 4.740066665338111412e-02 -4.615668758064818888e+01 4.580333490326787826e-02 1.519813269331345314e-02 9.988348568579169529e-01 1.512297208571387497e+00
-1.298023524693563413e-01 9.914932017088036176e-01 -9.621863574613484862e-03 3.547647488615245237e+01 -9.904137085546511621e-01 -1.291864500759820900e-01 4.890344592958267150e-02 -4.665561395283391022e+01 4.724441978099552797e-02 1.587740791165764831e-02 9.987571640381679439e-01 1.529904953934517309e+00
-1.273684670370703320e-01 9.918083036949353337e-01 -9.672762087602891634e-03 3.531043990202011429e+01 -9.907366190512335580e-01 -1.267556599461366895e-01 4.872324232386165271e-02 -4.793632485189208836e+01 4.709803897783040177e-02 1.578896429142459534e-02 9.987654796452702932e-01 1.588864334274319834e+00
-1.258019173881748387e-01 9.920106804614275964e-01 -9.417400486106061036e-03 3.523069840854712709e+01 -9.909104129406133277e-01 -1.251951170245736433e-01 4.922129822613265787e-02 -4.856795712724508718e+01 4.764904099057536146e-02 1.552393389769713555e-02 9.987434987868598624e-01 1.616900329372415790e+00
-1.269028899995594262e-01 9.918422007102091209e-01 -1.202935576372248655e-02 3.518284617199315534e+01 -9.909096201371119239e-01 -1.262189990169360065e-01 4.654985506837500814e-02 -4.895376067462363068e+01 4.465177745044267288e-02 1.782731548756183795e-02 9.988435340898108583e-01 1.619107244630942244e+00
-1.256261947220375652e-01 9.919914419009765449e-01 -1.307816481328612918e-02 3.514536752999002545e+01 -9.907713682507520714e-01 -1.247736122574898271e-01 5.294942434767115069e-02 -4.929379357607471945e+01 5.089356594102045772e-02 1.960930593978865363e-02 9.985115522948979638e-01 1.635323181603058451e+00
-1.248957828341402676e-01 9.920906456079809921e-01 -1.253771619507288229e-02 3.508805773529460481e+01 -9.909581369634338222e-01 -1.241089435123819418e-01 5.097980900513705838e-02 -4.980398420668650772e+01 4.902054891784938390e-02 1.879151503687722519e-02 9.986209815272317769e-01 1.672598782698766939e+00
-1.242885996012413480e-01 9.921750737239513063e-01 -1.187295624668075790e-02 3.505173515834731290e+01 -9.910636513419829319e-01 -1.235476034114098148e-01 5.028746046474151521e-02 -5.012544439096579652e+01 4.842708950430923281e-02 1.801701340872453524e-02 9.986642099474535295e-01 1.681773737887468645e+00
-1.190016684578818623e-01 9.928106944156053215e-01 -1.286576691245354051e-02 3.495036991770362533e+01 -9.917191133042042583e-01 -1.182206724978586143e-01 5.017043851987328801e-02 -5.097369940489131324e+01 4.828874828945984438e-02 1.872959284552548620e-02 9.986577988182329113e-01 1.722917123728083588e+00
-1.147604912237826374e-01 9.933132699632344353e-01 -1.260068922813805704e-02 3.484178841830848938e+01 -9.922131584774293023e-01 -1.139968670499255515e-01 5.017731008179736329e-02 -5.192265880708511361e+01 4.840534886063180275e-02 1.826094241131849538e-02 9.986608334083855176e-01 1.765708357779361748e+00
-1.091696649558976800e-01 9.939566835424727964e-01 -1.149328041367197496e-02 3.475361000662295652e+01 -9.928279459565265697e-01 -1.084642857928323489e-01 5.028089533008228001e-02 -5.270314005845361294e+01 4.873042151634908448e-02 1.689999848227595469e-02 9.986689822309182674e-01 1.797130222659295562e+00
-1.025199523834958160e-01 9.946696490478162955e-01 -1.104303519785925988e-02 3.468430454870796353e+01 -9.935288834589373064e-01 -1.018441497492418024e-01 5.028048224401860528e-02 -5.338554532563518507e+01 4.888780109723599859e-02 1.612632707560283582e-02 9.986740832117992905e-01 1.828172795220866398e+00
-9.248158689006856503e-02 9.956592550208281933e-01 -1.047873931661575872e-02 3.460571241660311870e+01 -9.944732267357314637e-01 -9.183589947189109426e-02 5.088387636581057083e-02 -5.421663914250095928e+01 4.970067798448199459e-02 1.512664733374564918e-02 9.986496017864940899e-01 1.865054379109204685e+00
-7.542796579699813375e-02 9.970981778793635009e-01 -1.028813128713926620e-02 3.454883820987144816e+01 -9.958640581979260054e-01 -7.480251511468842540e-02 5.156899574428628480e-02 -5.498397040860168516e+01 5.064977359558835851e-02 1.413532462206911790e-02 9.986164393963000707e-01 1.898523644003113020e+00
-3.534354735561745509e-02 9.993307966692043243e-01 -9.422976643073541908e-03 3.451791417817773322e+01 -9.980730924400910142e-01 -3.481476071136002659e-02 5.136180082204958031e-02 -5.592356147327402027e+01 5.099937065684644749e-02 1.122012767776704549e-02 9.986356557461285588e-01 1.943829757566066352e+00
-7.600064341979012074e-03 9.999206060350904757e-01 -1.005090286574274183e-02 3.451725746491262470e+01 -9.987214783478203239e-01 -7.087845607133839466e-03 5.005168460095556215e-02 -5.628357412544198723e+01 4.997647155153998877e-02 1.041844859219662189e-02 9.986960539724736297e-01 1.956903279759714120e+00
3.559548690355832101e-02 9.993325068196530214e-01 -8.215967724380969506e-03 3.454889856827249872e+01 -9.980787872733997146e-01 3.596560335973359585e-02 5.045007204979777560e-02 -5.667840114077645097e+01 5.071188920714796849e-02 6.404388223695388176e-03 9.986927896528151605e-01 1.978613801191916544e+00
1.054409276469622792e-01 9.943939820374302352e-01 -7.925860501681187761e-03 3.461131805089422642e+01 -9.930757875690678915e-01 1.057095960308475358e-01 5.124413577249709723e-02 -5.719304356453432803e+01 5.179469973870966942e-02 2.467750947550622926e-03 9.986547047324403348e-01 1.992520457573984327e+00
1.627821712447999614e-01 9.865532114308416256e-01 -1.465352313686452829e-02 3.470951353567333086e+01 -9.850380499987387850e-01 1.633480764281484698e-01 5.493128418219900277e-02 -5.763375964890464331e+01 5.658625963527079417e-02 5.492444147904933065e-03 9.983826061574648802e-01 2.021925079517867818e+00
2.182100084695827169e-01 9.757559335167464987e-01 -1.687454919600073905e-02 3.485733767628531865e+01 -9.743770634698383226e-01 2.188027077876410487e-01 5.210291017486862880e-02 -5.800491141195263367e+01 5.453192081339883202e-02 5.072797222428514392e-03 9.984991418828266241e-01 2.050933898457071969e+00
2.810766534688091678e-01 9.595604740892436091e-01 -1.547938759776174011e-02 3.494075358461118697e+01 -9.580828430437954291e-01 2.815025386248254935e-01 5.323144383628974213e-02 -5.849928347850286769e+01 5.543627638913269096e-02 -1.315804145767677288e-04 9.984622185875146050e-01 2.072041231504832659e+00
3.377445671092256796e-01 9.411376867678129532e-01 -1.372814384876497665e-02 3.508653371252107434e+01 -9.396929849740902618e-01 3.379896643292114589e-01 5.234578108224816756e-02 -5.882148977976738280e+01 5.390455805110858784e-02 -4.779262700218559617e-03 9.985346550167182311e-01 2.092072908040516044e+00
4.043876820426487440e-01 9.144052570642110522e-01 -1.826549932272884466e-02 3.535372943558951420e+01 -9.128414379272487000e-01 4.047686176896661547e-01 5.369241414305633842e-02 -5.928780714533736784e+01 5.648992666915198663e-02 -5.039046232365511531e-03 9.983904527778605376e-01 2.119822066966501328e+00
4.817948553621798080e-01 8.761810413458875901e-01 -1.343503377640727948e-02 3.536853661135786808e+01 -8.748435675096424280e-01 4.818250640810500252e-01 4.993335568829179033e-02 -5.976960502978096912e+01 5.022399559511060013e-02 -1.230408100302414313e-02 9.986621850541517187e-01 2.170820417246964062e+00
