1.000000000000000000e+00 0.000000000000000000e+00 0.000000000000000000e+00 0.000000000000000000e+00 0.000000000000000000e+00 1.000000000000000000e+00 0.000000000000000000e+00 0.000000000000000000e+00 0.000000000000000000e+00 0.000000000000000000e+00 1.000000000000000000e+00 0.000000000000000000e+00
9.999998141814101515e-01 -3.959529050388733051e-04 -4.635282539339913451e-04 1.334464162844140045e-02 3.959340136508460997e-04 9.999999207838993209e-01 -4.084668824713215239e-05 -2.153953838857733394e-02 4.635443905799632074e-04 4.066315405503749861e-05 9.999998917365471307e-01 6.628587517680806229e-04
9.999908886966987209e-01 3.909275382853690840e-03 -1.714668938201730202e-03 6.826851016225232716e-02 -3.909685337891098331e-03 9.999923293499771715e-01 -2.358002660333145578e-04 -3.341893431884877114e-02 1.713733977401125800e-03 2.425019335925968403e-04 9.999985021532117324e-01 -3.612188404233496186e-03
9.999771724432201525e-01 2.830375456585453031e-03 -6.135435374695455933e-03 9.731264918090731797e-02 -2.831767425477711448e-03 9.999959667332181112e-01 -2.181984061631597055e-04 -4.239892189094337377e-02 6.134793045434296446e-03 2.355675512618399714e-04 9.999811542335278469e-01 -9.528205023397795514e-03
9.999666010856236298e-01 2.297317284213308379e-03 -7.843407841050437784e-03 1.371389742299029546e-01 -2.302353346433320437e-03 9.999971491683165015e-01 -6.331068692669520725e-04 -2.496534508033362507e-02 7.841931033461336034e-03 6.511440204751182221e-04 9.999690395852919300e-01 -1.109797527444134069e-02
9.999797547180935275e-01 9.673723846217778749e-04 -6.289224484081958923e-03 2.336010958533141224e-01 -9.703416872286948483e-04 9.999994191950771771e-01 -4.690911618790929603e-04 -3.004242085490600039e-02 6.288767045433544742e-03 4.751843616935249801e-04 9.999801126066812929e-01 -9.903793148212214348e-03
9.999849897327452997e-01 2.395146663340047295e-03 -4.927837422478455881e-03 3.250067305126765893e-01 -2.394086183629168859e-03 9.999971097312186918e-01 2.210894705512044705e-04 -2.605542641892557437e-02 4.928352721411483062e-03 -2.092884844508382429e-04 9.999878336948825330e-01 -7.837309908131029346e-03
9.999821406445444927e-01 -7.059413121692474516e-04 -5.934647320467875686e-03 4.457967471921316926e-01 6.999041021825096317e-04 9.999992355833043911e-01 -1.019297333591391661e-03 -4.939620312115260148e-02 5.935362348021546060e-03 1.015125445593394182e-03 9.999818703327214564e-01 -7.858281507927555865e-03
9.999683127973225671e-01 -3.981738159856310771e-03 -6.893414429903700798e-03 6.688296922631749020e-01 3.972288708300904941e-03 9.999911527725000582e-01 -1.383943331198521191e-03 -6.652512246736391743e-02 6.898863942270899198e-03 1.356516845604146485e-03 9.999752824636987114e-01 -4.146253881702310906e-03
9.999522875386198661e-01 -5.316821698280333949e-03 -8.194757672428287093e-03 8.489194215991439085e-01 5.306532397213670899e-03 9.999851051012803582e-01 -1.276827904652438157e-03 -6.177428504214293320e-02 8.201424278651149591e-03 1.233281236974292320e-03 9.999656072371652105e-01 -4.532404829344027775e-03
9.999387005964877062e-01 -7.966172647825047609e-03 -7.689937760009975080e-03 1.027808619447828864e+00 7.956319076694872566e-03 9.999674884700499033e-01 -1.311102455930660601e-03 -8.803104534498608358e-02 7.700132216891106794e-03 1.249838487633604797e-03 9.999695724708815847e-01 -3.534106407072634681e-03
9.999332302581076526e-01 -8.442297289099240723e-03 -7.890668036896064316e-03 1.275435400361182525e+00 8.426578848283758014e-03 9.999624490959797551e-01 -2.023157651590258132e-03 -9.111596526418738740e-02 7.907451833535396324e-03 1.956531229497517413e-03 9.999668215451195108e-01 -4.925694400603752854e-03
9.999562586712849033e-01 -5.767894247039449633e-03 -7.362889383999129435e-03 1.545722760163891429e+00 5.749433750176578817e-03 9.999802816131413419e-01 -2.525944665793086047e-03 -7.293986984033977439e-02 7.377313581404023810e-03 2.483501732893963337e-03 9.999697032727866697e-01 -5.281880303729113990e-03
9.999703705530342823e-01 -1.700154895330607775e-03 -7.507828538191509832e-03 1.813290282228701589e+00 1.679663734543557782e-03 9.999948498724915424e-01 -2.734768405491793623e-03 -5.348852753789167663e-02 7.512439401809415697e-03 2.722076748495589216e-03 9.999680762666427469e-01 -5.728762259464836859e-03
9.999824894566931022e-01 3.811564968261668034e-04 -5.905548214966063227e-03 2.100629028799975373e+00 -3.977602500985721011e-04 9.999959710586124872e-01 -2.810632193204190034e-03 -3.825513651684135652e-02 5.904453131137812026e-03 2.812931969842406323e-03 9.999786121947589201e-01 -4.898908197501050665e-03
9.999701921511144898e-01 3.931331469933478998e-03 -6.645257115882206508e-03 2.535758354084997723e+00 -3.951950471819687567e-03 9.999874090726891263e-01 -3.092536751271326729e-03 -7.391213218519576342e-03 6.633015658880695581e-03 3.118706296397647480e-03 9.999731380263705560e-01 -6.396873532169777832e-03
9.999797093534564807e-01 3.864344434009901828e-03 -5.064358150019231120e-03 2.950312783767080838e+00 -3.878124544722081832e-03 9.999887970901708556e-01 -2.714008873953611695e-03 -8.728075635095290663e-03 5.053813549385613273e-03 2.733594016603688691e-03 9.999834930799413879e-01 -6.739346560931336327e-03
9.999772556727433148e-01 4.122768544588917110e-03 -5.337688332634866854e-03 3.462170393616390118e+00 -4.136461045521002029e-03 9.999881762746208880e-01 -2.556755947703672881e-03 1.721578899001444812e-02 5.327084308276473952e-03 2.578776935870760734e-03 9.999824858877721656e-01 -6.097205953871531747e-03
9.999770014426432319e-01 2.755424032807978364e-03 -6.197114181514415572e-03 3.856680409448641100e+00 -2.766637781253985292e-03 9.999945498405168332e-01 -1.801667186000308974e-03 2.340316108859626792e-02 6.192116049190358497e-03 1.818770920483517902e-03 9.999791746687393124e-01 -8.923678884215968665e-03
9.999722156668305884e-01 4.837520761529056496e-03 -5.671533059996663323e-03 4.302196669686645158e+00 -4.849517033888340288e-03 9.999860289919864087e-01 -2.103331969933868850e-03 -8.716731244750796151e-03 5.661278910889883977e-03 2.130777726440366993e-03 9.999817046863279657e-01 -7.563968494913364538e-03
9.999611918476448702e-01 5.732819295510834662e-03 -6.689512804524174600e-03 4.792502317287866909e+00 -5.745709164010167312e-03 9.999816706231052788e-01 -1.909252216335676757e-03 -1.123912987335752046e-02 6.678444791976926274e-03 1.947614116808500445e-03 9.999758022944421620e-01 -9.275929799654747399e-03
9.999745092203211616e-01 3.483578398823966669e-03 -6.232623132855634115e-03 5.233318010918007523e+00 -3.495542036127001918e-03 9.999920671679339845e-01 -1.909656271500994890e-03 -2.236984351841837110e-02 6.225921253166405087e-03 1.931393989029952119e-03 9.999787535851994980e-01 -9.570146244722632645e-03
9.999727137572773650e-01 4.005117094399121211e-03 -6.207316486655008875e-03 5.829758699711526049e+00 -4.025982950430947484e-03 9.999862754996720060e-01 -3.352651723085080856e-03 -2.472867635162024139e-02 6.193803531610150327e-03 3.377550792159605270e-03 9.999751141645770725e-01 -9.446202587640062376e-03
9.999776248410507939e-01 1.888068724820688837e-03 -6.417555121711254057e-03 6.360535964196531999e+00 -1.907486017931397373e-03 9.999936178707617973e-01 -3.020879811517042986e-03 -3.303223335592526261e-02 6.411810535351500535e-03 3.033053615515064663e-03 9.999748443193082759e-01 -8.255452643402660939e-03
9.999731364351290841e-01 4.639461496245409454e-03 -5.674663436246267338e-03 6.894000333169653771e+00 -4.663855160868126716e-03 9.999799089055750878e-01 -4.293045566446989682e-03 -3.072280139646876504e-02 5.654632006440176231e-03 4.319396048292252661e-03 9.999746836568665920e-01 -4.709806287571449701e-03
9.999404924105725900e-01 9.517393789021813891e-03 -5.332058998690863277e-03 7.543060747665531807e+00 -9.555123124923150385e-03 9.999291726447413486e-01 -7.095725196928850606e-03 1.422320839450746943e-02 5.264148532136038970e-03 7.146251427668994134e-03 9.999606091395624174e-01 2.584957713521518485e-03
9.999550004855571883e-01 7.901212784593854635e-03 -5.250508590701613576e-03 8.234720789295149501e+00 -7.944502671265401758e-03 9.999341955828318085e-01 -8.275831161959370380e-03 2.382089881635601758e-03 5.184773981063943785e-03 8.317171433099811162e-03 9.999519702356299833e-01 6.158437314475850854e-03
9.999321162293829390e-01 1.032135881856123885e-02 -5.406707423692088538e-03 8.869205703943107366e+00 -1.035873581635611725e-02 9.999223237931110786e-01 -6.931303807487204476e-03 1.796488428473488191e-03 5.334746977490114478e-03 6.986839938287824937e-03 9.999613615247158194e-01 4.769909387386306321e-03
9.998919246064806865e-01 1.335603120719445688e-02 -6.144553453213008436e-03 9.534570077998528959e+00 -1.341215708033392968e-02 9.998678609786084692e-01 -9.185566096581873619e-03 3.638404794589850111e-02 6.021058810491110129e-03 9.266985079014298729e-03 9.999389330545873644e-01 1.480465967665978155e-02
9.998921458849964194e-01 1.325925640321455601e-02 -6.315751509508682297e-03 1.016707748359512387e+01 -1.331700868376216838e-02 9.998690772218182810e-01 -9.191610049740724792e-03 4.568433513217565883e-03 6.193050719366866713e-03 9.274725614469972457e-03 9.999378108600376347e-01 1.448032326935244640e-02
9.998889965061062979e-01 1.292075153913097019e-02 -7.419490930968211315e-03 1.113602508287484483e+01 -1.299013496421237354e-02 9.998716209241025332e-01 -9.380728341646568311e-03 -1.336774756346676557e-02 7.297332363420356433e-03 9.476067236584414730e-03 9.999284739870678562e-01 1.574187985303643345e-02
9.998965608294005936e-01 1.209036375592506193e-02 -7.790426547068035439e-03 1.193328846115630171e+01 -1.216761678003411111e-02 9.998765003741482138e-01 -9.946512023861719259e-03 -6.838876324063283829e-03 7.669207483833067295e-03 1.004027408968535297e-02 9.999201848911614121e-01 1.666271147107911688e-02
9.998713652612155611e-01 1.320684934162408286e-02 -9.101212069800959301e-03 1.267115090127854593e+01 -1.329814702039239238e-02 9.998611194563808979e-01 -1.004495322325658219e-02 -3.343583840996142142e-02 8.967285904657893922e-03 1.016469034949060192e-02 9.999081292066803739e-01 1.943114238147414241e-02
9.998683434440610585e-01 1.299475018945144347e-02 -9.717625530037242096e-03 1.354955989190336751e+01 -1.310346768546222056e-02 9.998513181845760656e-01 -1.120895441966943996e-02 -3.085460896707011014e-02 9.570523133263269394e-03 1.133481327944715032e-02 9.998899574927613276e-01 2.096220601659037897e-02
9.998542930301578258e-01 1.329451801470731692e-02 -1.070740397662407924e-02 1.442524538858123506e+01 -1.340362544095106793e-02 9.998583102294381630e-01 -1.018343214108127781e-02 -5.461874962834381564e-02 1.057050302496015740e-02 1.032546637638904335e-02 9.998908186446706647e-01 2.131303928912764434e-02
9.998389799788068855e-01 1.360933902121110213e-02 -1.169615348494797147e-02 1.514450821420484417e+01 -1.371772291185689545e-02 9.998632424939729590e-01 -9.236903569542485523e-03 -5.227035798285786100e-02 1.156884579598311570e-02 9.395860835775041858e-03 9.998889336351832746e-01 2.581037325394941462e-02
9.998040448808327429e-01 1.594707164936120386e-02 -1.172871458150558099e-02 1.592403210822256376e+01 -1.605031663492609978e-02 9.998327938941065085e-01 -8.761939843687803486e-03 -6.999993607140742036e-02 1.158702618633858372e-02 8.948472479475451380e-03 9.998928270892043502e-01 2.650649543295724442e-02
9.997743544901819268e-01 1.580760565396992917e-02 -1.419012710398498585e-02 1.693364172500208653e+01 -1.599360564679824792e-02 9.997863878591551900e-01 -1.309134179365731461e-02 -7.413197937931063908e-02 1.398015315199996854e-02 1.331533908814317921e-02 9.998136111610077537e-01 3.312602457434454806e-02
9.997386640156269433e-01 1.618601781382919547e-02 -1.614362101816666992e-02 1.790200613446307898e+01 -1.638806937371409603e-02 9.997880285568649938e-01 -1.246311103137020052e-02 -8.585670683896702571e-02 1.593847089435253273e-02 1.272441675316914912e-02 9.997920055510756132e-01 3.588016225137424797e-02
9.997568821168495434e-01 1.413355868860771691e-02 -1.692392326825324297e-02 1.895696409357525880e+01 -1.436717607268286900e-02 9.998020640376166224e-01 -1.376288479275915994e-02 -9.145528039784185659e-02 1.672605487527082865e-02 1.400268777477789092e-02 9.997620536024519611e-01 4.180904371196181302e-02
9.998015160321759298e-01 1.497795137652280922e-02 -1.313733277050943213e-02 1.990153143563459892e+01 -1.517864704028374159e-02 9.997675418240100642e-01 -1.531244556572591842e-02 -9.717124773872262700e-02 1.290492982495712593e-02 1.550881322794728234e-02 9.997964490327388987e-01 5.381990035730144228e-02
9.999029914167877342e-01 1.331416673464789167e-02 -4.091542486526316726e-03 2.120028047246137959e+01 -1.336533386199826971e-02 9.998294695096354712e-01 -1.274361608172099210e-02 -9.510967469197566249e-02 3.921174124465357652e-03 1.279706467292289832e-02 9.999104257528486084e-01 6.873912630775391719e-02
9.998792583812937673e-01 1.553881039941782186e-02 1.184493253980430956e-04 2.177827026229810414e+01 -1.553573700739198371e-02 9.997857570050460163e-01 -1.367775440210497288e-02 -8.795776207164109073e-02 -3.309599808039466592e-04 1.367426273033012923e-02 9.999064481261601411e-01 7.689171608011036163e-02
9.998764808518609826e-01 1.493801303862000995e-02 -4.886594494489900596e-03 2.312520924011469603e+01 -1.500885526466984136e-02 9.997778680164787213e-01 -1.479692157405143767e-02 -1.041892383569011232e-01 4.664472418157547887e-03 1.486843606040848600e-02 9.998785787815329673e-01 8.710016758986993679e-02
9.997977764031020786e-01 1.546577895504519518e-02 -1.285363686759110995e-02 2.393213921176727865e+01 -1.563614594311429559e-02 9.997898024168792031e-01 -1.326129417753338022e-02 -1.120047146195080751e-01 1.264583881977967596e-02 1.345959377288674826e-02 9.998294465037591561e-01 8.413250434976449199e-02
9.998391574715932428e-01 1.568140704908432478e-02 -8.703600373001964957e-03 2.505961453082151635e+01 -1.579767787070488622e-02 9.997846757221546810e-01 -1.345494574642991902e-02 -1.320927245972985942e-01 8.490733795463879102e-03 1.359027829394454309e-02 9.998715976441715503e-01 9.852273484669815673e-02
9.998640451440399257e-01 1.603475347971893700e-02 -3.844204604292043425e-03 2.586623362122419678e+01 -1.608619981573705324e-02 9.997760898477495717e-01 -1.374788508217845984e-02 -1.492889558747753920e-01 3.622899899693568949e-03 1.380785463383959848e-02 9.998981036819342139e-01 1.109982621313849727e-01
9.998241192196610783e-01 1.588741395501923684e-02 -9.965977345376294400e-03 2.675325471551100520e+01 -1.602175075931963275e-02 9.997798569999492013e-01 -1.354773190491170322e-02 -1.774432980659374492e-01 9.748544980300092450e-03 1.370502152435311427e-02 9.998585591251316629e-01 1.110683995499179844e-01
9.997886462943764707e-01 1.596408049129381321e-02 -1.295418368417357649e-02 2.743883065181985259e+01 -1.613897073165720952e-02 9.997784774371237804e-01 -1.351035444499287114e-02 -1.783958314920182642e-01 1.273563365437811908e-02 1.371656617284804786e-02 9.998248143789228992e-01 1.120098460377834115e-01
9.998743994364515109e-01 1.444532859627541480e-02 -6.520570016396332047e-03 2.831243844039439495e+01 -1.452811012214294366e-02 9.998121216131482525e-01 -1.283181560396255520e-02 -1.870326328698613261e-01 6.333985149334242330e-03 1.292493547994872163e-02 9.998964079718295483e-01 1.227013023812677517e-01
9.998504300060465644e-01 1.578245063657139624e-02 -7.073320905054722267e-03 2.928764270998940944e+01 -1.588433825492209864e-02 9.997674183719393870e-01 -1.458756182885441975e-02 -1.857876912984021966e-01 6.841448306091001477e-03 1.469773498916140952e-02 9.998685769496227227e-01 1.335603094265414015e-01
9.998577145884912643e-01 1.527585513678153019e-02 -7.155335611785986101e-03 2.989865375254517588e+01 -1.537680931668603500e-02 9.997798923590963671e-01 -1.427307148695062915e-02 -1.819114520238400423e-01 6.935727295353018122e-03 1.438106686839996443e-02 9.998725321772826691e-01 1.380405285137480398e-01
9.997496934760292664e-01 1.389612844256423417e-02 1.753419541614407995e-02 3.056823376744205589e+01 -1.365003624049498758e-02 9.998077321854386135e-01 -1.407747039929107928e-02 -1.934746144718728078e-01 -1.772644649152630217e-02 1.383460431373086282e-02 9.997471564442009795e-01 1.673673184035480155e-01
9.989567379618405907e-01 1.313259212273233667e-02 4.373752056043321568e-02 3.102501226457340522e+01 -1.250452310330124259e-02 9.998151814557115769e-01 -1.460273373861456676e-02 -1.830521153711156535e-01 -4.392120880161860808e-02 1.404058242452269241e-02 9.989363290333298506e-01 1.972741755345288617e-01
9.991561124827017526e-01 1.338811154122754310e-02 3.883067547457992597e-02 3.120520111684695408e+01 -1.281257242845016027e-02 9.998049051975805845e-01 -1.503294816801349978e-02 -1.922934898221428934e-01 -3.902436259848730826e-02 1.452274120874264517e-02 9.991327184671544570e-01 1.950531651610378781e-01
9.999306214969070350e-01 1.177868107789223871e-02 1.219215835312833390e-04 3.128320490855389124e+01 -1.177578536333019794e-02 9.998309567769327888e-01 -1.412050812114214182e-02 -2.251837859147209908e-01 -2.882219353305505503e-04 1.411809273902698246e-02 9.999002932220435458e-01 1.583170696423852331e-01
9.994721896939868788e-01 1.100804166169924193e-02 -3.056411371329714396e-02 3.125596412594999052e+01 -1.142144634583914728e-02 9.998451930385136022e-01 -1.338433865178931086e-02 -2.419347848022909142e-01 3.041204681822954128e-02 1.372636064479429603e-02 9.994431921984235911e-01 1.236543389773947510e-01
9.995785340434153454e-01 1.023331040208845348e-02 -2.716677452015466357e-02 3.130344855640366575e+01 -1.060444992942058233e-02 9.998519228779579882e-01 -1.355278417681613640e-02 -2.407496981460144903e-01 2.702406189507474202e-02 1.383516083981153021e-02 9.995390379586120977e-01 1.276025937475600003e-01
9.999123669520737501e-01 1.042113236734146069e-02 -8.164460575040834514e-03 3.135607801213278378e+01 -1.052586905858806515e-02 9.998614892624800854e-01 -1.289218252957304717e-02 -2.548073359602094357e-01 8.028978568940548302e-03 1.297699079127046309e-02 9.998835598274146141e-01 1.417988793092046507e-01
9.999480486022811476e-01 9.535312181488533184e-03 -3.602487763898236037e-03 3.136604864887536337e+01 -9.580935751869947004e-03 9.998713159245954385e-01 -1.286690566278748081e-02 -2.388155881052452800e-01 3.479334218786757534e-03 1.290075241286680989e-02 9.999107284255810413e-01 1.480390810738785312e-01
9.999338412958060918e-01 9.639839084519678455e-03 -6.275869169742741456e-03 3.136297096784779725e+01 -9.721895130848996064e-03 9.998658989946582754e-01 -1.317834521733909567e-02 -2.457642254982760344e-01 6.147990442082308139e-03 1.323848669701928500e-02 9.998934666670730165e-01 1.437331952330636042e-01
9.999226296169291262e-01 9.581721250636793946e-03 -7.932553046667470409e-03 3.136691626026617286e+01 -9.685344188820284306e-03 9.998668988561040250e-01 -1.312930614389573418e-02 -2.174506635539726895e-01 7.805695863097887079e-03 1.320511983100299512e-02 9.998823410393554711e-01 1.420274776024408325e-01
9.999311665961145845e-01 9.097960993270055169e-03 -7.408722932849460402e-03 3.135571946934618026e+01 -9.192677911421968939e-03 9.998751471182986128e-01 -1.285242576232392860e-02 -2.569250119811739563e-01 7.290867064187068342e-03 1.291964708976719306e-02 9.998899569335260029e-01 1.410291557700209530e-01
9.999386394925251498e-01 7.754128089489272652e-03 -7.911431438556717002e-03 3.131659374463060885e+01 -7.855831241078907456e-03 9.998858519064436345e-01 -1.290616414104858375e-02 -2.478499865164777716e-01 7.810452313847063635e-03 1.296752308252402570e-02 9.998854135248486097e-01 1.415315137858872419e-01
9.999372870671943137e-01 6.998189949758463861e-03 -8.743412956276333178e-03 3.132119120179785909e+01 -7.112887881813084387e-03 9.998881475309024935e-01 -1.315671893746761349e-02 -2.221507226365809218e-01 8.650361765708877021e-03 1.321808475709935170e-02 9.998752189531835421e-01 1.396790899109534578e-01
9.999191075423082831e-01 8.261000606170925201e-03 -9.671310189205353444e-03 3.131116810666181394e+01 -8.387401832125676582e-03 9.998789749860618192e-01 -1.310293369163829068e-02 -1.954221713263633031e-01 9.561896375585691304e-03 1.318299092792902215e-02 9.998673806500024686e-01 1.395101978683266353e-01
9.999033359865091564e-01 9.095791606290998949e-03 -1.051595255327003250e-02 3.131416941634601869e+01 -9.229809242103606537e-03 9.998759030608745935e-01 -1.276671843322813721e-02 -1.935342846344365320e-01 1.039852414538137808e-02 1.286254458705098774e-02 9.998632034645260624e-01 1.383947181503280000e-01
9.998986497628380432e-01 9.170580136753861064e-03 -1.088993399457556868e-02 3.132024386894381252e+01 -9.312578938294817019e-03 9.998713330085885476e-01 -1.306113705404684903e-02 -1.688871635784628122e-01 1.076875461550058817e-02 1.316122667466614049e-02 9.998553975632924473e-01 1.380956586344006531e-01
9.999024737310527877e-01 8.349731979416996283e-03 -1.119486500099901687e-02 3.127041156362433227e+01 -8.495009374731951612e-03 9.998795009345285978e-01 -1.299301453241790381e-02 -1.688736890456846440e-01 1.108502784127799248e-02 1.308684785532054570e-02 9.998529174688495225e-01 1.350933877163891239e-01
9.998998562397254375e-01 9.276347914663486335e-03 -1.068769671818616679e-02 3.126667985047555831e+01 -9.422430507708676184e-03 9.998617543909218419e-01 -1.369999670196219398e-02 -1.674009796429067609e-01 1.055913325520660591e-02 1.379932881239131007e-02 9.998490302186758827e-01 1.369688305211709256e-01
9.998970827575354159e-01 9.182396574366792630e-03 -1.102304341454878045e-02 3.126083189357057179e+01 -9.339241756328203053e-03 9.998546662026382981e-01 -1.426271489674829987e-02 -1.658587357601101209e-01 1.089047548938182168e-02 1.436419388480006561e-02 9.998375205390400700e-01 1.379942700710032888e-01
9.999149035032094401e-01 7.736204992932864399e-03 -1.050413654102879020e-02 3.129666711360171405e+01 -7.887379438955547176e-03 9.998648081453147540e-01 -1.442756660415246348e-02 -1.809425218177522499e-01 1.039110185452905670e-02 1.450918897935495229e-02 9.998407415370763607e-01 1.361304798709102037e-01
9.999135905780265343e-01 7.267883750955717904e-03 -1.095396015783536153e-02 3.129387271760752043e+01 -7.420133457039382666e-03 9.998755366577120052e-01 -1.392310356675914573e-02 -1.741627148813944537e-01 1.085140529316713787e-02 1.400318032568211718e-02 9.998430666579282144e-01 1.316106773398755259e-01
9.999035625704828512e-01 7.517673298244489759e-03 -1.167690656960028786e-02 3.131498561245402712e+01 -7.691451878973422883e-03 9.998592668598573763e-01 -1.490932736445397741e-02 -2.083244703275720644e-01 1.156317978964908726e-02 1.499770191222249416e-02 9.998206648246997785e-01 1.318170630231882967e-01
9.999236534597630843e-01 6.974357023526730516e-03 -1.020027429954466214e-02 3.130021674348114402e+01 -7.129621431742754444e-03 9.998580598119566343e-01 -1.526527848774420805e-02 -1.641927933429371822e-01 1.009236096845543031e-02 1.533683713080163068e-02 9.998314486336714602e-01 1.373371941197452095e-01
9.999061042744319394e-01 9.109385126433474159e-03 -1.023727196791304750e-02 3.129988614667835733e+01 -9.269332031589999632e-03 9.998339900066199881e-01 -1.568667941691696474e-02 -1.462003459700881025e-01 1.009267647429785975e-02 1.578009917773966556e-02 9.998245477840229656e-01 1.375432190246663744e-01
9.999090262911108917e-01 9.087551334130545416e-03 -9.967725533435499094e-03 3.129463820039407196e+01 -9.246666649442826513e-03 9.998286766339121723e-01 -1.603485379891995272e-02 -1.546237480044194978e-01 9.820300272111937706e-03 1.612556328405922307e-02 9.998217480687933145e-01 1.362955213325816040e-01
9.999030340976361453e-01 9.512563678811239778e-03 -1.017022785368846931e-02 3.126835341716484606e+01 -9.667292068144156189e-03 9.998366029506082775e-01 -1.527451682560511913e-02 -1.640273312566434827e-01 1.002326625449892310e-02 1.537135428135916540e-02 9.998316136235884111e-01 1.332466190884793455e-01
9.999236142229209756e-01 5.339137410022254740e-03 -1.114716695335102661e-02 3.124875925891000250e+01 -5.539010357874161322e-03 9.998230545990975937e-01 -1.797717598467827443e-02 -1.528546991692362744e-01 1.104921190059922342e-02 1.803754705733659827e-02 9.997762558755485252e-01 1.351220803830393002e-01
9.999371780940448096e-01 4.964788684768807990e-03 -1.004941484028860736e-02 3.122611037385945565e+01 -5.145955230735956183e-03 9.998232515145470956e-01 -1.808272312569991422e-02 -1.381228491850712281e-01 9.957861722271647148e-03 1.813330097343154867e-02 9.997859892925722303e-01 1.369133961399882082e-01
9.999217505153847885e-01 5.530243452987455496e-03 -1.122092926620840356e-02 3.129485645840824048e+01 -5.736978124460243543e-03 9.998128399512929976e-01 -1.847625910535618046e-02 -2.180422634012365579e-01 1.111665094558733982e-02 1.853918757333995748e-02 9.997663319975697016e-01 1.333111583923023424e-01
9.999123827500122630e-01 7.197589031416342514e-03 -1.110952453194274242e-02 3.127528721571778902e+01 -7.415879555962088220e-03 9.997777533222168556e-01 -1.973445444876949229e-02 -2.365107391617412569e-01 1.096501498414235130e-02 1.981511226599361186e-02 9.997435319982240776e-01 1.330547718686974079e-01
9.998980757342236236e-01 8.603439099132848683e-03 -1.139381317481057837e-02 3.125300775026060052e+01 -8.824819623812554803e-03 9.997704359988640599e-01 -1.952428900746671150e-02 -2.493484041212251090e-01 1.122322153404039721e-02 1.962284735473997579e-02 9.997444589294260942e-01 1.314456065553195607e-01
9.998911530971044126e-01 9.091495473095609348e-03 -1.162009759872423102e-02 3.119968395184928767e+01 -9.311067126039209579e-03 9.997764394923066567e-01 -1.898354722013441409e-02 -2.416875310323181592e-01 1.144491097019049823e-02 1.908967642856640792e-02 9.997522684479078769e-01 1.314578858456907362e-01
9.998863691082642280e-01 8.730507631755602890e-03 -1.228930868609425311e-02 3.117557554971497069e+01 -8.968416984969656072e-03 9.997708213308811320e-01 -1.943893804089254565e-02 -2.346086799300916570e-01 1.211678044176598378e-02 1.954694482178249981e-02 9.997355153138557382e-01 1.287050553627220317e-01
9.998914683006507875e-01 8.348182233904519883e-03 -1.213917101603048665e-02 3.120355178095307025e+01 -8.589487708810499694e-03 9.997638040449570163e-01 -1.996388795940002431e-02 -2.523921657785886397e-01 1.196964161815664007e-02 2.006599050495154815e-02 9.997270045890470636e-01 1.304213054416565321e-01
9.998857012818772594e-01 8.562624697254855866e-03 -1.246057102787881919e-02 3.118417178334133055e+01 -8.810374119171439367e-03 9.997618495901711144e-01 -1.996550555129788726e-02 -2.272180988550939473e-01 1.228664640685514682e-02 2.007300581210085325e-02 9.997230180193615867e-01 1.295570740948028821e-01
9.998782653702176226e-01 8.423571881084723767e-03 -1.313384471536211025e-02 3.122921953570846298e+01 -8.681386158220991134e-03 9.997682860628491763e-01 -1.969791149648271802e-02 -2.390333074335267149e-01 1.296487464709536463e-02 1.980953355623540912e-02 9.997197079210101700e-01 1.244765246683483539e-01
9.999047426073263134e-01 7.137845157446464153e-03 -1.181341939842840520e-02 3.121787204340531474e+01 -7.370054055499166909e-03 9.997781608300998490e-01 -1.973097641781322228e-02 -1.985425540786059928e-01 1.166996206479984331e-02 1.981616243599148772e-02 9.997355308738991031e-01 1.235305622632578704e-01
9.998973869547933546e-01 6.524835539057313206e-03 -1.275312048726315317e-02 3.122809277211387879e+01 -6.775063379147075286e-03 9.997834296861055625e-01 -1.967720105337388697e-02 -1.965661840191602616e-01 1.262196803921391067e-02 1.976158511543580146e-02 9.997250450381558462e-01 1.220270967575749488e-01
9.999172563982544615e-01 4.473360015107613087e-03 -1.206106990116326966e-02 3.125232519617270910e+01 -4.711365781862294003e-03 9.997933008733551619e-01 -1.977772891989032847e-02 -1.819948821502998804e-01 1.197010398680846584e-02 1.983291655139017562e-02 9.997316500099469039e-01 1.231058612684488018e-01
9.999107262876231195e-01 4.977258705952578542e-03 -1.240025607518678401e-02 3.125408117355550175e+01 -5.222522286975717770e-03 9.997898117479767643e-01 -1.982567996074185643e-02 -1.823407436937787285e-01 1.229897214885171224e-02 1.988867066240826778e-02 9.997265506444071859e-01 1.228227219185047403e-01
9.998887565019350943e-01 5.751691632270519543e-03 -1.376200074041334688e-02 3.124820271203860145e+01 -6.033079221238551136e-03 9.997717868925474205e-01 -2.049331814985888914e-02 -1.653323833649759933e-01 1.364098882493965971e-02 2.057406564217063860e-02 9.996952691929824608e-01 1.175559371448207102e-01
9.998897641624882038e-01 5.104047785530027755e-03 -1.394303479463284215e-02 3.123621707955044613e+01 -5.388802687925612137e-03 9.997761067868122797e-01 -2.046208942883100818e-02 -1.333840215809058427e-01 1.383547356153458883e-02 2.053497003664478404e-02 9.996934003367844435e-01 1.158114291295526677e-01
9.998862758573485721e-01 5.590832584135276180e-03 -1.400635367025523416e-02 3.120245467544243567e+01 -5.888825727893905182e-03 9.997552434428911283e-01 -2.132545286718726119e-02 -1.385146721124440317e-01 1.388369848659198706e-02 2.140550862419071318e-02 9.996744705737330428e-01 1.124203025765511121e-01
9.998928881120396905e-01 5.649832124162961627e-03 -1.350154435354756349e-02 3.121878982868633301e+01 -5.930078950728696376e-03 9.997659123974282913e-01 -2.080756044745709146e-02 -1.288062701424086132e-01 1.338082458595736546e-02 2.088539693434706204e-02 9.996923295335895521e-01 1.146434746710043306e-01
9.998876833641087147e-01 5.042479557448563757e-03 -1.411361245983812004e-02 3.123451528062002325e+01 -5.335064864920979928e-03 9.997700369019422162e-01 -2.077042117952777878e-02 -1.329974363586557962e-01 1.400563242559474918e-02 2.084338535364648609e-02 9.996846480502533661e-01 1.150930682385178372e-01
9.998846777080704351e-01 5.536079884320183227e-03 -1.414153825226499572e-02 3.123386393878456957e+01 -5.840610518467513265e-03 9.997499620496126393e-01 -2.158473188549049973e-02 -1.114870007502480886e-01 1.401850753102541237e-02 2.166483790180231614e-02 9.996670026790378527e-01 1.158410433590368882e-01
9.998675148479241326e-01 5.327177162143786025e-03 -1.538096015589805049e-02 3.123533444364639777e+01 -5.647093775676685808e-03 9.997670510556205814e-01 -2.083156152178443354e-02 -1.170077327954801016e-01 1.526640375867559414e-02 2.091565937354858754e-02 9.996646798348169938e-01 1.157835399219284689e-01
9.998714336217198184e-01 4.763203480513331957e-03 -1.531104568107493312e-02 3.125296791798493601e+01 -5.071293542190214755e-03 9.997841742006206012e-01 -2.014663743137093399e-02 -1.346992674457838657e-01 1.521177862886777775e-02 2.022169405824851551e-02 9.996797911733343867e-01 1.178161051185968589e-01
9.998776136698256378e-01 2.431586976886827844e-03 -1.545461312057706815e-02 3.133800890998690747e+01 -2.737914870878605054e-03 9.997995979699342284e-01 -1.983097882902067413e-02 -1.204834235940600989e-01 1.540329523487429970e-02 1.987086520338457105e-02 9.996838936443743773e-01 1.182029685976138111e-01
9.998995165458811618e-01 1.413328890484418995e-03 -1.410529378490874355e-02 3.129022631821132450e+01 -1.693347061639722834e-03 9.998013400565932685e-01 -1.985983375480313354e-02 -1.042565141218706470e-01 1.407442315123785814e-02 1.988172332789350447e-02 9.997032698208372370e-01 1.255118765396274760e-01
9.998952434435890435e-01 1.561320097160642534e-03 -1.438973309127700162e-02 3.125382689566330896e+01 -1.843919132888703150e-03 9.998052858219806938e-01 -1.964663850784963833e-02 -1.033437651934594192e-01 1.435625651468230152e-02 1.967111389781871222e-02 9.997034286111577961e-01 1.265094042738956759e-01
9.998694777277115087e-01 9.927815624128939059e-04 -1.612581449976720552e-02 3.126681338288016931e+01 -1.330567724610262582e-03 9.997796451857003941e-01 -2.094971746551097663e-02 -3.140256877522479284e-03 1.610146260567020191e-02 2.096843954909006005e-02 9.996504726377291039e-01 1.239835233362249767e-01
9.998722660947741980e-01 3.388026666493418760e-04 -1.597925865777461568e-02 3.133363467259833612e+01 -6.471718412702348860e-04 9.998135886277063067e-01 -1.929686927961925952e-02 -1.059749665503960936e-01 1.596974211147010603e-02 1.930474574139526625e-02 9.996860977970805084e-01 1.154765544342057915e-01
9.998465881401367161e-01 -3.265335039574843255e-03 -1.720865397423686910e-02 3.116125929295969144e+01 2.923830404744035254e-03 9.997990340861560021e-01 -1.983286807683302261e-02 -6.113042241855116965e-02 1.726995658043150098e-02 1.977951029394038260e-02 9.996552003427194855e-01 1.104888462563358154e-01
9.998760381678782894e-01 -3.406988031353779933e-03 -1.537207631582218105e-02 3.113705347827373515e+01 3.087704246746301052e-03 9.997799999089693745e-01 -2.074651451461245744e-02 -4.723038453532736602e-02 1.543937758427700244e-02 2.069647831334146121e-02 9.996665851198768271e-01 1.203978755239281107e-01
9.999312850032322508e-01 -4.447197290008982062e-03 -1.084655281858360951e-02 3.112154044147587939e+01 4.214437424766930528e-03 9.997623548649773317e-01 -2.138860238601861252e-02 -2.580805919377260338e-02 1.093909452264271893e-02 2.134142055014648376e-02 9.997123986326903466e-01 1.523709053980129013e-01
9.999329083194161694e-01 -1.563830632925981802e-03 -1.147751251898006947e-02 3.128520366057593094e+01 1.315259827122480362e-03 9.997651165616143754e-01 -2.163288695778093143e-02 1.483185400362515005e-01 1.150864681267873071e-02 2.161633965990759215e-02 9.997000974833648579e-01 1.591131392042970383e-01
9.999264786678001560e-01 -2.977029225022237782e-03 -1.175476737347349449e-02 3.125579502569168255e+01 2.714627123731245574e-03 9.997481683413389497e-01 -2.227623616583549945e-02 1.523876476299806104e-01 1.181812415699787927e-02 2.224268857693105506e-02 9.996827470484225264e-01 1.585392910659164656e-01
9.998899471274826922e-01 -3.996830319647854020e-03 -1.428702141082583213e-02 3.124681548822972132e+01 3.691443428586631444e-03 9.997655048359656016e-01 -2.133796113736250583e-02 1.629176244477107405e-01 1.436895538342985133e-02 2.128287310214465461e-02 9.996702318433353662e-01 1.614709370222193741e-01
9.999031927490418248e-01 -3.268865768633151189e-03 -1.352477899475041691e-02 3.122659982025800574e+01 2.977892242299272005e-03 9.997648734780145707e-01 -2.147859206936104243e-02 1.655421459487990132e-01 1.359180959487876067e-02 2.143623745146112231e-02 9.996778233190242169e-01 1.582871276365618307e-01
9.998504602272257902e-01 -4.821433745377656267e-03 -1.660755731712266689e-02 3.090319261662076400e+01 4.435407495001045079e-03 9.997209365993691144e-01 -2.320293268603653911e-02 2.167558007392654251e-01 1.671479415834579985e-02 2.312580164055699425e-02 9.995928235810452867e-01 1.655171463704565582e-01
9.998481699393731992e-01 -4.345860941942258568e-03 -1.687455366987245658e-02 3.095382629046406109e+01 3.968326845544266866e-03 9.997425022414407891e-01 -2.234237216745556948e-02 1.808685347055384307e-01 1.696730535267869724e-02 2.227201617940014963e-02 9.996079570733591435e-01 1.625789095472178758e-01
9.998472676076007870e-01 -4.651911016347164834e-03 -1.684639966011617154e-02 3.089748966785523265e+01 4.263305842726962218e-03 9.997256736545496736e-01 -2.303045069571599962e-02 2.025488720474907800e-01 1.694891385616629359e-02 2.295511184578337069e-02 9.995928156800872877e-01 1.646926148630409870e-01
9.998515890329597866e-01 -5.964774402951484623e-03 -1.616234434062400679e-02 3.090657118500817546e+01 5.579044679986787381e-03 9.997010096778893296e-01 -2.380683745201772269e-02 2.363819845993963831e-01 1.629951437073259846e-02 2.371313381503967199e-02 9.995859208271939966e-01 1.678491973221816203e-01
9.998498370269942592e-01 -6.547764750657511165e-03 -1.604463068633263725e-02 3.084809534168242706e+01 6.151787024353786056e-03 9.996782970457731565e-01 -2.460605478473537264e-02 2.522866820523485543e-01 1.620058373941363900e-02 2.450365671552827071e-02 9.995684628348729950e-01 1.687129588229896449e-01
9.998367157159010477e-01 -5.950317669386024147e-03 -1.706269691671279815e-02 3.089725458711727413e+01 5.517211353962047336e-03 9.996641999327807726e-01 -2.531892082274759051e-02 2.261646669811174237e-01 1.720762288388263950e-02 2.522064813572883965e-02 9.995337996397625213e-01 1.674468878367010305e-01
9.998457167324343864e-01 -4.646157191884329324e-03 -1.693977435359100142e-02 3.087770806302343019e+01 4.227939507766710625e-03 9.996874171390328634e-01 -2.464127718702066594e-02 2.647414171197112753e-01 1.704896651767914134e-02 2.456585510901711233e-02 9.995528257693251373e-01 1.682588400472604384e-01
9.998358411140283453e-01 -7.174792569639793817e-03 -1.663770342877864822e-02 3.092805420362187974e+01 6.755013085887350867e-03 9.996608408276300706e-01 -2.515100622251180765e-02 2.808218338304734329e-01 1.681251385161787806e-02 2.503448955696879058e-02 9.995452034353485837e-01 1.699137513209358907e-01
9.998527835454875667e-01 -6.773580817582238421e-03 -1.576482918543580664e-02 3.092154901129956102e+01 6.395325567842262242e-03 9.996933815698892944e-01 -2.392159393185360264e-02 2.993834352029464685e-01 1.592203024804282954e-02 2.381725106444643192e-02 9.995895295092454003e-01 1.675101244913528298e-01
9.998411186439741805e-01 -8.174952534382091615e-03 -1.584006375696819791e-02 3.092607190507718329e+01 7.789853526196891843e-03 9.996762358556492423e-01 -2.422275061838130225e-02 2.869722142609692495e-01 1.603295514883693734e-02 2.409551029840402425e-02 9.995810876225378339e-01 1.667604658148422736e-01
9.998495224857407715e-01 -7.514562284867175659e-03 -1.563533621963591330e-02 3.096293805394257248e+01 7.149184824623466133e-03 9.997030766833305826e-01 -2.329479826540356915e-02 2.531776682329757167e-01 1.580574393622716234e-02 2.317951301363616046e-02 9.996063668440062777e-01 1.652387123119849477e-01
9.998455531892439518e-01 -8.159755684935559097e-03 -1.556560807855509113e-02 3.095162870571139280e+01 7.809076434368579164e-03 9.997172796835156472e-01 -2.245838434601067288e-02 2.812536027606620248e-01 1.574446229425471508e-02 2.233336269694087897e-02 9.996265966938417957e-01 1.616781161918687815e-01
9.997996714626010695e-01 -1.190660517634617964e-02 -1.608880655760046643e-02 3.077832666241091175e+01 1.155169496119097527e-02 9.996917773433936505e-01 -2.197518271892196645e-02 3.471178034171097937e-01 1.634549744721396428e-02 2.178492747706584770e-02 9.996290520228106047e-01 1.573438449838180375e-01
9.997863444401362543e-01 -1.358654363534478327e-02 -1.557791074156287744e-02 3.070431087102793555e+01 1.323338180041799990e-02 9.996580403649955038e-01 -2.255393401917086746e-02 3.800068108146785750e-01 1.587901373359174723e-02 2.234296680527499135e-02 9.996242537859851840e-01 1.569643561078333249e-01
9.997955193456371514e-01 -1.237322667431138730e-02 -1.599446023008701742e-02 3.064360004824395389e+01 1.201579814485218174e-02 9.996801565398035772e-01 -2.225320685869286094e-02 4.206052872873390913e-01 1.626468847927603489e-02 2.205647030283218804e-02 9.996244154813613836e-01 1.597503419895089927e-01
9.998138949185318980e-01 -1.239292363309737847e-02 -1.478482234107064523e-02 3.057734290717935011e+01 1.204205231403970670e-02 9.996492031903264630e-01 -2.358939458763609914e-02 4.362703003491215092e-01 1.507197743823741540e-02 2.340696487734968828e-02 9.996123996286425673e-01 1.676288111238002365e-01
9.998193931699581594e-01 -1.184884172635370693e-02 -1.485886910227069216e-02 3.056369338526478785e+01 1.151634508011505249e-02 9.996857420421387808e-01 -2.226636372769117203e-02 4.185910245286122433e-01 1.511803020404135431e-02 2.209122240623980285e-02 9.996416473193524554e-01 1.659998599808041320e-01
9.997643623220280329e-01 -1.447387329650621710e-02 -1.617797337812521691e-02 3.059112840363417618e+01 1.410009573669874020e-02 9.996363915649170151e-01 -2.298416757873483762e-02 4.338136153337038281e-01 1.650476085990269445e-02 2.275064066939919485e-02 9.996049225659556781e-01 1.623350204826907728e-01
9.997383038371574493e-01 -1.604239959062295912e-02 -1.630844125525549027e-02 3.057634391475407654e+01 1.563678322551540628e-02 9.995725595019037124e-01 -2.470201006337073221e-02 4.553649925243888896e-01 1.669774988313038958e-02 2.444053408146822787e-02 9.995618267234169796e-01 1.582966477487151025e-01
