1.000000000000000000e+00 0.000000000000000000e+00 0.000000000000000000e+00 0.000000000000000000e+00 0.000000000000000000e+00 1.000000000000000000e+00 0.000000000000000000e+00 0.000000000000000000e+00 0.000000000000000000e+00 0.000000000000000000e+00 1.000000000000000000e+00 0.000000000000000000e+00
9.999997823151578480e-01 -4.195810275075157218e-04 5.092360928393782626e-04 1.484924742706295042e-02 4.200249411644263031e-04 9.999995316575874815e-01 -8.719309916985862417e-04 -1.170957454988041241e-02 -5.088700086411055432e-04 8.721446937523596402e-04 9.999994902073437997e-01 4.853705525660334530e-04
9.999999939226642542e-01 5.901564054236072622e-05 9.312263697035801731e-05 3.988677443209454054e-02 -5.893451308459765126e-05 9.999996189847532024e-01 -8.709518191024229498e-04 -9.628243046785736614e-03 -9.317400126869954092e-05 8.709463256720893862e-04 9.999996163854780740e-01 -1.428371719778276372e-04
9.999985025324872323e-01 7.696404039092856128e-05 -1.728875160231767251e-03 1.031242460088684920e-01 -7.534943263772643865e-05 9.999995610277564451e-01 9.339522243095555679e-04 -1.647807762535855036e-02 1.728946282040274250e-03 -9.338205559840162323e-04 9.999980693600978299e-01 -4.940005339430175724e-03
9.999679368141716207e-01 4.440317587033003311e-04 -7.995509952863664310e-03 1.754402741547158584e-01 -4.443367093361102853e-04 9.999999006212729746e-01 -3.636389815700459099e-05 -4.433546131099106412e-03 7.995493011554409557e-03 3.991543079650012319e-05 9.999680347382412515e-01 -9.976257616095551839e-03
9.999415708777033007e-01 -2.844499590001281671e-03 -1.042898138428091995e-02 1.533533703904412793e-01 2.835564977624760279e-03 9.999956001101373282e-01 -8.713963645736799235e-04 -2.323731724644599247e-02 1.043141418451320503e-02 8.417733952833575655e-04 9.999452370083382613e-01 -1.364255703062644542e-02
9.999440856861536719e-01 -2.725645223739073340e-03 -1.021745366501957547e-02 2.660998100267142341e-01 2.703147048284710360e-03 9.999938931468101977e-01 -2.215099347996052868e-03 -1.779007334066645685e-02 1.022342884348804125e-02 2.187356212520323497e-03 9.999453469942650718e-01 -1.118145809288906278e-02
9.999611242078852991e-01 7.477210977216618365e-04 -8.785840088606073489e-03 4.191504982799197920e-01 -7.587567446929495288e-04 9.999989273822970093e-01 -1.252805834125745102e-03 -4.236339453725028459e-03 8.784893915404934361e-03 1.259423445731600467e-03 9.999606189703066361e-01 -9.103744943556923985e-03
9.999598396816690160e-01 6.085967375889518149e-04 -8.941399992282821063e-03 5.242215168502538658e-01 -6.113795815173594418e-04 9.999997655209531544e-01 -3.085012901062880925e-04 -1.795589686553313025e-02 8.941210142833172156e-03 3.139554899817330151e-04 9.999599772956572208e-01 -1.154621389846810509e-02
9.999241398139823156e-01 -9.889913176469118574e-04 -1.227747993040029413e-02 7.271222237038054148e-01 9.593719023149085414e-04 9.999966160607817178e-01 -2.418154779708016518e-03 -2.168139051844702667e-02 1.227982991823631416e-02 2.406192668760145925e-03 9.999217049419515391e-01 -9.596276255173119552e-03
9.999183791684704836e-01 -5.268504168391854956e-04 -1.276547804578501664e-02 8.778388962250408545e-01 4.827656974392793604e-04 9.999939105554129792e-01 -3.456268128220564128e-03 -4.104990430429936166e-02 1.276722124741788873e-02 3.449823289830028332e-03 9.999125445662174760e-01 -6.087518545503822764e-03
9.999021046600164997e-01 7.546465085661567280e-04 -1.397181466799636042e-02 1.064727847984918485e+00 -8.101487212400433928e-04 9.999918024279045303e-01 -3.967207587251306983e-03 -9.929292701021944639e-03 1.396870629368383507e-02 3.978138463902445958e-03 9.998945192663285519e-01 -1.470789837858488269e-02
9.999069488493753655e-01 -1.749031241260019624e-03 -1.352902555434867642e-02 1.307987646252270597e+00 1.693474154027356775e-03 9.999900916845704257e-01 -4.116877211464120209e-03 -4.157413540730322404e-02 1.353609205135530846e-02 4.093583076197145412e-03 9.999000033951269684e-01 -1.393136084161206156e-02
9.999070676529145940e-01 -9.716014673537034770e-04 -1.359823695701179759e-02 1.592970761960364356e+00 9.231611776261101432e-04 9.999932082963590707e-01 -3.568071551240814196e-03 -4.046638157662818536e-02 1.360161134537115311e-02 3.555186597534111710e-03 9.999011735251966959e-01 -1.471435993507430595e-02
9.998982251991912484e-01 1.338469707869357865e-03 -1.420379323804996617e-02 1.891900972500229594e+00 -1.387129223318040458e-03 9.999932016336187113e-01 -3.416512704912530278e-03 -2.814833883129942704e-02 1.419912377669744694e-02 3.435867486694990734e-03 9.998932841551578798e-01 -1.420952440639156045e-02
9.998978145633623527e-01 3.863091476825766292e-03 -1.376360983370552085e-02 2.198071695468447828e+00 -3.909969759859962396e-03 9.999866414838840534e-01 -3.380678964238558598e-03 -1.137308284734793451e-02 1.375036610020910141e-02 3.434148806318762775e-03 9.998995619831453352e-01 -1.339135807361246933e-02
9.998876652494104178e-01 3.353124082840247544e-03 -1.460867690685605479e-02 2.573717638624474446e+00 -3.388280337599662660e-03 9.999914217147388706e-01 -2.382446912172272047e-03 -1.616955113222949547e-02 1.460056294934095750e-02 2.431677573314444240e-03 9.998904492521875076e-01 -1.839727872250973562e-02
9.998797703129966852e-01 6.174965840215960317e-03 -1.422373775426052055e-02 2.817183200285164446e+00 -6.200970926156564728e-03 9.999791808098100754e-01 -1.784910786032674508e-03 -1.147535681783302779e-02 1.421241986442740857e-02 1.872897171042983483e-03 9.998972444095359791e-01 -1.653127242273311204e-02
9.998792690908316905e-01 5.715544179277501184e-03 -1.444921441184711386e-02 3.242264691197591198e+00 -5.740825136615981296e-03 9.999820613541565706e-01 -1.708770506094208722e-03 -1.202220316313038460e-02 1.443918865918722601e-02 1.791514617977331544e-03 9.998941445504306857e-01 -1.320207366273074001e-02
9.998794712887897340e-01 3.345496882028916371e-03 -1.516082273042801409e-02 3.557675002266360575e+00 -3.369873255740625084e-03 9.999930696548126052e-01 -1.582591730415366807e-03 -2.443250096799976998e-02 1.515542310499352896e-02 1.633491033728019228e-03 9.998838156793772303e-01 -1.444229218780579416e-02
9.998914653851906920e-01 2.638125897799927996e-03 -1.449474875960319285e-02 4.011801702762317845e+00 -2.668236110895446517e-03 9.999943217925650885e-01 -2.058372824387419593e-03 -3.626174845502620064e-02 1.448923620875766476e-02 2.096824831744518482e-03 9.998928269368229094e-01 -6.264978262371823092e-03
9.998713400031347120e-01 2.889713343511152600e-03 -1.577824442479941122e-02 4.303721349618275127e+00 -2.914071153244736628e-03 9.999945973800375976e-01 -1.520986538490877536e-03 -3.483960101430463169e-02 1.577376396584552129e-02 1.566769775294753718e-03 9.998743589085683503e-01 -1.012906260040491446e-02
9.998772792222174743e-01 3.720020279191261353e-03 -1.521801380925671965e-02 4.847899726576410551e+00 -3.726286060006607417e-03 9.999929838736626442e-01 -3.834001136553595872e-04 -4.933734118065488672e-02 1.521648078155138015e-02 4.400597352136296375e-04 9.998841258166135670e-01 -7.378270540976838987e-03
9.998746625719873160e-01 2.060734617955858189e-03 -1.569753227069132021e-02 5.382805664450901695e+00 -2.067011265746007773e-03 9.999977901417415049e-01 -3.836353219088468641e-04 -6.151987435128206810e-02 1.569670701078145977e-02 4.160342140922328419e-04 9.998767125523775334e-01 -4.774893199888996520e-03
9.998781815395786365e-01 1.871606480090527496e-03 -1.549577911205081773e-02 5.834000231487601162e+00 -1.875161934618686235e-03 9.999982187868852179e-01 -2.149203918155713163e-04 -7.344419328429475924e-02 1.549534926436780917e-02 2.439513056825025675e-04 9.998799101086766061e-01 -2.307848762214792515e-03
9.998487232772652611e-01 -2.869571439750303460e-03 -1.715506107756362836e-02 6.398492384446698544e+00 2.855765117868559657e-03 9.999955784744044562e-01 -8.292389471413461922e-04 -8.702291067951166414e-02 1.715736478642142585e-02 7.801226775708461738e-04 9.998524972425647528e-01 -2.109960714550052074e-03
9.998638346918602426e-01 -1.547910698590020465e-03 -1.642912194116400229e-02 6.993872927296174602e+00 1.577255571793844541e-03 9.999971837561317800e-01 1.773342794047494224e-03 -9.290749121957075918e-02 1.642633069646690092e-02 -1.799014250400889081e-03 9.998634602822410455e-01 -2.224807561321817673e-04
9.998448774662350713e-01 -2.348851771119748241e-03 -1.745576981650208415e-02 7.605820250052977904e+00 2.344291382725099092e-03 9.999972124643502491e-01 -2.817116264401495641e-04 -9.001134660159454404e-02 1.745638285677413720e-02 2.407465158592048962e-04 9.998475967559616873e-01 5.524454266082834408e-03
9.998244154019672036e-01 -4.860453834678713989e-03 -1.809735766998605069e-02 8.280181046630753272e+00 4.792125823263319005e-03 9.999812327172240556e-01 -3.817033328839108779e-03 -7.752691153508430022e-02 1.811557054603741418e-02 3.729638301553214220e-03 9.998289433207715460e-01 1.894364447148122466e-02
9.998268066562622236e-01 -3.746256327835981344e-03 -1.822970803570402726e-02 8.792269339400366590e+00 3.697004291167712599e-03 9.999894267406189696e-01 -2.734696735996234446e-03 -8.073761408294852226e-02 1.823976016322446589e-02 2.666827795889686707e-03 9.998300851538197698e-01 2.231172005813064629e-02
9.998316800447625274e-01 -1.708048595119070548e-03 -1.826729725120294912e-02 9.574149970970941226e+00 1.661412615770887103e-03 9.999953229218881967e-01 -2.567847827927050106e-03 -7.207587254645204944e-02 1.827159782250178596e-02 2.537066089786411960e-03 9.998298415273810802e-01 3.027712999908338531e-02
9.998220700565555452e-01 -5.023857837544159523e-03 -1.818210879550544862e-02 1.037663864310149009e+01 5.022771315351479832e-03 9.999873802474571471e-01 -1.054236220665508822e-04 -8.428955479436617271e-02 1.818240897508172429e-02 1.408028953677350948e-05 9.998346862384839273e-01 3.155704315439589180e-02
9.998289723721510702e-01 -4.172080509923744608e-03 -1.801720703845125643e-02 1.104165240698873340e+01 4.173783138395543643e-03 9.999912881105168516e-01 5.689799449029854338e-05 -7.245231959053408111e-02 1.801681269152087886e-02 -1.320881782993417485e-04 9.998376753319266896e-01 3.699898327764827854e-02
9.998094054823994936e-01 2.930924714068141430e-04 -1.952093250163019003e-02 1.186952611462867502e+01 -2.614315787663592312e-04 9.999986464448473722e-01 1.624426668481443806e-03 -6.161367521839806322e-02 1.952138218619831056e-02 -1.619013673461296371e-03 9.998081288088555008e-01 3.937655635781123209e-02
9.997253496579345811e-01 -1.093228850693269381e-02 -2.072945535514340160e-02 1.235433833332238862e+01 1.096069967242828576e-02 9.999391390950786995e-01 1.257445220151755813e-03 -8.213209541827966309e-02 2.071444698780361415e-02 -1.484309196912651178e-03 9.997843309995394501e-01 4.834063082389228327e-02
9.997256371857584645e-01 -1.069428112081348935e-02 -2.083945068464071460e-02 1.323207121764926519e+01 1.074840306056220642e-02 9.999391419452500207e-01 2.486812707619660487e-03 -6.921372011177984174e-02 2.081158776201990843e-02 -2.710121234205936126e-03 9.997797422721260707e-01 5.663828166262696584e-02
9.996887658196630388e-01 -1.281553267400301239e-02 -2.140405606981573422e-02 1.390728200998773900e+01 1.286904701410749967e-02 9.999143951362480243e-01 2.364324059361771688e-03 -6.198960882788112636e-02 2.137192370627747154e-02 -2.639038004756158809e-03 9.997681112915643986e-01 6.411501162819854827e-02
9.996300123021276685e-01 -1.656387504991389814e-02 -2.157490551957004857e-02 1.478454141945012523e+01 1.662774775359289817e-02 9.998578722461247681e-01 2.784476987334518101e-03 -5.463394340164130780e-02 2.152571739781092286e-02 -3.142188851891208369e-03 9.997633570699259176e-01 7.329152317255527294e-02
9.995366542313826042e-01 -2.081886474108026255e-02 -2.220476793001502705e-02 1.559820883360258215e+01 2.087408336120701036e-02 9.997795629893272418e-01 2.257891205830443986e-03 -3.451409435180673169e-02 2.215286644573560143e-02 -2.720349198281615463e-03 9.997508940773579544e-01 8.566494038178484871e-02
9.994934975314399006e-01 -2.236053253151892156e-02 -2.264409365101956520e-02 1.653971671500796603e+01 2.244345520181331016e-02 9.997422831306056468e-01 3.414474982538533415e-03 -1.840520835382417758e-02 2.256190840716844684e-02 -3.920957243973367638e-03 9.997377588064367826e-01 9.854541458581334012e-02
9.994047341992288169e-01 -2.492553109639249892e-02 -2.385152321615916643e-02 1.746920822464327117e+01 2.500589950242569637e-02 9.996825675962484059e-01 3.077179592575206984e-03 -1.619288213087807793e-03 2.376725163418761180e-02 -3.671776645323969902e-03 9.997107760777732555e-01 1.034879779966315638e-01
9.993586961779967748e-01 -2.940030209274567888e-02 -2.044061178803169981e-02 1.841270126268251772e+01 2.944830238343707982e-02 9.995642000871156618e-01 2.051192564438900426e-03 2.323223810622146446e-02 2.037139809015027503e-02 -2.651818443644070062e-03 9.997889647314548434e-01 1.223025031054052469e-01
9.993986744267873146e-01 -3.241296090825027815e-02 -1.231622990773354777e-02 1.926802137171467066e+01 3.244224929686544828e-02 9.994712218351291533e-01 2.185677000931326650e-03 5.392173964322176383e-02 1.223887309109555205e-02 -2.583928898520089154e-03 9.999217635879853461e-01 1.452235607884100332e-01
9.991881118224837932e-01 -3.983971492058685504e-02 -5.992854717549720746e-03 2.043209882722684512e+01 3.985841549655433358e-02 9.992007312019930421e-01 3.034053312782980603e-03 9.785727004506743210e-02 5.867188996727845836e-03 -3.270455694110964689e-03 9.999774398519343244e-01 1.686998617832244918e-01
9.989703929545991068e-01 -4.226685349236750100e-02 -1.648232677713559052e-02 2.133448078959120053e+01 4.235889716319091169e-02 9.990885300837356597e-01 5.275688223998066355e-03 1.372323401071564308e-01 1.624431689089305547e-02 -5.968429523196099214e-03 9.998502387946778258e-01 1.724310481371884585e-01
9.986847009283280618e-01 -4.585372974968735665e-02 -2.294130771638859881e-02 2.220785661557794199e+01 4.599428242168302622e-02 9.989258000325560438e-01 5.636666907882169862e-03 1.731632280952683511e-01 2.265820196330349881e-02 -6.684421991361226903e-03 9.997209232512996868e-01 1.811883318684373023e-01
9.986176830124963155e-01 -4.971512388207407346e-02 -1.706252127158024504e-02 2.306076959174757590e+01 4.979145109358985161e-02 9.987513116728686802e-01 4.077846210569217866e-03 2.097477811154465077e-01 1.683848487090649354e-02 -4.921777027907147523e-03 9.998461089278386504e-01 2.007933170546056800e-01
9.985518642949793300e-01 -5.282255662938072083e-02 -1.019567673854608267e-02 2.381308225584668037e+01 5.287005843445631570e-02 9.985914989509510065e-01 4.446925232988199923e-03 2.539182953192763992e-01 9.946418157217928185e-03 -4.979531506726513762e-03 9.999381346022436778e-01 2.184466201678638697e-01
9.982733101274050558e-01 -5.672185572302181067e-02 -1.526529955848392184e-02 2.475685004319712945e+01 5.679304309103816450e-02 9.983768387547667933e-01 4.270608211435785936e-03 2.987774450485373157e-01 1.499828469302510146e-02 -5.130197011109865167e-03 9.998743583745378638e-01 2.292799792950486193e-01
9.978866918642923522e-01 -6.170095168091952603e-02 -2.037505243692796716e-02 2.547410502150086842e+01 6.181917638107965046e-02 9.980736949919585266e-01 5.223867978968499241e-03 3.388510214304475410e-01 2.001348624562177339e-02 -6.472397296640883257e-03 9.997787597471404775e-01 2.376219127763383732e-01
9.977611904908441076e-01 -6.513203340953714615e-02 -1.517975540752897201e-02 2.628689436190101958e+01 6.525371493598407235e-02 9.978392809802133501e-01 7.663029423261446746e-03 3.981845816199725552e-01 1.464784753289008826e-02 -8.636408792280570942e-03 9.998554160506535338e-01 2.558489248637787483e-01
9.975013569721705720e-01 -6.962128938111043774e-02 -1.199662050704299043e-02 2.710579815117161218e+01 6.971013024741583297e-02 9.975416430409479451e-01 7.153190900004280546e-03 4.650653172141788194e-01 1.146911415788687098e-02 -7.971603607510044723e-03 9.999024517203454199e-01 2.695305657565945090e-01
9.972387397346483828e-01 -7.229515686456780554e-02 -1.697958381049518087e-02 2.771700927156270211e+01 7.239856692170580643e-02 9.973603060808067244e-01 5.555840357690638651e-03 5.134773960269318760e-01 1.653310255618645197e-02 -6.769796771277161729e-03 9.998404004497627451e-01 2.752405953021526130e-01
9.969586908732843700e-01 -7.684989868392246015e-02 -1.294070185490412729e-02 2.859349079546721484e+01 7.695053912616636738e-02 9.970069516019958167e-01 7.466792181741463766e-03 5.710397341723226772e-01 1.232814748528752134e-02 -8.439877342937706153e-03 9.998883863962101382e-01 2.849106944289130361e-01
9.967052140704407703e-01 -7.967503000687957415e-02 1.518571164613133698e-02 2.909657056889226823e+01 7.951742223853380809e-02 9.967758837465195976e-01 1.071527609915547824e-02 6.107989945225223982e-01 -1.599049109112462771e-02 -9.472442913274601098e-03 9.998272735927535848e-01 3.156459138098934858e-01
9.960478651156371432e-01 -8.078892673550226722e-02 3.690257058128786072e-02 2.943732151172896749e+01 8.037186244077990094e-02 9.966846596423512006e-01 1.265120395095770990e-02 6.425704929710869262e-01 -3.780230318884861274e-02 -9.635276360023510914e-03 9.992387839365942659e-01 3.459612132222891212e-01
9.962986174405399353e-01 -8.162987204436820965e-02 2.693749944015738987e-02 2.951296042760389327e+01 8.132434712147229572e-02 9.966123954808622232e-01 1.225086687388445526e-02 6.502836182903213302e-01 -2.784628254066746911e-02 -1.001484717384337753e-02 9.995620477913061963e-01 3.409009430689218245e-01
9.967331068413671780e-01 -8.070500178377591760e-02 -3.133115611686719624e-03 2.950083383813443660e+01 8.073448368283031584e-02 9.966768161084694766e-01 1.082900624937436877e-02 6.093017250689723996e-01 2.248748723683362434e-03 -1.104657951417164878e-02 9.999364560861927487e-01 3.068838671003910612e-01
9.959734013594557789e-01 -8.032139661695453237e-02 -3.981779790468011754e-02 2.949567255813370892e+01 8.066698517514932221e-02 9.967154823650549167e-01 7.147357312044143145e-03 6.001737394239218260e-01 3.911292992385374812e-02 -1.033055948609191629e-02 9.991813940689026063e-01 2.680208480339048016e-01
9.963045633807270374e-01 -7.947848916478365833e-02 -3.256358006764258073e-02 2.951753281366797310e+01 7.981418917574661931e-02 9.967678525024754599e-01 9.140209178107178145e-03 5.970797636006803799e-01 3.173187975769046348e-02 -1.170546785416099779e-02 9.994278712490253236e-01 2.737666489147336790e-01
9.966368698897841716e-01 -8.020445245046745053e-02 -1.679867207292451078e-02 2.953087785665615783e+01 8.039509435738957654e-02 9.967024040250843653e-01 1.099757309054672817e-02 6.044896491926323723e-01 1.586122251150159923e-02 -1.231111764772823726e-02 9.997984086818222371e-01 2.927032354119973867e-01
9.965752001710892483e-01 -8.202364450699180243e-02 -1.048771403803943833e-02 2.948857255678990441e+01 8.213598114455449017e-02 9.965629314269034422e-01 1.077052957083907310e-02 6.213311919653554671e-01 9.568228957045100957e-03 -1.159506134548548423e-02 9.998869953884887973e-01 2.986189380517889624e-01
9.964238158750542418e-01 -8.345121061435376020e-02 -1.324668275435892523e-02 2.942159065975359056e+01 8.360683647492676840e-02 9.964305556802729447e-01 1.166381590027386513e-02 6.179824807231921735e-01 1.222603990058532958e-02 -1.272961718589394817e-02 9.998442282649080415e-01 2.910712680518021678e-01
9.963246464980106687e-01 -8.426133878876736205e-02 -1.540212862362098922e-02 2.932640886731074659e+01 8.445738319354080537e-02 9.963480075826398608e-01 1.255381257632424280e-02 6.161221374808691920e-01 1.428807911209195591e-02 -1.380849635646990564e-02 9.998025686222554720e-01 2.850785391487637987e-01
9.962810762145116739e-01 -8.458705679029768221e-02 -1.640265223703547132e-02 2.933718112860509919e+01 8.479656911289633336e-02 9.963195318721000948e-01 1.252726134633799088e-02 6.146287857489241002e-01 1.528263863133442514e-02 -1.387156205020266195e-02 9.997869876742502271e-01 2.828056773702720683e-01
9.962797697144559761e-01 -8.454251575359171544e-02 -1.670878474827958496e-02 2.929215612835896110e+01 8.475047991798732860e-02 9.963280549779516271e-01 1.215578123861360549e-02 6.019769075872201114e-01 1.561975068243594104e-02 -1.352663645936832103e-02 9.997865039570771328e-01 2.795827350061683703e-01
9.961878199467194550e-01 -8.535458464404999113e-02 -1.801172590408750204e-02 2.928189716370515328e+01 8.557897468085563786e-02 9.962581917120463260e-01 1.207702526350835741e-02 6.047918294944822915e-01 1.691350000371676793e-02 -1.357241050380027410e-02 9.997648339438331977e-01 2.758683435350528512e-01
9.961405906763556306e-01 -8.576254100871358310e-02 -1.867378287037530643e-02 2.928781782800780675e+01 8.601170082962707186e-02 9.962096464349625702e-01 1.297411539643262592e-02 6.034322294044204282e-01 1.749030952716149404e-02 -1.453020680010974272e-02 9.997414476568379227e-01 2.754275471474403325e-01
9.961875296602983321e-01 -8.513735865762937782e-02 -1.902724126388549014e-02 2.931310055077032928e+01 8.537884953221348827e-02 9.962731215153367570e-01 1.226048117493964279e-02 6.069542516861177184e-01 1.791250406469065831e-02 -1.383826242299213138e-02 9.997437895237182293e-01 2.762249431739216554e-01
9.964336764813328529e-01 -8.214189167840468819e-02 -1.930383395565562002e-02 2.939770097470394461e+01 8.238703745827175018e-02 9.965249255593512379e-01 1.226575712205260280e-02 5.863002732537705430e-01 1.822921920279651359e-02 -1.381239915514683760e-02 9.997384223869937303e-01 2.768484631562393439e-01
9.963454694841602510e-01 -8.309612337402179361e-02 -1.976713733946885987e-02 2.937586925912530944e+01 8.338087751413297832e-02 9.964187763404493969e-01 1.404462250019200380e-02 5.816619391113826421e-01 1.852929311552963670e-02 -1.564149725598891136e-02 9.997059612007070939e-01 2.754323891926602208e-01
9.962422225502335360e-01 -8.438095382142504763e-02 -1.952661364285416742e-02 2.933435688269629793e+01 8.466023066750390236e-02 9.963122791500367281e-01 1.394588678366237566e-02 5.792989277073334886e-01 1.827783771390318127e-02 -1.554660885994900779e-02 9.997120703489881244e-01 2.746976846882320800e-01
9.962400147112532300e-01 -8.428796304581354093e-02 -2.003427996483488419e-02 2.930159086544329483e+01 8.458592353443517009e-02 9.963103806513761151e-01 1.452056975931560225e-02 5.849722799610335144e-01 1.873645185056350970e-02 -1.616059070380935700e-02 9.996938434741687862e-01 2.739591803480276866e-01
9.961918869136621169e-01 -8.489050327528835371e-02 -1.988282930231958026e-02 2.928298254487861030e+01 8.518084033359188401e-02 9.962637436285183279e-01 1.423999899408293426e-02 5.923935085391698330e-01 1.859970127340838594e-02 -1.587940757574508865e-02 9.997009030342943747e-01 2.719250423605705791e-01
9.961590818939600744e-01 -8.551316177095223681e-02 -1.883036707334861254e-02 2.926368295481943704e+01 8.577834589868794934e-02 9.962192867065824409e-01 1.375529602412892127e-02 5.961854339193638497e-01 1.758291600011577596e-02 -1.531770079879287913e-02 9.997280675799654626e-01 2.741954874440928336e-01
9.961534698707951163e-01 -8.528918172435046019e-02 -2.010024739064378285e-02 2.926289393335076383e+01 8.556275800209740823e-02 9.962457811955643949e-01 1.316654446361320216e-02 5.724215433260744224e-01 1.890182286047715349e-02 -1.483573155690435380e-02 9.997112693981813347e-01 2.708953938092286684e-01
9.961222148018696876e-01 -8.541162081694822494e-02 -2.110422250733437824e-02 2.925878169167897624e+01 8.568589356992849237e-02 9.962443949432256973e-01 1.245123236178832631e-02 5.826662097125544504e-01 1.996148344537774372e-02 -1.421128332087685797e-02 9.996997442257520294e-01 2.661445197509628713e-01
9.961002696307078574e-01 -8.546965917290923198e-02 -2.189041348392540415e-02 2.924598708052972640e+01 8.578971777930285980e-02 9.962131603089393606e-01 1.412315653887318868e-02 5.732209723889988284e-01 2.060041662146759253e-02 -1.594605243126650043e-02 9.996606155325324927e-01 2.639543645145523421e-01
9.964826181095137736e-01 -8.194156798878787784e-02 -1.754910941179721462e-02 2.926142829173021909e+01 8.212147936640984414e-02 9.965742618680897280e-01 9.787911357536710141e-03 5.712046043042888765e-01 1.668695395453230826e-02 -1.119464236184180943e-02 9.997980923917141327e-01 2.673290516330930622e-01
9.965055361692031211e-01 -8.165259090029346190e-02 -1.759462370719109409e-02 2.928635496665249960e+01 8.182691924311230602e-02 9.966019811092010627e-01 9.425844068060462710e-03 5.737309848138061330e-01 1.676519225387823955e-02 -1.083261965009117700e-02 9.998007714941050672e-01 2.664667943397436289e-01
9.966106040459995485e-01 -8.023859109439271386e-02 -1.814035287016943498e-02 2.925409561736154984e+01 8.042767236898472338e-02 9.967108383767634416e-01 9.944555273885784599e-03 5.558615090546189519e-01 1.728274921343997406e-02 -1.136983559577590952e-02 9.997859938097508614e-01 2.638713972046757839e-01
9.965155651143670079e-01 -8.084340996731793905e-02 -2.052002801288252756e-02 2.927955177058997549e+01 8.107663799526401704e-02 9.966493653841558276e-01 1.079913194396418981e-02 5.631846457498608238e-01 1.957823424566739606e-02 -1.242519795473725000e-02 9.997311174508916043e-01 2.616985944519911733e-01
9.965505481740768445e-01 -8.080737491779588222e-02 -1.889902359492598438e-02 2.925364318469714675e+01 8.100630511046666427e-02 9.966633492858817389e-01 1.000733344089012843e-02 5.675412504381450729e-01 1.802729780906641224e-02 -1.150375369790031591e-02 9.997713139436250618e-01 2.611637281492789064e-01
9.965118561519998863e-01 -8.132023907536656271e-02 -1.873871034038243968e-02 2.927669008155707431e+01 8.151232374950016790e-02 9.966248930140019224e-01 9.724386961904007629e-03 5.665134616643228149e-01 1.788467571560058839e-02 -1.121790272526063635e-02 9.997771236795707228e-01 2.604437206080638667e-01
9.964867920159482528e-01 -8.166082836124442801e-02 -1.858984801226622185e-02 2.927328074137271940e+01 8.184202155446138049e-02 9.966028242611471022e-01 9.202944234479820337e-03 5.679689199278283862e-01 1.777517498206000746e-02 -1.069204311903252345e-02 9.997848385369219049e-01 2.556695284397405565e-01
9.966095056026420540e-01 -8.015603606484947297e-02 -1.856079806547780015e-02 2.931132857414576520e+01 8.034814618877686443e-02 9.967182340785062378e-01 9.845672117718645353e-03 5.530851528979203735e-01 1.771069582156023156e-02 -1.130361613791068011e-02 9.997792553937714377e-01 2.504599026709204423e-01
9.961598254199889313e-01 -8.547070222367152137e-02 -1.898318415359109487e-02 2.921763768107450687e+01 8.566100002149727721e-02 9.962795529260339844e-01 9.446983477153423486e-03 5.761485286525119820e-01 1.810511790996456247e-02 -1.103682394953553123e-02 9.997751713373235205e-01 2.490487674671535423e-01
9.958993124783822593e-01 -8.809087450223343496e-02 -2.060478668942494068e-02 2.912874483945596538e+01 8.831155787502693866e-02 9.960421431207427956e-01 1.005573831810376711e-02 5.855701368267810514e-01 1.963741711047317304e-02 -1.183414368968780522e-02 9.997371278953094409e-01 2.460804643611336218e-01
9.961727122547358038e-01 -8.540233700403110362e-02 -1.861096970317902694e-02 2.910205593228459975e+01 8.555186148610977037e-02 9.963063087157673081e-01 7.390413345830609999e-03 5.745626548591517002e-01 1.791106795543553898e-02 -8.954331209568231961e-03 9.997994866958505034e-01 2.414980640120458766e-01
9.962216484976449404e-01 -8.490180196312450966e-02 -1.827870586362135077e-02 2.913008372500269161e+01 8.504471205292270242e-02 9.963512149222116809e-01 7.187035193093759336e-03 5.700805435697322565e-01 1.760181855575880874e-02 -8.714387324746200938e-03 9.998070991131666752e-01 2.415385064479518284e-01
9.961517828505139782e-01 -8.557257349293902193e-02 -1.894624473444350699e-02 2.909009200528159766e+01 8.569997567100179348e-02 9.963028244079920048e-01 6.016331660240570312e-03 5.751817297910137849e-01 1.836136415769725611e-02 -7.616872222367287136e-03 9.998024022594753646e-01 2.410168575006368386e-01
9.961302838458265807e-01 -8.597966399473799815e-02 -1.821963184547360434e-02 2.907891612551999927e+01 8.610611790983477287e-02 9.962662278053557863e-01 6.272144209363290923e-03 5.720450752438913655e-01 1.761232703904469857e-02 -7.816694559555139102e-03 9.998143353755404306e-01 2.418034663222026204e-01
9.960784550078407573e-01 -8.640673436716968248e-02 -1.901546016255707683e-02 2.906904599931992195e+01 8.653205464902212485e-02 9.962317861726714963e-01 5.867856288784734260e-03 5.705611482670825962e-01 1.843678354298974170e-02 -7.490292064303427991e-03 9.998019706608812784e-01 2.373165793903950771e-01
9.959793525575124651e-01 -8.729746009630126591e-02 -2.010678342879400685e-02 2.905908015536837752e+01 8.742723959341489048e-02 9.961547893627707984e-01 5.666869213941401646e-03 5.697886314733263680e-01 1.953476532219811448e-02 -7.401965303011530731e-03 9.997817781163351736e-01 2.330900895147354213e-01
9.959593226805820709e-01 -8.752489774983798765e-02 -2.011019242861607215e-02 2.907417600400789937e+01 8.766912828270191638e-02 9.961290624996075316e-01 6.404279022885654010e-03 5.673219535380678025e-01 1.947181326396450404e-02 -8.141444437704816253e-03 9.997772578783148401e-01 2.328127109532331929e-01
9.960197391313023729e-01 -8.701750745520545061e-02 -1.930369542587508438e-02 2.907416755522582363e+01 8.716089579250789476e-02 9.961716233766135797e-01 6.713793551264020561e-03 5.687486487195674290e-01 1.864557602916183318e-02 -8.369598286936417997e-03 9.997911243450091634e-01 2.381979496904516047e-01
9.959508280029699678e-01 -8.798238035652523881e-02 -1.846751057931854401e-02 2.906254604701397781e+01 8.811819115626334797e-02 9.960876794205061335e-01 6.672278023167745736e-03 5.727603459711034795e-01 1.780821685474818714e-02 -8.272584449248642988e-03 9.998071972930511198e-01 2.438776024299027512e-01
9.958794931200581901e-01 -8.881177685579123848e-02 -1.834403103606764909e-02 2.904915214285494329e+01 8.897312627094391968e-02 9.960004886054141249e-01 8.173707809191223250e-03 5.577648209935736068e-01 1.754474236088189240e-02 -9.772153779618980921e-03 9.997983231762290757e-01 2.437823576082105426e-01
9.960586419025692084e-01 -8.684962799418925739e-02 -1.800899798654523667e-02 2.904433212636035577e+01 8.699743691164123216e-02 9.961796076538101952e-01 7.591789348038078221e-03 5.509455622627208449e-01 1.728085246778749556e-02 -9.128604053793546239e-03 9.998090021229141255e-01 2.437683532933276886e-01
9.960455629810524014e-01 -8.699207074509721083e-02 -1.804483563897276918e-02 2.902865706589370021e+01 8.714525926691582547e-02 9.961644274048410130e-01 7.882725447863125207e-03 5.504861756324958000e-01 1.728988875208705214e-02 -9.424075586729063411e-03 9.998061044754016358e-01 2.434803960216860297e-01
9.960447293082402842e-01 -8.717248511516630105e-02 -1.720043767232539572e-02 2.902610385125565529e+01 8.730966103987081173e-02 9.961538029035842401e-01 7.390808469249290046e-03 5.535974955043136969e-01 1.649000625761829972e-02 -8.863340204030617855e-03 9.998247450898847255e-01 2.458382120918733982e-01
9.960028834879809390e-01 -8.769398732312591593e-02 -1.697117176266698182e-02 2.899259322217912782e+01 8.784577128360855636e-02 9.960985559049267968e-01 8.413524333263266292e-03 5.631232136993212789e-01 1.616714418858301514e-02 -9.870740169304590556e-03 9.998205798728575511e-01 2.402935485913841873e-01
9.959660951218981539e-01 -8.794351782553944119e-02 -1.781782927593011240e-02 2.891624729791701753e+01 8.808105550707535925e-02 9.960881084966773935e-01 7.085744298954873600e-03 5.610415203117482541e-01 1.712498258091556258e-02 -8.626574289931132622e-03 9.998161416918738276e-01 2.353184866991746560e-01
9.958770021764750124e-01 -8.899443948639643165e-02 -1.757800547555668502e-02 2.893178735445486183e+01 8.913131212782779422e-02 9.959941380034189606e-01 7.161442675681620532e-03 5.669381172322032203e-01 1.687026183461018403e-02 -8.698666755742996692e-03 9.998198475036919053e-01 2.377388324667597530e-01
9.959354752682255674e-01 -8.843466446660173952e-02 -1.708330245978880585e-02 2.892025948230514132e+01 8.856671906782628834e-02 9.960447048670834080e-01 7.133174595133768593e-03 5.620692225114108931e-01 1.638491305481308905e-02 -8.617193680282604976e-03 9.998286246138705646e-01 2.352316544616681604e-01
9.960009493976959005e-01 -8.765439595679250240e-02 -1.728628555640248157e-02 2.898076509421128932e+01 8.777553740963868478e-02 9.961198672201014848e-01 6.376924168881224937e-03 5.647488184221381990e-01 1.666024703708681234e-02 -7.868735530972515921e-03 9.998302451765541665e-01 2.381469395337778572e-01
9.959469236460414265e-01 -8.824276128739801106e-02 -1.740518199734005650e-02 2.896242726806437418e+01 8.837103663158767108e-02 9.960648069409898664e-01 6.742422284777094786e-03 5.616496947488368585e-01 1.674171928577886798e-02 -8.253208708312651312e-03 9.998257845151697909e-01 2.340303120683886462e-01
9.959031336826281722e-01 -8.863257562602425144e-02 -1.792246799459503229e-02 2.894013709186785377e+01 8.876636176186204763e-02 9.960291897183269905e-01 6.810745085097507159e-03 5.532062006777498375e-01 1.724764739558463586e-02 -8.373754650635785446e-03 9.998161825517578594e-01 2.308654901735813780e-01
9.959090391644604967e-01 -8.850909256279584914e-02 -1.820236919278401741e-02 2.891235261608660068e+01 8.863746408653122577e-02 9.960435890006031912e-01 6.369361907235522417e-03 5.525646027090151957e-01 1.756660669648112474e-02 -7.956716942740823736e-03 9.998140352008795251e-01 2.287592753781977351e-01
9.958309975086405696e-01 -8.945651847851618377e-02 -1.783691965132393892e-02 2.888960671605601505e+01 8.957569412131888287e-02 9.959619643367774167e-01 5.996717194481623013e-03 5.555471332687137442e-01 1.722844809113125222e-02 -7.569471324311388867e-03 9.998229261625495301e-01 2.277606637884854734e-01
9.956533767860087369e-01 -9.155735312747714794e-02 -1.707642769748823550e-02 2.876611924861208536e+01 9.168523628000085912e-02 9.957644016017663802e-01 6.861045908292198910e-03 5.403362500832143978e-01 1.637591960463583365e-02 -8.396879835137521092e-03 9.998306464927638748e-01 2.202206192412621277e-01
9.955986662517443131e-01 -9.231585760957998488e-02 -1.615791420804960771e-02 2.874649715369126568e+01 9.243827929761103124e-02 9.956938132852202195e-01 6.999621849297209090e-03 5.563080749382011136e-01 1.544215911858769739e-02 -8.462423963857403780e-03 9.998449515311929048e-01 2.220042373165482807e-01
9.955662946393819546e-01 -9.259593697464191253e-02 -1.654525411707673255e-02 2.874458987017107248e+01 9.271353465616798128e-02 9.956716975211441500e-01 6.486235188601592594e-03 5.459366646474632656e-01 1.587304222794200248e-02 -7.991446123854365272e-03 9.998420791901492244e-01 2.192609715156685901e-01
9.955757755193128666e-01 -9.272016345133403392e-02 -1.522650612175659689e-02 2.868427803980564406e+01 9.282133850307901224e-02 9.956642376808861883e-01 6.076588009360223488e-03 5.245835351750065545e-01 1.459706537680780132e-02 -7.463048498876940530e-03 9.998656052637722169e-01 2.229346600854729132e-01
9.955837389767623336e-01 -9.268068692689020172e-02 -1.494352554817293850e-02 2.866792823138024815e+01 9.279845959889691798e-02 9.956574961198404461e-01 7.388932023007744113e-03 5.309555877545084623e-01 1.419382193494824959e-02 -8.743036722358399696e-03 9.998610377086164513e-01 2.195585621273008492e-01
9.955016130770756311e-01 -9.357993870362281419e-02 -1.480990996480593264e-02 2.864984541742052926e+01 9.370658627196404300e-02 9.955669023914744953e-01 8.100527877728191939e-03 5.223400441207662892e-01 1.398620928609365169e-02 -9.451874674851350883e-03 9.998575138563180476e-01 2.195476234600990395e-01
9.954493545739964144e-01 -9.421567297180868938e-02 -1.428248734226887813e-02 2.866546786538739866e+01 9.433665524598196239e-02 9.955078361207237991e-01 8.046346949613567695e-03 5.302007462590196951e-01 1.346023607570118359e-02 -9.357092962134000089e-03 9.998656243996416615e-01 2.187910863753854684e-01
9.953723491342409968e-01 -9.498758209726339274e-02 -1.453429827330002082e-02 2.863261030322106038e+01 9.510561004134672480e-02 9.954377499240500971e-01 7.655649208666767506e-03 5.240187635261411847e-01 1.374079756218266578e-02 -9.002514840783432115e-03 9.998650635005192910e-01 2.161671714535287059e-01
9.954003411483283159e-01 -9.465247689996451885e-02 -1.480099518587826672e-02 2.863344329592319326e+01 9.477790983674946879e-02 9.954661791200415388e-01 8.014613847281137904e-03 5.236402244920118632e-01 1.397528707281842260e-02 -9.380556744977102540e-03 9.998583382191637003e-01 2.146326711802419851e-01
9.953084210676220733e-01 -9.565099334243552798e-02 -1.456140187212802591e-02 2.858885065798352798e+01 9.578005107833234555e-02 9.953667555431079395e-01 8.438232932152829255e-03 5.218937971172835644e-01 1.368680997560411255e-02 -9.793336111386398077e-03 9.998583708708459472e-01 2.127441895560031604e-01
9.952324791323545750e-01 -9.633233383530895311e-02 -1.524447237228306051e-02 2.854244763045277011e+01 9.646940570913339896e-02 9.952994363237221975e-01 8.525597680272722911e-03 5.195129939526947904e-01 1.435152403730429252e-02 -9.955576905526331705e-03 9.998474484871607837e-01 2.087858737693606415e-01
9.952234403195038270e-01 -9.631497606242574172e-02 -1.592888020875768418e-02 2.852387950259678462e+01 9.646360206283785543e-02 9.952972588550794697e-01 8.839682835124727800e-03 5.131113817092015639e-01 1.500257696774295012e-02 -1.033401672427031702e-02 9.998340516219030860e-01 2.066902134825849835e-01
9.954076934205865479e-01 -9.425093112786235572e-02 -1.674174007198794834e-02 2.859687087559828811e+01 9.442579605183155922e-02 9.954818856034903796e-01 9.979202137225357330e-03 4.950832984158395345e-01 1.572554988179940619e-02 -1.151422671518359704e-02 9.998100467909228906e-01 2.059611984696063658e-01
9.952923080746852724e-01 -9.570524071622353579e-02 -1.528817800835033554e-02 2.858005514513606471e+01 9.586525798979583790e-02 9.953430816295208983e-01 1.009961201221686207e-02 5.009273795737303470e-01 1.425039641256238727e-02 -1.151767127926257156e-02 9.998321206334535027e-01 2.119396506614399378e-01
9.952317822667231528e-01 -9.642619301350367766e-02 -1.468634968682816511e-02 2.853987811105000816e+01 9.658542729169290741e-02 9.952688104816644898e-01 1.054751711504389559e-02 4.928581406704904966e-01 1.359980886197874501e-02 -1.191571161675142668e-02 9.998365171444705268e-01 2.075398719908712053e-01
9.952013706401479087e-01 -9.673581938957705184e-02 -1.471098647261517497e-02 2.859075557090017483e+01 9.689824959518072989e-02 9.952361299924079585e-01 1.075986910343825625e-02 4.933506065542301311e-01 1.360004049113046516e-02 -1.213370531866513058e-02 9.998338922510481286e-01 2.095885426737478241e-01
9.952743137649854299e-01 -9.618022995745628689e-02 -1.335678572739484871e-02 2.858632716911737148e+01 9.632200179137420659e-02 9.952957935512973808e-01 1.040938566842145724e-02 4.859088054160950465e-01 1.229277554253743743e-02 -1.164674651661437230e-02 9.998566102022027335e-01 2.151133844844683729e-01
9.952589466096591897e-01 -9.614420207246182626e-02 -1.469427103603876579e-02 2.861290475372374331e+01 9.629731934212268363e-02 9.953014431721362021e-01 1.009274526490592030e-02 4.834071854027844894e-01 1.365487022831687706e-02 -1.145991393120702508e-02 9.998410948204410342e-01 2.060130805180606650e-01
9.952377457863640364e-01 -9.631935693530825626e-02 -1.498034851545746414e-02 2.858655112118456998e+01 9.648519080594690489e-02 9.952761449543616745e-01 1.077048002284967075e-02 4.756859107677707810e-01 1.387217781085180526e-02 -1.216457004383147966e-02 9.998297784715324266e-01 2.033244960116471489e-01
9.952077947972731709e-01 -9.667388321040118471e-02 -1.468351047160106754e-02 2.855659094773884732e+01 9.683279014960280429e-02 9.952450099120885296e-01 1.052525519537045491e-02 4.737252263303421973e-01 1.359617323333592136e-02 -1.189666130081922478e-02 9.998367934434616577e-01 2.022763225690074051e-01
9.951533895210884495e-01 -9.725228455923182191e-02 -1.455075505595274966e-02 2.858250512454138459e+01 9.741698935203628451e-02 9.951820544263235702e-01 1.107288279469740080e-02 4.816848243618305769e-01 1.340378716159631133e-02 -1.243670759526270715e-02 9.998328194222859677e-01 2.013793098582072894e-01
