1.000000000000000000e+00 0.000000000000000000e+00 0.000000000000000000e+00 0.000000000000000000e+00 0.000000000000000000e+00 1.000000000000000000e+00 0.000000000000000000e+00 0.000000000000000000e+00 0.000000000000000000e+00 0.000000000000000000e+00 1.000000000000000000e+00 0.000000000000000000e+00
9.998755105246470709e-01 -4.307631570017580254e-04 1.577269463911724900e-02 9.565352592893914263e-01 4.295997370076759894e-04 9.999999047459857682e-01 7.714976013141389740e-05 -5.285664662646900706e-03 -1.577272636997900310e-02 -7.036421032938438116e-05 9.998756003382298641e-01 3.019546900375047471e-02
9.997912187126577477e-01 -4.034892851531238635e-04 2.042929713560575136e-02 1.749298279779890386e+00 4.190114631436019240e-04 9.999996268055367787e-01 -7.555251027632271278e-04 7.768356813186721652e-03 -2.042898466522154177e-02 7.639274729434386091e-04 9.997910146627464467e-01 4.981773047978665936e-02
9.999880351474290663e-01 -2.691173035845595418e-04 -4.884376916317066664e-03 2.732362906616975451e+00 2.644266126867347941e-04 9.999995033111547249e-01 -9.609661858851112869e-04 3.504953876886168600e-03 4.884633102930326792e-03 9.596631288233047020e-04 9.999876096263038416e-01 3.753326160362702169e-02
9.992971474349410244e-01 -5.236923171354512276e-04 -3.748248757415065247e-02 3.394936743531001611e+00 4.817338726258262841e-04 9.999992472805507848e-01 -1.128437330116062887e-03 6.731631495140746185e-03 3.748305031431341944e-02 1.109587621149337681e-03 9.992966475248707958e-01 1.306884359769711068e-02
9.990171005526365944e-01 -1.233109265309371505e-03 -4.430927944508201988e-02 4.481415951900443062e+00 1.135519401509611130e-03 9.999968742544229627e-01 -2.227572012956697059e-03 4.450832403300956919e-03 4.431188778523610650e-02 2.175068487179398439e-03 9.990153780988484389e-01 3.096022278034249453e-02
9.997988857102445559e-01 -1.670376781165201210e-03 -1.998494368172826913e-02 5.669654017515778577e+00 1.610217356700622974e-03 9.999941253947057795e-01 -3.025950452671534712e-03 6.383577093839772412e-03 1.998988075544941984e-02 2.993161787606407435e-03 9.997957019561029002e-01 7.897941393306107116e-02
9.999045235409792509e-01 -2.201654353876111945e-03 -1.364171984732211185e-02 6.519905352773199603e+00 2.150597029812315129e-03 9.999906326267613554e-01 -3.756273571690978922e-03 1.889984717994519156e-02 1.364986207630415789e-02 3.726577093806058855e-03 9.998998919334185498e-01 1.005752684413696585e-01
9.997877675507065298e-01 -2.818313979985411638e-03 -2.040776720477836814e-02 7.822269647065745346e+00 2.709027834525536485e-03 9.999818539588903876e-01 -5.380791868565997990e-03 2.271516452875400882e-02 2.042256164554229203e-02 5.324364680530332440e-03 9.997772602517939200e-01 1.115130423341716970e-01
9.998400309588473256e-01 -3.797789374927430447e-03 -1.747825185980278820e-02 9.197594715453874414e+00 3.681597102737367219e-03 9.999709433380298274e-01 -6.675202051225787372e-03 2.340162633065547698e-02 1.750309501157230885e-02 6.609786344146189284e-03 9.998249608754030682e-01 1.220315378367198278e-01
9.999570965328168359e-01 -4.390544962084312955e-03 -8.156482611673999267e-03 1.018834189403697543e+01 4.329307133469179406e-03 9.999624246538858507e-01 -7.510418101965100034e-03 2.777583485795663554e-02 8.189150957377523687e-03 7.474783960633793467e-03 9.999385308164396857e-01 1.379869275856089317e-01
9.999651403232453495e-01 -5.431859133573865329e-03 6.341375613023243936e-03 1.168886147571384804e+01 5.482531085304647583e-03 9.999529631016084164e-01 -8.000839781718296906e-03 3.533250869623939805e-02 -6.297617899738283155e-03 8.035327663951732230e-03 9.999478854010956930e-01 1.578312892723097161e-01
9.999271937773073216e-01 -6.574561677014158743e-03 1.011841308676394470e-02 1.313426207030559922e+01 6.651860165166775113e-03 9.999488063624223377e-01 -7.624789223989827426e-03 4.554229948146969187e-02 -1.006776544136416852e-02 7.691540360834147466e-03 9.999197369318680861e-01 1.580833352014083815e-01
9.998434491474222918e-01 -7.425360552231850299e-03 1.606054848550275693e-02 1.402586771263461074e+01 7.551761930292485991e-03 9.999408760010841668e-01 -7.824026708343744321e-03 6.158812339454187990e-02 -1.600150270237177264e-02 7.944087288924399012e-03 9.998404089595562816e-01 1.660289886358556899e-01
9.999613218103214907e-01 -8.563562464732167936e-03 2.005063906015162704e-03 1.563804999695296161e+01 8.578002866115323061e-03 9.999365058591670463e-01 -7.307675210971140319e-03 7.757986466772051615e-02 -1.942356863064009049e-03 7.324592007255763260e-03 9.999712883886939796e-01 1.614032827441147511e-01
9.997695548509342167e-01 -9.973721944710946252e-03 -1.900952560518235149e-02 1.685227215151151015e+01 9.827346444935101608e-03 9.999214596043565217e-01 -7.778038605255246235e-03 8.964208421073990851e-02 1.908560858384437259e-02 7.589433000113427960e-03 9.997890477754404204e-01 1.517449315985559544e-01
9.995447049595380662e-01 -1.151686819765215114e-02 -2.788807154084932405e-02 1.769666090153314641e+01 1.130501283705952729e-02 9.999061213670227266e-01 -7.742424524078445058e-03 9.227461114615621851e-02 2.797462192959078789e-02 7.423624429821345377e-03 9.995810674118543737e-01 1.485525108422200979e-01
9.995948894477142410e-01 -1.361898198357427286e-02 -2.499160498532797953e-02 1.905364272957780258e+01 1.343853181552722570e-02 9.998825063147871450e-01 -7.374240862835557131e-03 1.156748622661188941e-01 2.508909828301237460e-02 7.035403001330507722e-03 9.996604624831147978e-01 1.678115079531696807e-01
9.997045354870109923e-01 -1.417753109190819302e-02 -1.974434954201060091e-02 1.999513464234721027e+01 1.405909495018525454e-02 9.998824096652182414e-01 -6.124433954164558436e-03 1.342913816909510061e-01 1.982885715014342382e-02 5.845036716328185639e-03 9.997863031517808530e-01 1.888152725836329537e-01
9.997182312269571325e-01 -1.541116807823664572e-02 -1.805419759801927398e-02 2.149407443906278914e+01 1.530839737711800486e-02 9.998658999655978263e-01 -5.816790844634068050e-03 1.595104604214965527e-01 1.814142007088288475e-02 5.538771023459240252e-03 9.998200892627444603e-01 2.111895514816723995e-01
9.997379903645109422e-01 -1.681747203179273509e-02 -1.552814400978354444e-02 2.250477768763425956e+01 1.674363711315834599e-02 9.998479419271164570e-01 -4.872744640670979843e-03 1.673065082067609899e-01 1.560773007684251694e-02 4.611470326283166610e-03 9.998675577811688697e-01 2.254707052400490852e-01
9.997624443927449756e-01 -1.842064601509718624e-02 -1.165051853909701562e-02 2.351888244172711850e+01 1.837494087607456986e-02 9.998230930722041832e-01 -4.017973037772399995e-03 1.879132274956242521e-01 1.172247114068204928e-02 3.802940956415958029e-03 9.999240577716084211e-01 2.458404189273482032e-01
9.997436346832602183e-01 -2.187488426027949656e-02 5.844172217137197020e-03 2.486824305075634101e+01 2.188943082481303523e-02 9.997574279789898100e-01 -2.436805080708751969e-03 2.186439258861405111e-01 -5.789449755365987105e-03 2.564105971877719478e-03 9.999799536151192658e-01 2.880297599998025149e-01
9.997219020522878363e-01 -2.311143719093728538e-02 -4.688286246097849407e-03 2.607372633758760472e+01 2.311115439792141985e-02 9.997328950442906370e-01 -1.144934817873639405e-04 2.491296464699865321e-01 4.689680090520835509e-03 6.109934089830669153e-06 9.999890033711962278e-01 2.940099603858135069e-01
9.995459224048620639e-01 -2.372682162083233903e-02 -1.857382404318029881e-02 2.683427147190337436e+01 2.372212387857601523e-02 9.997184788155375479e-01 -4.732371897151959684e-04 2.643915932579761208e-01 1.857982353262038408e-02 3.241174845896059917e-05 9.998273796545963377e-01 2.911149237118837441e-01
9.992750744048497502e-01 -2.518767762300569424e-02 -2.854656843023333293e-02 2.801286766914579474e+01 2.515704464971904239e-02 9.996824861418986963e-01 -1.431784077753035962e-03 3.011498369574239775e-01 2.857356781493168921e-02 7.125988442327011591e-04 9.995914382512557372e-01 3.028512556632096953e-01
9.993241724439344553e-01 -2.846928570888045129e-02 -2.325291681643783595e-02 2.929815503623138540e+01 2.844900243608916926e-02 9.995945216837619496e-01 -1.202697053759862631e-03 3.368831292480932160e-01 2.327772818892420367e-02 5.403619507923111470e-04 9.997288909396015999e-01 3.275006473253263550e-01
9.993994795344113280e-01 -3.067796674904076440e-02 -1.611032782077249231e-02 3.019675383638298527e+01 3.067211715868487301e-02 9.995293137225518265e-01 -6.101133740536949374e-04 3.611442459668180449e-01 1.612146194834442742e-02 1.156091261026891061e-04 9.998700341040225315e-01 3.404093090406750122e-01
9.993971589725828553e-01 -3.426257579572422607e-02 -5.603082845395265625e-03 3.164315089431620720e+01 3.426179422012674142e-02 9.994128646471286403e-01 -2.354456167457536495e-04 4.050242958178105757e-01 5.607860050661186285e-03 4.333200902099604513e-05 9.999842748903555734e-01 3.534522142332083838e-01
9.993041994101653502e-01 -3.725776158165559904e-02 1.725179159781049798e-03 3.263974935037351344e+01 3.725999226909506440e-02 9.993047863404219688e-01 -1.279442547004174587e-03 4.443136104208949555e-01 -1.676310626290246309e-03 1.342832472281552374e-03 9.999976933891581155e-01 3.672942320851695364e-01
9.990250788128771653e-01 -4.338943055515560865e-02 8.139362322950764034e-03 3.414619706962452028e+01 4.340090202223462895e-02 9.990569698742187699e-01 -1.238002181430013140e-03 5.060047625250206904e-01 -8.077970449397290503e-03 1.590050893575483976e-03 9.999661084914704956e-01 3.728271325379826084e-01
9.985281330513186004e-01 -5.183945142416269969e-02 1.594486691980527213e-02 3.554090684597570515e+01 5.184915931987510440e-02 9.986549085391118741e-01 -1.957768136915690566e-04 5.783858945083557579e-01 -1.591327065284310616e-02 1.022216601529365217e-03 9.998728533620411252e-01 3.767231480185633252e-01
9.980834746707105687e-01 -6.046452521449564854e-02 1.316885643579667614e-02 3.640115226625783862e+01 6.047783563180308963e-02 9.981693512486877751e-01 -6.145120558125031661e-04 6.249829915177762540e-01 -1.310759270551299129e-02 1.409758262875305613e-03 9.999130980215767961e-01 3.721540972707275685e-01
9.971514689640308404e-01 -7.542123029022756997e-02 -7.654831047142344243e-04 3.764287123564554349e+01 7.542083677341857029e-02 9.971516513847777929e-01 -5.305855332910047566e-04 7.158353537916731790e-01 8.033201556679524322e-04 4.713407676387238506e-04 9.999995662572104260e-01 3.662475291241520381e-01
9.960522069675018519e-01 -8.762608969844010165e-02 -1.420103514993386294e-02 3.845736191762697587e+01 8.760477276760175736e-02 9.961530605952330086e-01 -2.117464305937110172e-03 7.924433865687496858e-01 1.433194974543240338e-02 8.650265377288834153e-04 9.998969181598591494e-01 3.603021082128954333e-01
9.934677286148635433e-01 -1.106903086296898570e-01 -2.774036366538143797e-02 3.976180169607971493e+01 1.105948195974223863e-01 9.938532109588893437e-01 -4.957917397368756009e-03 9.343502932340129741e-01 2.811864290888191342e-02 1.857590420284299876e-03 9.996028667820004987e-01 3.558518391455445240e-01
9.914717376021465745e-01 -1.276679073710947632e-01 -2.616675302106871367e-02 4.067753412546903036e+01 1.276134686172711585e-01 9.918169006245778352e-01 -3.746766996392858744e-03 1.049419199890763599e+00 2.643096978260174937e-02 3.755834688339622384e-04 9.996505703361598938e-01 3.672046883237167769e-01
9.863212052669859675e-01 -1.638617893855086882e-01 -1.788278557885335240e-02 4.215399906630376847e+01 1.637273188487902154e-01 9.864668193042177569e-01 -8.750969912348038199e-03 1.269451984648219733e+00 1.907472419896690669e-02 5.703366654828774182e-03 9.998017936098807512e-01 3.985239509744422648e-01
9.818590228246298901e-01 -1.889922924853039976e-01 -1.532229352976190000e-02 4.314304362135287363e+01 1.888616506735053546e-01 9.819569768909433005e-01 -9.579793321303108761e-03 1.456233469042350404e+00 1.685634013484913971e-02 6.512212861181779396e-03 9.998367141093137400e-01 4.151969539838806789e-01
9.763969057147897646e-01 -2.157450056798079496e-01 -1.015751125048596458e-02 4.416758226119485897e+01 2.156421373955151599e-01 9.764177986464059877e-01 -1.033204074716649601e-02 1.664525660341022562e+00 1.214706096460705688e-02 7.897785178578701354e-03 9.998950314403987072e-01 4.360535343519420515e-01
9.672212225108683947e-01 -2.539046616467816597e-01 3.940751021644179654e-03 4.558463299005143199e+01 2.539326343114219897e-01 9.671651374398978485e-01 -1.047922480557420509e-02 2.020528348120258055e+00 -1.150632974885022275e-03 1.113641391550523017e-02 9.999373262004276341e-01 4.664376857362984019e-01
9.609296903653223865e-01 -2.761191175945225673e-01 1.929671146149015623e-02 4.637926623061679265e+01 2.762759178879146127e-01 9.610599808853985682e-01 -5.943932683713809388e-03 2.253601487165224349e+00 -1.690406370066246944e-02 1.104291806455486372e-02 9.997961325145363620e-01 4.934638639312429742e-01
9.518120041799492670e-01 -3.066215476721761979e-01 6.093865937792697189e-03 4.745558028737134038e+01 3.066745812956995221e-01 9.517398737043777368e-01 -1.191276576969890581e-02 2.594034904717888779e+00 -2.147064520645022498e-03 1.320754724752810916e-02 9.999104713971393998e-01 4.939608832601660726e-01
9.444295047854248670e-01 -3.284778376589613247e-01 -1.245875827081705835e-02 4.815106594753140712e+01 3.281244355924651246e-01 9.443272194995110391e-01 -2.409268103490595433e-02 2.836722203119935060e+00 1.967905632605018371e-02 1.866581579295461396e-02 9.996320933538000997e-01 4.809113874097703523e-01
9.347503281105288275e-01 -3.546661935750510253e-01 -2.130059229794948467e-02 4.887039299912098045e+01 3.539692534059341589e-01 9.347545467900173488e-01 -3.065460648314027869e-02 3.109982972818269964e+00 3.078297809674514218e-02 2.111464871540514460e-02 9.993030470628623263e-01 4.792761811962584773e-01
9.211120682223256084e-01 -3.889500726823172383e-01 -1.644380538714074191e-02 5.003204053709204402e+01 3.885769449050864299e-01 9.211553787270929661e-01 -2.192546762048145845e-02 3.596065405890843447e+00 2.367521200368629189e-02 1.380612916669435308e-02 9.996243670169380202e-01 5.019478195178770363e-01
9.124782576373258181e-01 -4.090547070047538813e-01 -7.594472753603261073e-03 5.083525965997816343e+01 4.088387542078665837e-01 9.123767833217677481e-01 -2.048116972209431536e-02 3.947030767665772100e+00 1.530693950174327744e-02 1.558370728294222567e-02 9.997613943688816729e-01 5.229930572410301792e-01
9.006217108078052869e-01 -4.345548560830161389e-01 -6.527716008779842552e-03 5.209165796828764883e+01 4.343683382740840537e-01 9.005264972451949568e-01 -1.939521756290064208e-02 4.550155666417226463e+00 1.430666720914297238e-02 1.463232086753032957e-02 9.997905853024409151e-01 5.414569506422015621e-01
8.843277406773444316e-01 -4.667720939615760956e-01 -9.394645668106037587e-03 5.339437027708093808e+01 4.663868203544924707e-01 8.841520940194326217e-01 -2.753921641369326892e-02 5.216165360892569325e+00 2.116083335150716060e-02 1.997215410964072249e-02 9.995765764522953623e-01 5.553714095098407633e-01
8.710326005280667472e-01 -4.911157422110423720e-01 -1.036998407956452387e-02 5.425778384491255935e+01 4.906622313226718379e-01 8.708508473854807974e-01 -2.948518884878131505e-02 5.690778364855389349e+00 2.351134982876469312e-02 2.059440119275542450e-02 9.995114241812058653e-01 5.678400131814655971e-01
8.530720733255044985e-01 -5.217569224830048702e-01 -6.144229259158339070e-03 5.551190265230887633e+01 5.215888395406963474e-01 8.530084576430297938e-01 -1.793470535165820126e-02 6.448775858096055025e+00 1.459863619368049342e-02 1.209483486966468450e-02 9.998202812459653366e-01 6.070767703082369238e-01
8.423778297034599793e-01 -5.388817056812109652e-01 -2.469677346829666532e-03 5.626672331136621352e+01 5.388093179474443550e-01 8.423249789158252510e-01 -1.315860127315196353e-02 6.939352998361718150e+00 9.171200417552280090e-03 9.753828815615383369e-03 9.999103719365740606e-01 6.365833322596028410e-01
8.285066376428453783e-01 -5.599612713722581514e-01 -4.486194925685526268e-03 5.729876379260633712e+01 5.598741293162571298e-01 8.284797553603686637e-01 -1.273790722167732724e-02 7.630060439798645788e+00 1.084945639700318418e-02 8.041736204877199257e-03 9.999088057291533049e-01 6.678607908676985616e-01
8.149943160961511390e-01 -5.790290520939507246e-01 -2.257479927147978266e-02 5.826145355643623702e+01 5.786048382056917516e-01 8.152879637764387510e-01 -2.284682311033254393e-02 8.307060389100266562e+00 3.163393645964061168e-02 5.558142895774680417e-03 9.994840674626176424e-01 6.762625059975153619e-01
8.036635784164350982e-01 -5.943415153056292866e-01 -2.971558364055257653e-02 5.893691131220861479e+01 5.935312668792547264e-01 8.041715704618094263e-01 -3.207367296857773636e-02 8.796800243748444714e+00 4.295914295697411678e-02 8.139314786652035102e-03 9.990436745163880916e-01 6.863588179502548847e-01
7.821603428738487240e-01 -6.226715064131255195e-01 -2.248095052866187424e-02 5.998639087191418184e+01 6.220315537467134837e-01 7.824287286703845989e-01 -2.969900157743249683e-02 9.609518128023850636e+00 3.608246359262841374e-02 9.245520669769025091e-03 9.993060472991406318e-01 7.281725920872501590e-01
7.685736903026380018e-01 -6.394907735593129416e-01 -1.860196514069651849e-02 6.070092193999663976e+01 6.392031758524245877e-01 7.687927948742415696e-01 -1.941490483179571236e-02 1.020900523931008586e+01 2.671670928013478510e-02 3.031349858418435749e-03 9.996384488220114717e-01 7.606599354404535163e-01
7.477928731828299425e-01 -6.637438162674619280e-01 -1.581028727358757893e-02 6.180903221947414039e+01 6.635964861272968252e-01 7.479599890279693408e-01 -1.398422013504637719e-02 1.117022823803844389e+01 2.110740193564158984e-02 -3.435092540832863597e-05 9.997772133848329412e-01 7.932521644388232929e-01
7.339186725118921339e-01 -6.790941823529850208e-01 -1.394538033588081302e-02 6.253597268834540301e+01 6.790096440781435705e-01 7.340495647674015744e-01 -1.082311016584867371e-02 1.184222027376405251e+01 1.758651151466249576e-02 -1.525765093031155369e-03 9.998441811870617535e-01 8.132966466407980377e-01
7.118439257502620077e-01 -7.023196524807883145e-01 -5.033002257074922076e-03 6.358594450986551294e+01 7.023177287214888986e-01 7.118594431767114594e-01 -2.437433821154940186e-03 1.286258387979668250e+01 5.294647858446961501e-03 -1.799694253831597137e-03 9.999843637800784890e-01 8.496405002435967191e-01
6.869543927099928116e-01 -7.266995285558985884e-01 1.207283346700097201e-03 6.450093509172791073e+01 7.266648153691849243e-01 6.869361530804029004e-01 8.773123478357361393e-03 1.381281489528930173e+01 -7.204751273545161039e-03 -5.149445381016649545e-03 9.999607866168326309e-01 8.772363108499110496e-01
6.647673772352850063e-01 -7.470423605293498026e-01 -3.470697113953054042e-03 6.506904794464752229e+01 7.470498670047571732e-01 6.647653754519391445e-01 1.868638118484420348e-03 1.443716689946305110e+01 9.112474390292568628e-04 -3.834993478419196702e-03 9.999922311963858057e-01 8.774219459160597090e-01
6.331002092048454433e-01 -7.738587121032660665e-01 -1.807813061837242399e-02 6.585634997993599882e+01 7.738693369417908308e-01 6.332951190502952299e-01 -7.971294019563283581e-03 1.539333669771650115e+01 1.761744720594467933e-02 -8.943483043368114990e-03 9.998048007811320970e-01 8.747956869884552233e-01
6.018512683983743283e-01 -7.984013069922235584e-01 -1.817701076570846230e-02 6.668045014473328536e+01 7.982810249267129343e-01 6.021002991720452169e-01 -1.492095770690558647e-02 1.645514488917707396e+01 2.285729575485567766e-02 -5.530165462534028520e-03 9.997234424083155657e-01 8.820933247097020313e-01
5.826636092662128563e-01 -8.126048345914723692e-01 -1.328537675173243476e-02 6.722916484355675948e+01 8.125085168505087330e-01 5.828059262758013004e-01 -1.292912770425047424e-02 1.721104831645591204e+01 1.824906798324091306e-02 -3.261149547527992208e-03 9.998281534450670360e-01 8.955156910829238370e-01
5.523631514230177286e-01 -8.335894792114530993e-01 -4.850680159579737021e-03 6.804029648473837710e+01 8.336006031769386260e-01 5.523674020158194642e-01 5.362586495968771176e-04 1.840513434861037467e+01 2.232338029316653216e-03 -4.339739424513268731e-03 9.999880915934205028e-01 9.269400669817100535e-01
5.332523469740096944e-01 -8.459532119352496382e-01 2.257800510339268586e-03 6.851316287383890824e+01 8.458608763602237790e-01 5.332304149522805181e-01 1.359052658780887483e-02 1.915712385236141202e+01 -1.270087752185599869e-02 -5.337395081239637400e-03 9.999050954585253503e-01 9.475208217629720320e-01
4.992726642652003388e-01 -8.663911444521186223e-01 9.653576149593650485e-03 6.908806802605958808e+01 8.661247922379711195e-01 4.993600581278943573e-01 2.161889491251606579e-02 2.013055388141874147e+01 -2.355102945224802138e-02 -2.432521624521057253e-03 9.997196766345486374e-01 9.653655312883588913e-01
4.717734636379902202e-01 -8.816939044592203567e-01 -6.757059010272105370e-03 6.949953764825244207e+01 8.816887563148109175e-01 4.716786989951343156e-01 1.200591113995522555e-02 2.090684020437830171e+01 -7.398377866579076978e-03 -1.162169323773921958e-02 9.999050956221955389e-01 9.577917928498775879e-01
4.536740751338406152e-01 -8.909762440764418256e-01 -1.847068062877516362e-02 6.976374283686818956e+01 8.909580708822265604e-01 4.539194436492816620e-01 -1.228228834334054928e-02 2.144074663453980989e+01 1.932742821165061783e-02 -1.088444617620306851e-02 9.997539594070941060e-01 9.345855532657876275e-01
4.293444656265171244e-01 -9.028942547442989630e-01 -2.110200430330305688e-02 7.018333244107432733e+01 9.025930370983761275e-01 4.297805741965330384e-01 -2.478845345778794493e-02 2.231033490007987652e+01 3.145058373720449607e-02 -8.403736849439562284e-03 9.994699785334000275e-01 9.321341620970589048e-01
4.014640826336913215e-01 -9.158116989516328355e-01 -1.074813557840307091e-02 7.061792649460247162e+01 9.157224454605401576e-01 4.015836944244758899e-01 -1.352550376727297728e-02 2.328722965092498498e+01 1.670309057803325004e-02 -4.412305033909923527e-03 9.998507580281320584e-01 9.606724000886246451e-01
3.701373056442123777e-01 -9.289343732962582756e-01 -8.905339922212152093e-03 7.104949100228881775e+01 9.288813661793049459e-01 3.702197624344021887e-01 -1.080440039446988083e-02 2.435534726020769369e+01 1.333351173967772287e-02 -4.272892662125190970e-03 9.999019751220548091e-01 9.750467963734559262e-01
3.494294498844033314e-01 -9.369213355795604770e-01 -8.801732175852641088e-03 7.133952823015827960e+01 9.367940389325039030e-01 3.495293636860731801e-01 -1.568924924068647656e-02 2.509734709306916045e+01 1.777605619958560340e-02 -2.763124503346811763e-03 9.998381753908823777e-01 9.787546476502528847e-01
3.152906590847208146e-01 -9.489947839775345617e-01 -8.368257609582726566e-04 7.174035454613046170e+01 9.489591415699398791e-01 3.152862541438178345e-01 -8.433598212157068438e-03 2.623549487147675663e+01 8.267280373042912647e-03 1.864921283004141893e-03 9.999640864270288310e-01 1.002359370143822925e+00
2.939338421529397727e-01 -9.558135863428059986e-01 4.825411869824131929e-03 7.193538612959778789e+01 9.556902529864466089e-01 2.939734315950692789e-01 1.535453883782059853e-02 2.690946015987714190e+01 -1.609461971944897707e-02 9.838049554887450790e-05 9.998704683794621406e-01 1.033467419598720571e+00
2.698049429286323297e-01 -9.629105979048723229e-01 2.910878520034113418e-03 7.216204106515351668e+01 9.623430886721112687e-01 2.697476374632697960e-01 3.364508534699544445e-02 2.774556862848899996e+01 -3.318241185175760388e-02 -6.276346506156148600e-03 9.994296048337949490e-01 1.054010937155523742e+00
2.491490032799966448e-01 -9.684649670647735853e-01 -6.178452968309670369e-04 7.230746912287756345e+01 9.683931305132459366e-01 2.491226402138874418e-01 1.235535946941577860e-02 2.832640442235105027e+01 -1.181181355003090884e-02 -3.676642638142048249e-03 9.999234787520348000e-01 1.035659408848412122e+00
2.267265402221848858e-01 -9.739132401810285389e-01 -9.384911239215648279e-03 7.245412596602800193e+01 9.736626159154774252e-01 2.268846310319560522e-01 -2.246051135044970989e-02 2.894154412199747384e+01 2.400388150921635433e-02 -4.045343197200709610e-03 9.997036805328410880e-01 1.000134093905116206e+00
2.147713267426263894e-01 -9.766087675855819050e-01 -1.042076216898052757e-02 7.253873884345316014e+01 9.763812198316011992e-01 2.149537430100196544e-01 -2.178536036281346691e-02 2.939048674557579943e+01 2.351575576857463032e-02 -5.495765729436549903e-03 9.997083603680025909e-01 1.002928655094985189e+00
1.932235442973662398e-01 -9.811492341651827376e-01 -3.292753595206306377e-03 7.269472744181615553e+01 9.811407160667847682e-01 1.932376462502665149e-01 -4.701845128715397351e-03 3.016847773629646312e+01 5.249495701622188155e-03 -2.322147439724513845e-03 9.999835250773618789e-01 1.026350652539643971e+00
1.767908207051762381e-01 -9.842431122772887786e-01 -3.240624801827237094e-03 7.279400621807123173e+01 9.842475565463022491e-01 1.767941317179143046e-01 -7.631662618290998689e-04 3.071742295890892649e+01 1.324064584790294761e-03 -3.054656253118548902e-03 9.999944579487181073e-01 1.031930806287978619e+00
1.570118249671044464e-01 -9.875475854498031447e-01 -9.851562960410228248e-03 7.293374954464823645e+01 9.875486383333418328e-01 1.570948032379575199e-01 -8.301187962632239348e-03 3.159094115882931675e+01 9.745447473714445238e-03 -8.425512915600471761e-03 9.999170150495720888e-01 1.026754958712102095e+00
1.357742097389306457e-01 -9.907050551273112182e-01 -8.298054890136758593e-03 7.306845067526590753e+01 9.906241685160666055e-01 1.358815649059045838e-01 -1.414061775790904918e-02 3.253011654602283187e+01 1.513673417953040508e-02 -6.300322524542028430e-03 9.998655835733447628e-01 1.026115202863516540e+00
1.208129054376906042e-01 -9.926392127807475152e-01 -8.463753878813918413e-03 7.315161029080807964e+01 9.925845167684075321e-01 1.209127714819095700e-01 -1.249314869004023582e-02 3.319884721869656374e+01 1.342456521946252569e-02 -6.891657462540422448e-03 9.998861365706036564e-01 1.031741823258398139e+00
9.791247360065027938e-02 -9.951523693677565285e-01 -9.214621812182065622e-03 7.324017678829592626e+01 9.951775391733563847e-01 9.785166077184798139e-02 6.835057355625269102e-03 3.414041199508920954e+01 -5.900257474508485353e-03 -9.839422032352084999e-03 9.999341842020424975e-01 1.058029231002465265e+00
7.583250217102510682e-02 -9.970489062521842305e-01 -1.195450357832149139e-02 7.329893562443187705e+01 9.968238450703521547e-01 7.551202492943187572e-02 2.530130412086662242e-02 3.494778114620297771e+01 -2.432392882823875349e-02 -1.383519542252511017e-02 9.996083902478909433e-01 1.080739219644844651e+00
6.588223763400449795e-02 -9.977164289642795891e-01 -1.488146965530747802e-02 7.331577029976290305e+01 9.972135965989579187e-01 6.531135674930384216e-02 3.604815442900411587e-02 3.527757020663442233e+01 -3.499390693404713648e-02 -1.721493695400637750e-02 9.992392468388945348e-01 1.095600051985676338e+00
6.343289066531709874e-02 -9.977969536113349136e-01 -1.942955855857575118e-02 7.331913419261839238e+01 9.973832814823252457e-01 6.270597600471737587e-02 3.597986093421839254e-02 3.545247695644536634e+01 -3.468224619876628806e-02 -2.166102345769888374e-02 9.991636211659096212e-01 1.097233490834808478e+00
6.271720816311950053e-02 -9.979052534636068117e-01 -1.586369786518942657e-02 7.331858698940349939e+01 9.980309871992937287e-01 6.272259149061881756e-02 1.584509552948520689e-04 3.539341738863101483e+01 8.368932000238110029e-04 -1.584239964257321692e-02 9.998741510726921744e-01 1.056106019203209012e+00
6.288313295842193340e-02 -9.978708426839247858e-01 -1.730586347475166278e-02 7.331358815149269503e+01 9.978281733461656922e-01 6.320229482041726798e-02 -1.855818973091174010e-02 3.536510913327627037e+01 1.961244671092619504e-02 -1.610128102687305093e-02 9.996779984991691625e-01 1.035443105457078072e+00
6.334650860378009118e-02 -9.978181403689945217e-01 -1.860587536968665023e-02 7.330406760009658740e+01 9.979259226356549384e-01 6.354520257097062697e-02 -1.028883676574716619e-02 3.535991973643186270e+01 1.144870208753494441e-02 -1.791552345803428328e-02 9.997739550717129609e-01 1.045309095645853947e+00
6.396315274031597053e-02 -9.977936076000112342e-01 -1.779414859085626591e-02 7.330620756304364249e+01 9.979521155319150960e-01 6.394334955899223794e-02 1.680223959070205201e-03 3.535675738298698434e+01 -5.386992622468639953e-04 -1.786518065206622180e-02 9.998402598032216648e-01 1.058371212927837757e+00
6.357116113240941779e-02 -9.978342055347648731e-01 -1.689987387767229871e-02 7.331595336719924205e+01 9.979712716962803043e-01 6.350276232809519417e-02 4.554124022387656505e-03 3.537451002032241831e+01 -3.471072051557367276e-03 -1.715509957725157644e-02 9.998468153758891530e-01 1.061719072703618094e+00
6.340210505666651897e-02 -9.978468137774676450e-01 -1.679015510764021724e-02 7.330688590045387798e+01 9.979812328317593240e-01 6.333045568263018232e-02 4.765742191175453835e-03 3.536372704251731847e+01 -3.692152486800378847e-03 -1.705841778083716509e-02 9.998476775953567541e-01 1.061380229201501102e+00
6.353989473601080740e-02 -9.978375367183807132e-01 -1.682058538607450818e-02 7.330482972648560747e+01 9.979720323841612117e-01 6.346608613119043840e-02 4.886562208263900593e-03 3.535896035850056762e+01 -3.808458476025534771e-03 -1.709696543196618373e-02 9.998465829401300686e-01 1.061432113564984014e+00
6.326741379509501217e-02 -9.978557149486217970e-01 -1.676921274402833756e-02 7.330715784943322433e+01 9.979895371008298266e-01 6.319477130378053920e-02 4.827495948701383301e-03 3.536783574931281748e+01 -3.757417856999682899e-03 -1.704092204773883720e-02 9.998477328007553400e-01 1.061361415431113508e+00
6.334134018810977373e-02 -9.978519340287026473e-01 -1.671503450044945979e-02 7.330955150967221812e+01 9.979838580129740677e-01 6.326461780259898249e-02 5.080086596855183483e-03 3.534866919037777677e+01 -4.011703966477046107e-03 -1.700311411089500471e-02 9.998473885257774807e-01 1.061509760590557017e+00
6.315400880369215209e-02 -9.978644755831759250e-01 -1.667511742495176794e-02 7.331392445125227653e+01 9.979963014637958096e-01 6.307997838288907644e-02 4.929360181525532271e-03 3.535233099095283649e+01 -3.866967365800472178e-03 -1.695301437287701982e-02 9.998488095042492585e-01 1.061467927572162351e+00
6.316172631280617122e-02 -9.978637027861110287e-01 -1.669212362695291982e-02 7.331459007010940354e+01 9.979956109828236333e-01 6.308672965287506762e-02 4.982469340213169923e-03 3.533995806055584410e+01 -3.918773814257440515e-03 -1.697336748251022237e-02 9.998482624919123873e-01 1.061286367549160392e+00
6.313585102135946259e-02 -9.978663059487604681e-01 -1.663429493495260231e-02 7.331259484608169430e+01 9.979970752666813549e-01 6.306040442429634851e-02 5.022265723230296547e-03 3.533506859693819280e+01 -3.962584378821762919e-03 -1.691806271469763895e-02 9.998490271431093035e-01 1.061478373647624540e+00
6.310483398658028875e-02 -9.978700004625952191e-01 -1.653003642784817845e-02 7.331101688912785619e+01 9.979985171174763359e-01 6.302774544832595582e-02 5.144233180924755872e-03 3.533710350191602600e+01 -4.091425038403114986e-03 -1.682157782376089011e-02 9.998501361507503571e-01 1.061803534726462717e+00
6.300952863877118393e-02 -9.978745161242701389e-01 -1.662075120062730255e-02 7.331435661835409690e+01 9.980042500693963037e-01 6.293080345571354373e-02 5.218315804988616843e-03 3.533595024886633240e+01 -4.161267131793657328e-03 -1.691638395673267584e-02 9.998482483905675178e-01 1.061975653595439661e+00
6.314425075459335901e-02 -9.978661900135448182e-01 -1.660934750351829650e-02 7.331684315257781748e+01 9.979957172837653490e-01 6.306549133101671534e-02 5.224182849073341108e-03 3.533521181082090123e+01 -4.165558774541945099e-03 -1.690593478719881401e-02 9.998484072543529777e-01 1.061096807710274037e+00
6.347487539594377781e-02 -9.978453356691925347e-01 -1.660199616629374347e-02 7.331224523004122773e+01 9.979744310913442051e-01 6.339484673930717573e-02 5.303611487301840115e-03 3.533102829077247975e+01 -4.239702982276933978e-03 -1.690501375734267814e-02 9.998481111791359677e-01 1.060827146355376005e+00
6.363202956022188939e-02 -9.978352564404130431e-01 -1.660619819651374882e-02 7.331087339683411130e+01 9.979651942787655106e-01 6.355509744703063957e-02 5.120605105345325640e-03 3.532857910404495527e+01 -4.054111763818205733e-03 -1.689824230484510484e-02 9.998489953912105266e-01 1.061061022499963924e+00
6.344930892222253038e-02 -9.978486912453040647e-01 -1.649771430610563056e-02 7.330846954155255446e+01 9.979766660174996806e-01 6.337229351506629138e-02 5.150388260762470312e-03 3.532856336722451118e+01 -4.093810192072774162e-03 -1.679112249594303177e-02 9.998506383072609527e-01 1.061318835066529687e+00
6.354577090081883761e-02 -9.978433197452966086e-01 -1.645126865338350161e-02 7.330606213844936292e+01 9.979703585788514131e-01 6.346828875493598643e-02 5.190348785865135130e-03 3.531872460304396810e+01 -4.135020993845665155e-03 -1.674770319193610163e-02 9.998511969484132900e-01 1.060784215878573633e+00
6.331903004184440131e-02 -9.978591281989028783e-01 -1.636645058297821892e-02 7.330392075880020286e+01 9.979844115138604144e-01 6.324059186441666203e-02 5.267059518601399822e-03 3.531797641496812901e+01 -4.220759397816055414e-03 -1.666696765351471932e-02 9.998521877654427126e-01 1.061562748641770026e+00
6.338371779657200888e-02 -9.978567044079590387e-01 -1.626351088699208927e-02 7.330376298673326119e+01 9.979794512626278813e-01 6.330253700059210176e-02 5.459273471214844652e-03 3.529788292383150150e+01 -4.418051134764892918e-03 -1.657667871967795359e-02 9.998528364448415751e-01 1.061757148233043457e+00
6.345543030235789583e-02 -9.978521914818507810e-01 -1.626076013014074798e-02 7.330079568521817635e+01 9.979751194972236172e-01 6.337510413794716913e-02 5.408977722937959205e-03 3.529710158735407077e+01 -4.366832907900303727e-03 -1.657106304289781770e-02 9.998531545381965646e-01 1.062518542695741308e+00
6.342987231971894402e-02 -9.978550647793327233e-01 -1.618397329883693170e-02 7.329800066171402761e+01 9.979766441458908233e-01 6.334958892276694453e-02 5.426538733214269529e-03 3.529953047430529267e+01 -4.389651103540726830e-03 -1.649543202070579556e-02 9.998543052293366040e-01 1.062402161041895887e+00
6.327796208392531818e-02 -9.978645777367518566e-01 -1.619209723163218123e-02 7.329701855197212979e+01 9.979850878669561665e-01 6.319327656059885168e-02 5.689832398244897699e-03 3.528546510367424816e+01 -4.654450525012896953e-03 -1.651951257722078861e-02 9.998527100500959053e-01 1.062944642033542442e+00
6.363017873696660831e-02 -9.978436481629432420e-01 -1.610137182879591011e-02 7.329457614406138077e+01 9.979612664317957238e-01 6.354107380824416951e-02 5.986872400697528830e-03 3.527231435924453962e+01 -4.950864141610558482e-03 -1.644949118248622069e-02 9.998524407051714302e-01 1.062453520870857426e+00
6.366856190901483414e-02 -9.978424190183594611e-01 -1.602563671201985909e-02 7.329447122791864899e+01 9.979575243942077067e-01 6.357573089427503987e-02 6.237463125619789259e-03 3.526358163461217998e+01 -5.205163726793480931e-03 -1.639003504713701029e-02 9.998521255774428518e-01 1.062330409863831537e+00
6.385683908376516005e-02 -9.978285792625340989e-01 -1.613785949690919527e-02 7.329267673924972826e+01 9.979445835670546217e-01 6.376043386232356502e-02 6.419906764641228336e-03 3.525344172448708235e+01 -5.377009522827741472e-03 -1.651464442850917799e-02 9.998491657685127931e-01 1.062379481564111661e+00
6.379885879730674836e-02 -9.978292389983509647e-01 -1.632529987877791994e-02 7.329018005717507833e+01 9.979481986846089336e-01 6.370096659271420880e-02 6.448224352382337515e-03 3.525383147433839781e+01 -5.394289416234231138e-03 -1.670319296196350750e-02 9.998459406261391846e-01 1.062571469579386196e+00
6.399748163530757927e-02 -9.978177368599483454e-01 -1.625073389198588084e-02 7.328949411708197204e+01 9.979354821100527850e-01 6.390004320876453703e-02 6.446551302455932712e-03 3.524356493515197286e+01 -5.394060633296102192e-03 -1.662974700973111550e-02 9.998471661330426974e-01 1.062653479037268367e+00
6.407687425854960428e-02 -9.978127306808711738e-01 -1.624526627777927654e-02 7.328363153885835857e+01 9.979306004868816471e-01 6.398011728435991363e-02 6.407901698066050845e-03 3.523830907946778979e+01 -5.354511849513906435e-03 -1.662224664302170557e-02 9.998475034320942756e-01 1.062074410699181515e+00
6.425789625002326089e-02 -9.978026048571291273e-01 -1.615191969543132433e-02 7.328129312998321154e+01 9.979190048588755246e-01 6.416184656237547412e-02 6.396654373861263010e-03 3.523239960463617848e+01 -5.346261403423445413e-03 -1.652934318212815126e-02 9.998490877642353114e-01 1.062627006188457734e+00
6.388233118344455175e-02 -9.978332578527876473e-01 -1.574284870852109622e-02 7.327468358874527610e+01 9.979407298338168752e-01 6.378202942443166046e-02 6.793560278006873301e-03 3.523436414691807528e+01 -5.774729545071624268e-03 -1.614441839743924884e-02 9.998529943213100291e-01 1.064572648065306160e+00
6.437185849157237016e-02 -9.978007353063065299e-01 -1.581001127556700206e-02 7.327513788578043830e+01 9.979076880891678547e-01 6.426667259322320358e-02 7.073955493806439142e-03 3.522044238745453271e+01 -6.042341174902124586e-03 -1.623229546268774998e-02 9.998499900970834187e-01 1.064169793466441805e+00
6.442574016293037276e-02 -9.978000226297654152e-01 -1.563454011145288744e-02 7.327226802082221013e+01 9.979040559281334710e-01 6.432137800110748760e-02 7.089110961183663941e-03 3.522344646311236716e+01 -6.067879913111745051e-03 -1.605849221056134674e-02 9.998526419734474757e-01 1.064039423818051278e+00
6.408326245119701225e-02 -9.978245372814398273e-01 -1.547670096273218339e-02 7.326710821044173372e+01 9.979244099752831998e-01 6.397572055871403318e-02 7.347050733224923420e-03 3.522672261854309284e+01 -6.340934402300893447e-03 -1.591540065697794396e-02 9.998532355165097307e-01 1.064549099585094583e+00
6.481777333611705993e-02 -9.977760111739759630e-01 -1.554631099314866816e-02 7.326959778655076150e+01 9.978770060083417270e-01 6.470969338222537504e-02 7.357748446819118056e-03 3.520851964308736370e+01 -6.335387878897333867e-03 -1.599021913940787062e-02 9.998520769355320192e-01 1.064494461465528063e+00
6.468297283833518430e-02 -9.977831957184382095e-01 -1.564632118722999662e-02 7.327071069338468590e+01 9.978874842951016566e-01 6.457866970322886924e-02 7.082662391693504006e-03 3.520938258171276658e+01 -6.056542907357991522e-03 -1.607139574710312116e-02 9.998525033857497135e-01 1.063179837567317376e+00
6.502089110020936591e-02 -9.977607365246002891e-01 -1.567789432353549478e-02 7.326478875217637210e+01 9.978668341734122649e-01 6.491986083052861400e-02 6.869710800084810262e-03 3.520809879729009140e+01 -5.836520990003970719e-03 -1.609112549295394282e-02 9.998534946196381279e-01 1.063367680326317233e+00
6.539549122272365900e-02 -9.977344593307035936e-01 -1.579171908962313103e-02 7.326005064520255416e+01 9.978415004079385087e-01 6.529127457600825135e-02 7.027768342410187219e-03 3.519781750262566788e+01 -5.980785180308295819e-03 -1.621721703336167011e-02 9.998506048807088709e-01 1.063411167880623509e+00
6.565417096783909834e-02 -9.977163025543581698e-01 -1.586535381844127873e-02 7.325542266030262795e+01 9.978252097813601340e-01 6.555130929161208375e-02 6.919290060397611207e-03 3.518954047656072959e+01 -5.863493780187530903e-03 -1.628513025474311038e-02 9.998501957659833295e-01 1.063159512900928139e+00
6.543818463303588406e-02 -9.977328530517742822e-01 -1.571616788844022033e-02 7.325100388269189011e+01 9.978389959587002922e-01 6.533529127025647365e-02 6.974084797553819180e-03 3.519334484906084981e+01 -5.931453115844890697e-03 -1.613857663474835974e-02 9.998521711773886711e-01 1.062626952558879401e+00
6.508627043220871489e-02 -9.977578158887836501e-01 -1.559224916642095414e-02 7.325473539244120502e+01 9.978617842062469379e-01 6.498368326526758609e-02 6.998609147862074401e-03 3.519912045629867947e+01 -5.969675196406299886e-03 -1.601442294064029173e-02 9.998539399511945369e-01 1.063010604986702301e+00
