0.000000000000000000e+00 9.999914916053956881e-01 -3.878792691869096566e-03 1.404166681377987331e-03 -4.719762973741617462e-02 3.878168602455482183e-03 9.999923800127743512e-01 4.469056700920069386e-04 2.858827818493640469e-02 -1.405889436092920466e-03 -4.414562725058807178e-04 9.999989142950370669e-01 -1.027260053086004668e-02 1.000000000000000000e+00 0.000000000000000000e+00 0.000000000000000000e+00 0.000000000000000000e+00 0.000000000000000000e+00 1.000000000000000000e+00 0.000000000000000000e+00 0.000000000000000000e+00 0.000000000000000000e+00 0.000000000000000000e+00 1.000000000000000000e+00 0.000000000000000000e+00 1.044633388519287109e+02
1.000000000000000000e+05 9.999977017660521827e-01 1.878143419958320593e-03 1.033943861080610736e-03 2.645905525502470490e-02 -1.878297281406531233e-03 9.999982250668933981e-01 1.478593435522739181e-04 -2.180567890518390547e-02 -1.033664324846249186e-03 -1.498010576803057335e-04 9.999994545487046471e-01 -5.416103545739943056e-03 1.000000000000000000e+00 0.000000000000000000e+00 0.000000000000000000e+00 0.000000000000000000e+00 0.000000000000000000e+00 1.000000000000000000e+00 0.000000000000000000e+00 0.000000000000000000e+00 0.000000000000000000e+00 0.000000000000000000e+00 1.000000000000000000e+00 0.000000000000000000e+00 5.120849609375000000e+01
2.000000000000000000e+05 9.999999079126826729e-01 -4.016917088043817519e-04 -1.510575956323562770e-04 -1.667582970448878293e-02 4.016576301994759712e-04 9.999998938962841866e-01 -2.255627818901454092e-04 2.184939128331715372e-02 1.511481863038841955e-04 2.255020876827886118e-04 9.999999631515165133e-01 1.900901566651724437e-03 1.000000000000000000e+00 0.000000000000000000e+00 0.000000000000000000e+00 0.000000000000000000e+00 0.000000000000000000e+00 1.000000000000000000e+00 0.000000000000000000e+00 0.000000000000000000e+00 0.000000000000000000e+00 0.000000000000000000e+00 1.000000000000000000e+00 0.000000000000000000e+00 6.694316864013671875e+01
3.000000000000000000e+05 9.999974034698250192e-01 -2.277258515198405959e-03 -8.454148670925703320e-05 -2.454166906508653545e-03 2.277259387863766939e-03 9.999974069891773842e-01 1.022750667478326596e-05 -1.424428624845239721e-03 8.451797681560263835e-05 -1.042000301302618433e-05 9.999999963740675568e-01 -7.466435689742127561e-04 1.000000000000000000e+00 0.000000000000000000e+00 0.000000000000000000e+00 0.000000000000000000e+00 0.000000000000000000e+00 1.000000000000000000e+00 0.000000000000000000e+00 0.000000000000000000e+00 0.000000000000000000e+00 0.000000000000000000e+00 1.000000000000000000e+00 0.000000000000000000e+00 8.715748786926269531e+01
4.000000000000000000e+05 9.999992410059549419e-01 8.567649862776511140e-04 -8.854045812175981474e-04 1.388530778290461738e-02 -8.572491680206570982e-04 9.999994831687616381e-01 -5.466132761992553539e-04 1.247558890205453623e-02 8.849358044967697628e-04 5.473718736636441979e-04 9.999994586361803384e-01 -6.152137306202824611e-03 1.000000000000000000e+00 0.000000000000000000e+00 0.000000000000000000e+00 0.000000000000000000e+00 0.000000000000000000e+00 1.000000000000000000e+00 0.000000000000000000e+00 0.000000000000000000e+00 0.000000000000000000e+00 0.000000000000000000e+00 1.000000000000000000e+00 0.000000000000000000e+00 7.746934890747070312e+01
5.000000000000000000e+05 9.999993997985044958e-01 1.004955816261301257e-03 4.364246077170023529e-04 -3.158297694505168667e-03 -1.005093800634104893e-03 9.999994449442568545e-01 3.160658635184334926e-04 -6.127420508968288264e-03 -4.361067332491529256e-04 -3.165043214828900634e-04 9.999998548179552804e-01 -9.128245888643461334e-05 1.000000000000000000e+00 0.000000000000000000e+00 0.000000000000000000e+00 0.000000000000000000e+00 0.000000000000000000e+00 1.000000000000000000e+00 0.000000000000000000e+00 0.000000000000000000e+00 0.000000000000000000e+00 0.000000000000000000e+00 1.000000000000000000e+00 0.000000000000000000e+00 9.786796569824218750e+01
6.000000000000000000e+05 9.999983914910656191e-01 -1.791272158472334867e-03 -9.142940288974341263e-05 6.149198028661344295e-02 1.791291476493457298e-03 9.999983732390459457e-01 2.116461857160435766e-04 2.722216027916989425e-02 9.105013823604074172e-05 -2.118096219913601953e-04 9.999999734232778437e-01 1.557700410117386419e-03 1.000000000000000000e+00 0.000000000000000000e+00 0.000000000000000000e+00 0.000000000000000000e+00 0.000000000000000000e+00 1.000000000000000000e+00 0.000000000000000000e+00 0.000000000000000000e+00 0.000000000000000000e+00 0.000000000000000000e+00 1.000000000000000000e+00 0.000000000000000000e+00 5.889201164245605469e+01
7.000000000000000000e+05 9.999996333960758932e-01 -8.543287139332622366e-04 5.770755957860323663e-05 5.494933139116826154e-02 8.543361629136877761e-04 9.999996267109954040e-01 -1.291804575584021980e-04 1.069794405445698496e-02 -5.759717546283457380e-05 1.292297118553610536e-04 9.999999899911234946e-01 -1.902078421089041646e-03 1.000000000000000000e+00 0.000000000000000000e+00 0.000000000000000000e+00 0.000000000000000000e+00 0.000000000000000000e+00 1.000000000000000000e+00 0.000000000000000000e+00 0.000000000000000000e+00 0.000000000000000000e+00 0.000000000000000000e+00 1.000000000000000000e+00 0.000000000000000000e+00 8.495807647705078125e+01
8.000000000000000000e+05 9.999995984718438313e-01 -8.114317179795636509e-04 3.803087144437630393e-04 6.488240681995711967e-02 8.113929019553075064e-04 9.999996655975170734e-01 1.022076936305318831e-04 1.137223235542475334e-02 -3.803915218320179695e-04 -1.018990727998136980e-04 9.999999224594314784e-01 8.224664262112174650e-04 1.000000000000000000e+00 0.000000000000000000e+00 0.000000000000000000e+00 0.000000000000000000e+00 0.000000000000000000e+00 1.000000000000000000e+00 0.000000000000000000e+00 0.000000000000000000e+00 0.000000000000000000e+00 0.000000000000000000e+00 1.000000000000000000e+00 0.000000000000000000e+00 7.643914222717285156e+01
9.000000000000000000e+05 9.999972200210790474e-01 2.327962823733618035e-03 -3.748855890722287533e-04 1.171799467525469901e-01 -2.327918318790131880e-03 9.999972833010197792e-01 1.191086945303129936e-04 3.255510399287329937e-02 3.751618512337812116e-04 -1.182356603804012236e-04 9.999999226369539196e-01 -9.325991025118440586e-04 1.000000000000000000e+00 0.000000000000000000e+00 0.000000000000000000e+00 0.000000000000000000e+00 0.000000000000000000e+00 1.000000000000000000e+00 0.000000000000000000e+00 0.000000000000000000e+00 0.000000000000000000e+00 0.000000000000000000e+00 1.000000000000000000e+00 0.000000000000000000e+00 8.607769012451171875e+01
1.000000000000000000e+06 9.999986449060377369e-01 -1.570052805514356121e-03 4.950962291659667929e-04 1.335983446369990169e-01 1.569834209489243213e-03 9.999986703031242818e-01 4.416022396894299568e-04 1.555306020518254159e-02 -4.957889096734034891e-04 -4.408244222793673774e-04 9.999997799335686999e-01 2.257407643833897557e-03 1.000000000000000000e+00 0.000000000000000000e+00 0.000000000000000000e+00 0.000000000000000000e+00 0.000000000000000000e+00 1.000000000000000000e+00 0.000000000000000000e+00 0.000000000000000000e+00 0.000000000000000000e+00 0.000000000000000000e+00 1.000000000000000000e+00 0.000000000000000000e+00 8.210110664367675781e+01
1.100000000000000000e+06 9.999842771910805173e-01 -5.604758759262215215e-03 -1.790248101593953933e-04 2.889621931783147302e-01 5.604561224207476461e-03 9.999837051916079522e-01 -1.085469827929837032e-03 7.824648933700037445e-03 1.851056895104210328e-04 1.084449405785954451e-03 9.999993948525018883e-01 -8.863370758477418648e-03 1.000000000000000000e+00 0.000000000000000000e+00 0.000000000000000000e+00 0.000000000000000000e+00 0.000000000000000000e+00 1.000000000000000000e+00 0.000000000000000000e+00 0.000000000000000000e+00 0.000000000000000000e+00 0.000000000000000000e+00 1.000000000000000000e+00 0.000000000000000000e+00 7.798552513122558594e+01
1.200000000000000000e+06 9.999881762774618377e-01 -4.829639838346479197e-03 -5.673484887396652377e-04 2.312573310942915572e-01 4.829185077790416197e-03 9.999880192475769647e-01 -8.002079679830255941e-04 1.057199895426951669e-02 5.712064077590171905e-04 7.974586756903106902e-04 9.999995188913343158e-01 -6.309601577174250853e-03 1.000000000000000000e+00 0.000000000000000000e+00 0.000000000000000000e+00 0.000000000000000000e+00 0.000000000000000000e+00 1.000000000000000000e+00 0.000000000000000000e+00 0.000000000000000000e+00 0.000000000000000000e+00 0.000000000000000000e+00 1.000000000000000000e+00 0.000000000000000000e+00 1.049964427947998047e+02
1.300000000000000000e+06 9.999546131383330039e-01 -9.514996789237634839e-03 4.863121092979118417e-04 1.176787713119837320e-01 9.514869886794615622e-03 9.999546981201569151e-01 2.625994349221659062e-04 -3.380334914129628360e-02 -4.887887112253102911e-04 -2.579603199135969732e-04 9.999998472710229791e-01 -8.583025207228129824e-04 1.000000000000000000e+00 0.000000000000000000e+00 0.000000000000000000e+00 0.000000000000000000e+00 0.000000000000000000e+00 1.000000000000000000e+00 0.000000000000000000e+00 0.000000000000000000e+00 0.000000000000000000e+00 0.000000000000000000e+00 1.000000000000000000e+00 0.000000000000000000e+00 8.593845367431640625e+01
1.400000000000000000e+06 9.999973703832117922e-01 -2.259191847688950521e-03 -3.940543830500421708e-04 8.444769362037575222e-01 2.259261271080846394e-03 9.999974324094264011e-01 1.758211130273410903e-04 9.300992760004025972e-02 3.936561576545197965e-04 -1.767109224915151767e-04 9.999999069040353961e-01 -3.895242897553586724e-03 1.000000000000000000e+00 0.000000000000000000e+00 0.000000000000000000e+00 0.000000000000000000e+00 0.000000000000000000e+00 1.000000000000000000e+00 0.000000000000000000e+00 0.000000000000000000e+00 0.000000000000000000e+00 0.000000000000000000e+00 1.000000000000000000e+00 0.000000000000000000e+00 6.510553359985351562e+02
1.500000000000000000e+06 9.999731208142196293e-01 -7.328570261168251485e-03 -2.229506616024957413e-04 3.663345471417949195e-01 7.328478263940133887e-03 9.999730620068805198e-01 -4.106907821370774482e-04 2.381099166628227251e-02 2.259544320116131948e-04 4.090458540257611050e-04 9.999998908130360853e-01 -1.282370164345657433e-03 1.000000000000000000e+00 0.000000000000000000e+00 0.000000000000000000e+00 0.000000000000000000e+00 0.000000000000000000e+00 1.000000000000000000e+00 0.000000000000000000e+00 0.000000000000000000e+00 0.000000000000000000e+00 0.000000000000000000e+00 1.000000000000000000e+00 0.000000000000000000e+00 2.341456413269042969e+02
1.600000000000000000e+06 9.999820706885934607e-01 -5.987747083112739642e-03 7.201542559903564931e-05 2.716563201800601401e-01 5.987743338326931807e-03 9.999820719467648056e-01 5.210345210044422517e-05 2.137784811575011573e-02 -7.232611679598629226e-05 -5.167130803653875466e-05 9.999999960495044027e-01 1.401685358871199204e-03 1.000000000000000000e+00 0.000000000000000000e+00 0.000000000000000000e+00 0.000000000000000000e+00 0.000000000000000000e+00 1.000000000000000000e+00 0.000000000000000000e+00 0.000000000000000000e+00 0.000000000000000000e+00 0.000000000000000000e+00 1.000000000000000000e+00 0.000000000000000000e+00 1.691763401031494141e+02
1.700000000000000000e+06 9.999863368867923930e-01 -5.192192903156065548e-03 -6.059476801411787465e-04 2.160879391590315446e-01 5.192078092880366737e-03 9.999865028516173870e-01 -1.908917753291202953e-04 3.862168594541966898e-03 6.069306484965623222e-04 1.877430394776908728e-04 9.999997981938492098e-01 -2.605252240182241133e-04 1.000000000000000000e+00 0.000000000000000000e+00 0.000000000000000000e+00 0.000000000000000000e+00 0.000000000000000000e+00 1.000000000000000000e+00 0.000000000000000000e+00 0.000000000000000000e+00 0.000000000000000000e+00 0.000000000000000000e+00 1.000000000000000000e+00 0.000000000000000000e+00 6.945729255676269531e+01
1.800000000000000000e+06 9.998886670804749688e-01 -1.492109477317869054e-02 -1.198949572889851432e-04 2.061088098083997122e-01 1.492107960903974254e-02 9.998886665064788959e-01 -1.263930224551116982e-04 5.491022769849546181e-02 1.217675312312558315e-04 1.245899885484828004e-04 9.999999848250014090e-01 -2.886591734508936295e-03 1.000000000000000000e+00 0.000000000000000000e+00 0.000000000000000000e+00 0.000000000000000000e+00 0.000000000000000000e+00 1.000000000000000000e+00 0.000000000000000000e+00 0.000000000000000000e+00 0.000000000000000000e+00 0.000000000000000000e+00 1.000000000000000000e+00 0.000000000000000000e+00 2.570905685424804688e+02
1.900000000000000000e+06 9.999827332219257681e-01 -5.869016774838745586e-03 2.964795161795939055e-04 3.666764289916727426e-01 5.868939798648152920e-03 9.999827438654403933e-01 2.598403067429778663e-04 2.881986747656266334e-02 -2.979994072082222918e-04 -2.580957997060762772e-04 9.999999222914527364e-01 -2.917936146974843201e-03 1.000000000000000000e+00 0.000000000000000000e+00 0.000000000000000000e+00 0.000000000000000000e+00 0.000000000000000000e+00 1.000000000000000000e+00 0.000000000000000000e+00 0.000000000000000000e+00 0.000000000000000000e+00 0.000000000000000000e+00 1.000000000000000000e+00 0.000000000000000000e+00 8.163285255432128906e+01
2.000000000000000000e+06 9.999628563290995364e-01 -8.594055298968754017e-03 -6.543513329762895092e-04 3.465110139444223525e-01 8.593942247443789664e-03 9.999630560159358250e-01 -1.753850565393946825e-04 -1.274120248718724202e-02 6.558344275055839889e-04 1.697550845294376522e-04 9.999997705321811425e-01 8.508120890443181955e-04 1.000000000000000000e+00 0.000000000000000000e+00 0.000000000000000000e+00 0.000000000000000000e+00 0.000000000000000000e+00 1.000000000000000000e+00 0.000000000000000000e+00 0.000000000000000000e+00 0.000000000000000000e+00 0.000000000000000000e+00 1.000000000000000000e+00 0.000000000000000000e+00 6.969833374023437500e+01
2.100000000000000000e+06 9.999895649568304457e-01 -4.559322211587185474e-03 -2.873298099056335116e-04 3.407469051811035654e-01 4.559282382430107118e-03 9.999895967406172703e-01 -1.391211513950167200e-04 2.542637626498831308e-02 2.879611188947495582e-04 1.378096819195463783e-04 9.999999490434414717e-01 -1.412828792487871203e-03 1.000000000000000000e+00 0.000000000000000000e+00 0.000000000000000000e+00 0.000000000000000000e+00 0.000000000000000000e+00 1.000000000000000000e+00 0.000000000000000000e+00 0.000000000000000000e+00 0.000000000000000000e+00 0.000000000000000000e+00 1.000000000000000000e+00 0.000000000000000000e+00 7.213544845581054688e+01
2.200000000000000000e+06 9.999901938826419867e-01 -4.425159007054037599e-03 1.735117239497801416e-04 4.492051178355507268e-01 4.425104147148872964e-03 9.999901594732636401e-01 3.152933933518984352e-04 -1.768050586312425523e-02 -1.749052399024772985e-04 -3.145224940986518806e-04 9.999999352418768028e-01 -2.649808185118995678e-03 1.000000000000000000e+00 0.000000000000000000e+00 0.000000000000000000e+00 0.000000000000000000e+00 0.000000000000000000e+00 1.000000000000000000e+00 0.000000000000000000e+00 0.000000000000000000e+00 0.000000000000000000e+00 0.000000000000000000e+00 1.000000000000000000e+00 0.000000000000000000e+00 7.815766334533691406e+01
2.300000000000000000e+06 9.999869095046315381e-01 -5.103218282664985679e-03 -3.714600048171103042e-04 1.437160241101339109e+00 5.103263105597168406e-03 9.999869710896334141e-01 1.198192622173862990e-04 7.184874828186661733e-02 3.708437012484396738e-04 -1.217133518616773051e-04 9.999999238304017046e-01 -4.678567143382339651e-03 1.000000000000000000e+00 0.000000000000000000e+00 0.000000000000000000e+00 0.000000000000000000e+00 0.000000000000000000e+00 1.000000000000000000e+00 0.000000000000000000e+00 0.000000000000000000e+00 0.000000000000000000e+00 0.000000000000000000e+00 1.000000000000000000e+00 0.000000000000000000e+00 4.871778488159179688e+02
2.400000000000000000e+06 9.999858578851420488e-01 -5.272292413557474328e-03 6.978269286826813437e-04 4.758341219975149583e-01 5.272155330440065658e-03 9.999860824631341405e-01 1.981368358313388624e-04 7.294142566618669506e-03 -6.988618519870752393e-04 -1.944549817956699287e-04 9.999997368896513805e-01 -7.036171674465910124e-04 1.000000000000000000e+00 0.000000000000000000e+00 0.000000000000000000e+00 0.000000000000000000e+00 0.000000000000000000e+00 1.000000000000000000e+00 0.000000000000000000e+00 0.000000000000000000e+00 0.000000000000000000e+00 0.000000000000000000e+00 1.000000000000000000e+00 0.000000000000000000e+00 2.742490768432617188e+02
2.500000000000000000e+06 9.999749911747819464e-01 -7.057369527934376739e-03 4.588685444759728511e-04 5.992035652664156054e-01 7.057349836392559465e-03 9.999750956055886153e-01 4.451831879503273358e-05 9.398939215869130115e-03 -4.591712988592571917e-04 -4.127880959689578298e-05 9.999998937288834266e-01 2.745914512458761097e-03 1.000000000000000000e+00 0.000000000000000000e+00 0.000000000000000000e+00 0.000000000000000000e+00 0.000000000000000000e+00 1.000000000000000000e+00 0.000000000000000000e+00 0.000000000000000000e+00 0.000000000000000000e+00 0.000000000000000000e+00 1.000000000000000000e+00 0.000000000000000000e+00 1.189615726470947266e+02
2.600000000000000000e+06 9.998605491502416953e-01 -1.669956202327782871e-02 8.295304535364389899e-05 1.320430448247204014e+00 1.669952877589124182e-02 9.998604784422516767e-01 3.865073019414256563e-04 3.999351191325387772e-02 -8.939597427675682602e-05 -3.850681264018012101e-04 9.999999218654458399e-01 -6.840931100027637180e-04 1.000000000000000000e+00 0.000000000000000000e+00 0.000000000000000000e+00 0.000000000000000000e+00 0.000000000000000000e+00 1.000000000000000000e+00 0.000000000000000000e+00 0.000000000000000000e+00 0.000000000000000000e+00 0.000000000000000000e+00 1.000000000000000000e+00 0.000000000000000000e+00 1.151664257049560547e+02
2.700000000000000000e+06 9.999426406497513575e-01 -1.071028530052531812e-02 -7.210536511809259499e-05 7.849248616937272160e-01 1.071028799237876139e-02 9.999426425342635705e-01 3.705016087824381795e-05 1.765248197942219377e-02 7.170441154364706456e-05 -3.782030493129962564e-05 9.999999967140510426e-01 -9.850475371766971838e-04 1.000000000000000000e+00 0.000000000000000000e+00 0.000000000000000000e+00 0.000000000000000000e+00 0.000000000000000000e+00 1.000000000000000000e+00 0.000000000000000000e+00 0.000000000000000000e+00 0.000000000000000000e+00 0.000000000000000000e+00 1.000000000000000000e+00 0.000000000000000000e+00 9.752678871154785156e+01
2.800000000000000000e+06 9.999559888342942626e-01 -9.369813471428001944e-03 4.764346118927584393e-04 6.169847346426280410e-01 9.370039803090556008e-03 9.999559873670653687e-01 -4.750608865210807427e-04 3.423272671989912447e-02 -4.719624108567940942e-04 4.795041898146888779e-04 9.999997736635817258e-01 -4.055491175423446212e-03 1.000000000000000000e+00 0.000000000000000000e+00 0.000000000000000000e+00 0.000000000000000000e+00 0.000000000000000000e+00 1.000000000000000000e+00 0.000000000000000000e+00 0.000000000000000000e+00 0.000000000000000000e+00 0.000000000000000000e+00 1.000000000000000000e+00 0.000000000000000000e+00 8.158326148986816406e+01
2.900000000000000000e+06 9.999957051337684533e-01 -2.920179973857824855e-03 2.495254247308141657e-04 5.778459286385533300e-01 2.920095914890240545e-03 9.999956798681388648e-01 3.365782323296388464e-04 7.288946784616432729e-03 -2.505072157617621001e-04 -3.358481485977368448e-04 9.999999122260740947e-01 -9.115905212784944280e-04 1.000000000000000000e+00 0.000000000000000000e+00 0.000000000000000000e+00 0.000000000000000000e+00 0.000000000000000000e+00 1.000000000000000000e+00 0.000000000000000000e+00 0.000000000000000000e+00 0.000000000000000000e+00 0.000000000000000000e+00 1.000000000000000000e+00 0.000000000000000000e+00 8.304476737976074219e+01
3.000000000000000000e+06 9.999796420630316929e-01 -6.379126549905098607e-03 1.490099034335827142e-04 1.487670768885128059e+00 6.379002821025306705e-03 9.999793205628751958e-01 8.165596241612909159e-04 2.165731773173646540e-02 -1.542157591707215127e-04 -8.155924660975679514e-04 9.999996555131551723e-01 -5.157642456202589203e-03 1.000000000000000000e+00 0.000000000000000000e+00 0.000000000000000000e+00 0.000000000000000000e+00 0.000000000000000000e+00 1.000000000000000000e+00 0.000000000000000000e+00 0.000000000000000000e+00 0.000000000000000000e+00 0.000000000000000000e+00 1.000000000000000000e+00 0.000000000000000000e+00 7.047390937805175781e+01
3.100000000000000000e+06 9.999853749360418931e-01 -5.405808340932463478e-03 1.647731918371076170e-04 7.510985618015452170e-01 5.405812795597574223e-03 9.999853881334292982e-01 -2.660176310278741303e-05 -2.240820890152748351e-02 -1.646269801603494692e-04 2.749210707910512496e-05 9.999999860710705457e-01 -2.664812084472452814e-03 1.000000000000000000e+00 0.000000000000000000e+00 0.000000000000000000e+00 0.000000000000000000e+00 0.000000000000000000e+00 1.000000000000000000e+00 0.000000000000000000e+00 0.000000000000000000e+00 0.000000000000000000e+00 0.000000000000000000e+00 1.000000000000000000e+00 0.000000000000000000e+00 9.421253204345703125e+01
3.200000000000000000e+06 9.999870389887283162e-01 -5.086762467674360924e-03 -2.161068093862799028e-04 7.434891470554728654e-01 5.086688671568385771e-03 9.999870046874091978e-01 -3.406679643726239761e-04 1.225008612068094818e-02 2.178368980258486225e-04 3.395642809121438509e-04 9.999999186215891012e-01 -4.986566322674684283e-03 1.000000000000000000e+00 0.000000000000000000e+00 0.000000000000000000e+00 0.000000000000000000e+00 0.000000000000000000e+00 1.000000000000000000e+00 0.000000000000000000e+00 0.000000000000000000e+00 0.000000000000000000e+00 0.000000000000000000e+00 1.000000000000000000e+00 0.000000000000000000e+00 1.009738445281982422e+02
3.300000000000000000e+06 9.999539801219442525e-01 -9.592162417113163017e-03 1.675065551611676525e-04 1.666552555251649803e+00 9.592175480502068349e-03 9.999539910341667115e-01 -7.735885862296413759e-05 2.084264591157431942e-02 -1.667568096214804268e-04 7.896205084896409834e-05 9.999999829785802818e-01 1.680922127057869926e-03 1.000000000000000000e+00 0.000000000000000000e+00 0.000000000000000000e+00 0.000000000000000000e+00 0.000000000000000000e+00 1.000000000000000000e+00 0.000000000000000000e+00 0.000000000000000000e+00 0.000000000000000000e+00 0.000000000000000000e+00 1.000000000000000000e+00 0.000000000000000000e+00 9.714579582214355469e+01
3.400000000000000000e+06 9.999982727040677144e-01 -1.857495703148876387e-03 -6.556366376466405083e-05 7.331540870780897112e-01 1.857473945405513317e-03 9.999982203208309661e-01 -3.303720826464500685e-04 1.970787433588639878e-02 6.617721180633352642e-05 3.302497291988873234e-04 9.999999432778449160e-01 -5.480336094647232474e-03 1.000000000000000000e+00 0.000000000000000000e+00 0.000000000000000000e+00 0.000000000000000000e+00 0.000000000000000000e+00 1.000000000000000000e+00 0.000000000000000000e+00 0.000000000000000000e+00 0.000000000000000000e+00 0.000000000000000000e+00 1.000000000000000000e+00 0.000000000000000000e+00 9.946417808532714844e+01
3.500000000000000000e+06 9.999995843664359896e-01 -8.971001130749764246e-04 -1.627216718696501143e-04 9.669353667698498134e-01 8.972223159892741716e-04 9.999993143815297802e-01 7.524816183915280284e-04 1.627767689722328659e-02 1.620465089597205059e-04 -7.526273031502076979e-04 9.999997036464918221e-01 -4.213132856112754981e-03 1.000000000000000000e+00 0.000000000000000000e+00 0.000000000000000000e+00 0.000000000000000000e+00 0.000000000000000000e+00 1.000000000000000000e+00 0.000000000000000000e+00 0.000000000000000000e+00 0.000000000000000000e+00 0.000000000000000000e+00 1.000000000000000000e+00 0.000000000000000000e+00 8.031988143920898438e+01
3.600000000000000000e+06 9.999881278763079751e-01 -4.868486827658346366e-03 -2.047985488868812995e-04 1.742473384983201479e+00 4.868485653957616878e-03 9.999881488340923719e-01 -6.229143225042656359e-06 -1.137229657006934985e-02 2.048264482870395089e-04 5.232010474676674010e-06 9.999999790093758723e-01 3.895589405189186540e-03 1.000000000000000000e+00 0.000000000000000000e+00 0.000000000000000000e+00 0.000000000000000000e+00 0.000000000000000000e+00 1.000000000000000000e+00 0.000000000000000000e+00 0.000000000000000000e+00 0.000000000000000000e+00 0.000000000000000000e+00 1.000000000000000000e+00 0.000000000000000000e+00 7.795143127441406250e+01
3.700000000000000000e+06 9.999927224598650355e-01 -3.803037550668008585e-03 3.032040495448320018e-04 1.161043510149637470e+00 3.803358310413989824e-03 9.999922006888911641e-01 -1.064437387066013898e-03 1.581617311065098425e-02 -2.991535894087731721e-04 1.065582834221795840e-03 9.999993875199891802e-01 -1.690025433241757304e-03 1.000000000000000000e+00 0.000000000000000000e+00 0.000000000000000000e+00 0.000000000000000000e+00 0.000000000000000000e+00 1.000000000000000000e+00 0.000000000000000000e+00 0.000000000000000000e+00 0.000000000000000000e+00 0.000000000000000000e+00 1.000000000000000000e+00 0.000000000000000000e+00 1.149837970733642578e+02
3.800000000000000000e+06 9.999990183469713578e-01 -1.106884042983838530e-03 -8.591349189859918013e-04 7.378088456817545326e-01 1.106597976887353958e-03 9.999993321511563282e-01 -3.333739022621681715e-04 -1.037119998022690767e-02 8.595033514664909618e-04 3.324228580414442346e-04 9.999995753744259641e-01 -1.390471155025280593e-04 1.000000000000000000e+00 0.000000000000000000e+00 0.000000000000000000e+00 0.000000000000000000e+00 0.000000000000000000e+00 1.000000000000000000e+00 0.000000000000000000e+00 0.000000000000000000e+00 0.000000000000000000e+00 0.000000000000000000e+00 1.000000000000000000e+00 0.000000000000000000e+00 8.410120010375976562e+01
3.900000000000000000e+06 9.999984570727439293e-01 -6.098026544454028183e-04 -1.647420060033907667e-03 1.010364463885566444e+00 6.087638127007679147e-04 9.999996156133271752e-01 -6.310149112056125369e-04 -1.449388440686293425e-02 1.647804221355439946e-03 6.300110478786410300e-04 9.999984439124531832e-01 -1.549255173507109104e-03 1.000000000000000000e+00 0.000000000000000000e+00 0.000000000000000000e+00 0.000000000000000000e+00 0.000000000000000000e+00 1.000000000000000000e+00 0.000000000000000000e+00 0.000000000000000000e+00 0.000000000000000000e+00 0.000000000000000000e+00 1.000000000000000000e+00 0.000000000000000000e+00 4.740684032440185547e+02
4.000000000000000000e+06 9.999994439551211922e-01 -1.549806350889602999e-04 1.043106155278222596e-03 2.085257131154278909e+00 1.552064198519695608e-04 9.999999645460265763e-01 -2.163767846748864039e-04 3.115756862792396463e-03 -1.043072584084457155e-03 2.165385611315696825e-04 9.999994325551569974e-01 -4.606946185293159940e-03 1.000000000000000000e+00 0.000000000000000000e+00 0.000000000000000000e+00 0.000000000000000000e+00 0.000000000000000000e+00 1.000000000000000000e+00 0.000000000000000000e+00 0.000000000000000000e+00 0.000000000000000000e+00 0.000000000000000000e+00 1.000000000000000000e+00 0.000000000000000000e+00 3.151035308837890625e+02
4.100000000000000000e+06 9.999970054189364355e-01 1.643718012380224625e-03 1.813103487205517186e-03 8.395006624915996030e-01 -1.644575086481783223e-03 9.999985366133361531e-01 4.713215153991992534e-04 -1.705757695063956280e-03 -1.812326114269570106e-03 -4.743018888129858280e-04 9.999982452543473288e-01 -5.713287837844588900e-03 1.000000000000000000e+00 0.000000000000000000e+00 0.000000000000000000e+00 0.000000000000000000e+00 0.000000000000000000e+00 1.000000000000000000e+00 0.000000000000000000e+00 0.000000000000000000e+00 0.000000000000000000e+00 0.000000000000000000e+00 1.000000000000000000e+00 0.000000000000000000e+00 1.609237194061279297e+02
4.200000000000000000e+06 9.999979599034342082e-01 -1.854324439188680942e-03 8.010429726173876356e-04 9.665702755722643813e-01 1.853975197340748671e-03 9.999981861172975162e-01 4.365066810310011492e-04 1.024021463299707238e-02 -8.018509446259005063e-04 -4.350206767119834251e-04 9.999995838959501171e-01 -1.673370159434797375e-03 1.000000000000000000e+00 0.000000000000000000e+00 0.000000000000000000e+00 0.000000000000000000e+00 0.000000000000000000e+00 1.000000000000000000e+00 0.000000000000000000e+00 0.000000000000000000e+00 0.000000000000000000e+00 0.000000000000000000e+00 1.000000000000000000e+00 0.000000000000000000e+00 1.172931194305419922e+02
4.300000000000000000e+06 9.999977501671238889e-01 1.954394514127731197e-03 8.246228067226448561e-04 1.371046672381441400e+00 -1.954875938034603567e-03 9.999979190445520416e-01 5.834094894150051698e-04 -2.265577711306555539e-02 -8.234808784137200412e-04 -5.850202121239723649e-04 9.999994898151670641e-01 -6.734560790427852189e-03 1.000000000000000000e+00 0.000000000000000000e+00 0.000000000000000000e+00 0.000000000000000000e+00 0.000000000000000000e+00 1.000000000000000000e+00 0.000000000000000000e+00 0.000000000000000000e+00 0.000000000000000000e+00 0.000000000000000000e+00 1.000000000000000000e+00 0.000000000000000000e+00 1.356203556060791016e+02
4.400000000000000000e+06 9.999976630073161843e-01 -2.152831981231893496e-03 1.982280670864637172e-04 1.274399762113111345e+00 2.152640720006460204e-03 9.999972222028442603e-01 9.600648550402142520e-04 7.474561251478672314e-03 -2.002943747730900881e-04 -9.596358975666136135e-04 9.999995194904383045e-01 -8.878080999096753896e-04 1.000000000000000000e+00 0.000000000000000000e+00 0.000000000000000000e+00 0.000000000000000000e+00 0.000000000000000000e+00 1.000000000000000000e+00 0.000000000000000000e+00 0.000000000000000000e+00 0.000000000000000000e+00 0.000000000000000000e+00 1.000000000000000000e+00 0.000000000000000000e+00 3.569600582122802734e+02
4.500000000000000000e+06 9.999998725300340841e-01 4.550488699056345031e-04 2.187931477331474153e-04 7.735534033876849680e-01 -4.550345869247878990e-04 9.999998943380071781e-01 -6.532609849766586564e-05 1.031898126944887778e-02 -2.188228511823241411e-04 6.522653172094959378e-05 9.999999739310292401e-01 -1.640670812524193433e-03 1.000000000000000000e+00 0.000000000000000000e+00 0.000000000000000000e+00 0.000000000000000000e+00 0.000000000000000000e+00 1.000000000000000000e+00 0.000000000000000000e+00 0.000000000000000000e+00 0.000000000000000000e+00 0.000000000000000000e+00 1.000000000000000000e+00 0.000000000000000000e+00 3.133211135864257812e+02
4.600000000000000000e+06 9.999916251535269085e-01 3.811610808486819591e-03 1.490384464711020079e-03 1.744847207910589448e+00 -3.811267600567997370e-03 9.999927099360211846e-01 -2.330538337005741184e-04 7.781837670850051507e-03 -1.491261910224411921e-03 2.273716278877539450e-04 9.999988622193817234e-01 -4.150640772962978058e-03 1.000000000000000000e+00 0.000000000000000000e+00 0.000000000000000000e+00 0.000000000000000000e+00 0.000000000000000000e+00 1.000000000000000000e+00 0.000000000000000000e+00 0.000000000000000000e+00 0.000000000000000000e+00 0.000000000000000000e+00 1.000000000000000000e+00 0.000000000000000000e+00 2.139763832092285156e+02
4.700000000000000000e+06 9.999852763158733060e-01 5.110052864476283437e-03 1.826064398804693335e-03 1.021703185446051210e+00 -5.109250028547940997e-03 9.999868491060668330e-01 -4.440484953340464048e-04 -2.628641452173650223e-03 -1.828309495711017557e-03 4.347121377225409127e-04 9.999982341533134589e-01 -3.740493008533544213e-03 1.000000000000000000e+00 0.000000000000000000e+00 0.000000000000000000e+00 0.000000000000000000e+00 0.000000000000000000e+00 1.000000000000000000e+00 0.000000000000000000e+00 0.000000000000000000e+00 0.000000000000000000e+00 0.000000000000000000e+00 1.000000000000000000e+00 0.000000000000000000e+00 2.281754016876220703e+02
4.800000000000000000e+06 9.999966738576897551e-01 2.532042135025260477e-03 4.909543600930844085e-04 7.930140166152076509e-01 -2.531667702382430895e-03 9.999965051610142375e-01 -7.617902614236331032e-04 1.337061255450892536e-02 -4.928815293266230330e-04 7.605447943040214700e-04 9.999995893196225172e-01 3.613100665808219487e-03 1.000000000000000000e+00 0.000000000000000000e+00 0.000000000000000000e+00 0.000000000000000000e+00 0.000000000000000000e+00 1.000000000000000000e+00 0.000000000000000000e+00 0.000000000000000000e+00 0.000000000000000000e+00 0.000000000000000000e+00 1.000000000000000000e+00 0.000000000000000000e+00 1.420409679412841797e+02
4.900000000000000000e+06 9.999979362593097720e-01 1.192537455861064199e-03 -1.644789207619775121e-03 7.360233790549635113e-01 -1.194419149865772519e-03 9.999986328545297232e-01 -1.143526110686499423e-03 2.815233202618363378e-03 1.643423261234911717e-03 1.145488318472208085e-03 9.999979935062353054e-01 -7.093688220831123473e-04 1.000000000000000000e+00 0.000000000000000000e+00 0.000000000000000000e+00 0.000000000000000000e+00 0.000000000000000000e+00 1.000000000000000000e+00 0.000000000000000000e+00 0.000000000000000000e+00 0.000000000000000000e+00 0.000000000000000000e+00 1.000000000000000000e+00 0.000000000000000000e+00 1.296782493591308594e+02
5.000000000000000000e+06 9.999687878959241383e-01 7.444738758232553356e-03 -2.645580990632336385e-03 1.833686418841822485e+00 -7.447692370596823742e-03 9.999716513288134934e-01 -1.108339784864726882e-03 -7.037724030701207611e-02 2.637254691773062779e-03 1.128008664607738857e-03 9.999958862336101317e-01 -1.739231278013605672e-04 1.000000000000000000e+00 0.000000000000000000e+00 0.000000000000000000e+00 0.000000000000000000e+00 0.000000000000000000e+00 1.000000000000000000e+00 0.000000000000000000e+00 0.000000000000000000e+00 0.000000000000000000e+00 0.000000000000000000e+00 1.000000000000000000e+00 0.000000000000000000e+00 1.104409694671630859e+02
5.100000000000000000e+06 9.999924655793429595e-01 3.826921182801478003e-03 6.507371260541997124e-04 1.138149701711204775e+00 -3.826469524738156883e-03 9.999924382843343729e-01 -6.939057054120707476e-04 -3.020554848173851933e-02 -6.533877278079875534e-04 6.914104514531277520e-04 9.999995475179300763e-01 -1.208526719717494674e-02 1.000000000000000000e+00 0.000000000000000000e+00 0.000000000000000000e+00 0.000000000000000000e+00 0.000000000000000000e+00 1.000000000000000000e+00 0.000000000000000000e+00 0.000000000000000000e+00 0.000000000000000000e+00 0.000000000000000000e+00 1.000000000000000000e+00 0.000000000000000000e+00 9.657502174377441406e+01
5.200000000000000000e+06 9.999993201630928974e-01 1.207201585000621246e-05 1.165987829399949384e-03 9.596257126969874873e-01 -1.067158567283092168e-05 9.999992786626328289e-01 -1.201066330887569280e-03 1.550699313491845505e-02 -1.166001487621141659e-03 1.201053071419334959e-03 9.999985989550437271e-01 -5.516930210845081596e-03 1.000000000000000000e+00 0.000000000000000000e+00 0.000000000000000000e+00 0.000000000000000000e+00 0.000000000000000000e+00 1.000000000000000000e+00 0.000000000000000000e+00 0.000000000000000000e+00 0.000000000000000000e+00 0.000000000000000000e+00 1.000000000000000000e+00 0.000000000000000000e+00 9.806013107299804688e+01
5.300000000000000000e+06 9.999996620964010097e-01 8.152389674485521808e-04 -1.057946585790087889e-04 7.505427266222437499e-01 -8.152717997956891033e-04 9.999996194082121370e-01 -3.106691543724197035e-04 -1.149016078765162201e-02 1.055413487138018373e-04 3.107553007979028232e-04 9.999999461460817862e-01 -2.475437458934227029e-03 1.000000000000000000e+00 0.000000000000000000e+00 0.000000000000000000e+00 0.000000000000000000e+00 0.000000000000000000e+00 1.000000000000000000e+00 0.000000000000000000e+00 0.000000000000000000e+00 0.000000000000000000e+00 0.000000000000000000e+00 1.000000000000000000e+00 0.000000000000000000e+00 8.354783058166503906e+01
5.400000000000000000e+06 9.999752156480387066e-01 6.882690863203570590e-03 1.482112053830806188e-03 1.560351981155198908e+00 -6.882185251568985994e-03 9.999762576325714747e-01 -3.459730048250184392e-04 -1.053599007507928162e-02 -1.484458090221078353e-03 3.357642603902507628e-04 9.999988418225992381e-01 -1.152224074948100634e-02 1.000000000000000000e+00 0.000000000000000000e+00 0.000000000000000000e+00 0.000000000000000000e+00 0.000000000000000000e+00 1.000000000000000000e+00 0.000000000000000000e+00 0.000000000000000000e+00 0.000000000000000000e+00 0.000000000000000000e+00 1.000000000000000000e+00 0.000000000000000000e+00 7.787942886352539062e+01
5.500000000000000000e+06 9.999842952853873479e-01 5.511282102061173908e-03 1.017325994285032259e-03 1.034580076530995374e+00 -5.511831458491466169e-03 9.999846650233883416e-01 5.379888801172092415e-04 3.771124102797617037e-03 -1.014345385128605269e-03 -5.435877605742236085e-04 9.999993378076739159e-01 -4.809738312366505959e-03 1.000000000000000000e+00 0.000000000000000000e+00 0.000000000000000000e+00 0.000000000000000000e+00 0.000000000000000000e+00 1.000000000000000000e+00 0.000000000000000000e+00 0.000000000000000000e+00 0.000000000000000000e+00 0.000000000000000000e+00 1.000000000000000000e+00 0.000000000000000000e+00 9.240221977233886719e+01
5.600000000000000000e+06 9.999987843486626282e-01 1.480335694522415648e-03 -4.898034588517331117e-04 1.012965684677168854e+00 -1.480669677366670345e-03 9.999986711007656792e-01 -6.822125836673064011e-04 -1.658631935582533315e-02 4.887929043134366797e-04 6.829369914640577533e-04 9.999996473392189777e-01 -4.048881547356832436e-03 1.000000000000000000e+00 0.000000000000000000e+00 0.000000000000000000e+00 0.000000000000000000e+00 0.000000000000000000e+00 1.000000000000000000e+00 0.000000000000000000e+00 0.000000000000000000e+00 0.000000000000000000e+00 0.000000000000000000e+00 1.000000000000000000e+00 0.000000000000000000e+00 9.664273262023925781e+01
5.700000000000000000e+06 9.999942870833130604e-01 3.315498659232263452e-03 -6.582320085679513842e-04 6.844234248191473080e-01 -3.315677384577656560e-03 9.999944665093767338e-01 -2.706180118215951113e-04 1.742230266614341536e-02 6.573311325919454920e-04 2.727989507880534720e-04 9.999997467482251157e-01 -8.628999798612938628e-04 1.000000000000000000e+00 0.000000000000000000e+00 0.000000000000000000e+00 0.000000000000000000e+00 0.000000000000000000e+00 1.000000000000000000e+00 0.000000000000000000e+00 0.000000000000000000e+00 0.000000000000000000e+00 0.000000000000000000e+00 1.000000000000000000e+00 0.000000000000000000e+00 9.696340560913085938e+01
5.800000000000000000e+06 9.999809392562816202e-01 5.614289983963025379e-03 -2.569216242523353431e-03 1.878520779578930266e+00 -5.612936995509744745e-03 9.999841050193757352e-01 5.335230852343361306e-04 -7.358284254355907522e-03 2.572170758194603380e-03 -5.190920669904167638e-04 9.999965572345819176e-01 8.660630311354950393e-04 1.000000000000000000e+00 0.000000000000000000e+00 0.000000000000000000e+00 0.000000000000000000e+00 0.000000000000000000e+00 1.000000000000000000e+00 0.000000000000000000e+00 0.000000000000000000e+00 0.000000000000000000e+00 0.000000000000000000e+00 1.000000000000000000e+00 0.000000000000000000e+00 7.895159721374511719e+01
5.900000000000000000e+06 9.999642166935507337e-01 8.441200334257905474e-03 -5.580944099774421590e-04 9.784491539225478318e-01 -8.440920696202901946e-03 9.999642490237847792e-01 5.015297584192534132e-04 3.955017059945228897e-02 5.623079707218740396e-04 -4.968009813706008183e-04 9.999997184992259758e-01 8.140728328101500683e-03 1.000000000000000000e+00 0.000000000000000000e+00 0.000000000000000000e+00 0.000000000000000000e+00 0.000000000000000000e+00 1.000000000000000000e+00 0.000000000000000000e+00 0.000000000000000000e+00 0.000000000000000000e+00 0.000000000000000000e+00 1.000000000000000000e+00 0.000000000000000000e+00 8.001589775085449219e+01
6.000000000000000000e+06 9.999640430375884570e-01 8.478128323995769156e-03 1.843150611093291580e-04 7.996001775278254176e-01 -8.478247034696207232e-03 9.999638457293602567e-01 6.531166564164466153e-04 4.685470156494616484e-02 -1.787711905090891491e-04 -6.546558409456815523e-04 9.999997697332690949e-01 -3.009514616937716651e-03 1.000000000000000000e+00 0.000000000000000000e+00 0.000000000000000000e+00 0.000000000000000000e+00 0.000000000000000000e+00 1.000000000000000000e+00 0.000000000000000000e+00 0.000000000000000000e+00 0.000000000000000000e+00 0.000000000000000000e+00 1.000000000000000000e+00 0.000000000000000000e+00 9.638166427612304688e+01
