0.000000000000000000e+00 9.999999778839643305e-01 1.850102539175697966e-04 1.000163829599252994e-04 -2.727643751589295222e-03 -1.851130760633515413e-04 9.999994534220945086e-01 1.029023158862820688e-03 1.111625121153934958e-03 -9.982594845727190932e-05 -1.029041650445214253e-03 9.999994655538880783e-01 -3.860403164646672805e-04 1.000000000000000000e+00 0.000000000000000000e+00 0.000000000000000000e+00 0.000000000000000000e+00 0.000000000000000000e+00 1.000000000000000000e+00 0.000000000000000000e+00 0.000000000000000000e+00 0.000000000000000000e+00 0.000000000000000000e+00 1.000000000000000000e+00 0.000000000000000000e+00 1.025962829589843750e+02
1.000000000000000000e+05 9.999993884126411325e-01 -1.085284306001254228e-03 -2.129138766229178505e-04 6.757409358257865026e-03 1.085274345558425195e-03 9.999994099902163036e-01 -4.689151641653446269e-05 -6.550952407781779341e-03 2.129646416284990053e-04 4.666041777016353959e-05 9.999999762344331522e-01 -1.364930024783815934e-03 1.000000000000000000e+00 0.000000000000000000e+00 0.000000000000000000e+00 0.000000000000000000e+00 0.000000000000000000e+00 1.000000000000000000e+00 0.000000000000000000e+00 0.000000000000000000e+00 0.000000000000000000e+00 0.000000000000000000e+00 1.000000000000000000e+00 0.000000000000000000e+00 1.186640262603759766e+02
2.000000000000000000e+05 9.999999622392591325e-01 1.907821205324553991e-04 1.977970238420883686e-04 -4.366487213859121877e-03 -1.906084980097929790e-04 9.999995968934278778e-01 -8.774288474249447535e-04 -2.744491339021750288e-03 -1.979643418449361647e-04 8.773911124989560491e-04 9.999995954973956991e-01 4.591544480921161213e-04 1.000000000000000000e+00 0.000000000000000000e+00 0.000000000000000000e+00 0.000000000000000000e+00 0.000000000000000000e+00 1.000000000000000000e+00 0.000000000000000000e+00 0.000000000000000000e+00 0.000000000000000000e+00 0.000000000000000000e+00 1.000000000000000000e+00 0.000000000000000000e+00 1.846199035644531250e+02
3.000000000000000000e+05 9.999950357800588829e-01 -3.005514655493567774e-03 -9.462012969984128722e-04 1.293917159251641025e-02 3.005537291083397369e-03 9.999954831094343133e-01 2.250157818984889751e-05 -1.858224772983855383e-02 9.461293942876798516e-04 -2.534530977006594734e-05 9.999995520982919439e-01 -2.343562737209688954e-04 1.000000000000000000e+00 0.000000000000000000e+00 0.000000000000000000e+00 0.000000000000000000e+00 0.000000000000000000e+00 1.000000000000000000e+00 0.000000000000000000e+00 0.000000000000000000e+00 0.000000000000000000e+00 0.000000000000000000e+00 1.000000000000000000e+00 0.000000000000000000e+00 1.237759590148925781e+02
4.000000000000000000e+05 9.999964248644295228e-01 4.636725766657645363e-06 -2.673992681362447835e-03 8.884564922417516677e-03 -7.265348676108346201e-06 9.999995168053270600e-01 -9.830240724316749012e-04 2.097301083130346340e-04 2.673986831290383042e-03 9.830399854765345825e-04 9.999959417051715871e-01 -1.180329688664450913e-03 1.000000000000000000e+00 0.000000000000000000e+00 0.000000000000000000e+00 0.000000000000000000e+00 0.000000000000000000e+00 1.000000000000000000e+00 0.000000000000000000e+00 0.000000000000000000e+00 0.000000000000000000e+00 0.000000000000000000e+00 1.000000000000000000e+00 0.000000000000000000e+00 1.354315280914306641e+02
5.000000000000000000e+05 9.999870426668592271e-01 2.962584060509677007e-03 -4.139757731284395871e-03 1.914913859344581984e-02 -2.958273364570424609e-03 9.999950761639841978e-01 1.047027453299048541e-03 1.984080879277119042e-02 4.142839254640240908e-03 -1.034767351583295485e-03 9.999908830281596384e-01 -1.213181121900557815e-03 1.000000000000000000e+00 0.000000000000000000e+00 0.000000000000000000e+00 0.000000000000000000e+00 0.000000000000000000e+00 1.000000000000000000e+00 0.000000000000000000e+00 0.000000000000000000e+00 0.000000000000000000e+00 0.000000000000000000e+00 1.000000000000000000e+00 0.000000000000000000e+00 1.916177272796630859e+02
6.000000000000000000e+05 9.999997724231456386e-01 5.997106663690788837e-04 -3.090319944499171916e-04 1.068850764815237886e-01 -5.996897849352522507e-04 9.999998178972151486e-01 6.765869144436280683e-05 4.873682651271790678e-03 3.090725138132621448e-04 -6.747335271652086272e-05 9.999999499607626907e-01 1.622933845883677299e-04 1.000000000000000000e+00 0.000000000000000000e+00 0.000000000000000000e+00 0.000000000000000000e+00 0.000000000000000000e+00 1.000000000000000000e+00 0.000000000000000000e+00 0.000000000000000000e+00 0.000000000000000000e+00 0.000000000000000000e+00 1.000000000000000000e+00 0.000000000000000000e+00 2.427248954772949219e+02
7.000000000000000000e+05 9.999965986528956963e-01 -2.210874111894409796e-03 1.383733464560377418e-03 1.526596380134997155e-01 2.209697199469686044e-03 9.999971961012348309e-01 8.514857339790697123e-04 -2.764686336329573099e-02 -1.385612112477726610e-03 -8.484252058190825709e-04 9.999986801260009051e-01 -4.216943286959405797e-03 1.000000000000000000e+00 0.000000000000000000e+00 0.000000000000000000e+00 0.000000000000000000e+00 0.000000000000000000e+00 1.000000000000000000e+00 0.000000000000000000e+00 0.000000000000000000e+00 0.000000000000000000e+00 0.000000000000000000e+00 1.000000000000000000e+00 0.000000000000000000e+00 1.854944229125976562e+02
8.000000000000000000e+05 9.999992842645686331e-01 1.047465191066564291e-03 5.781755995449930786e-04 2.287153822768540623e-01 -1.047682126536823421e-03 9.999993808565269537e-01 3.750316313022076208e-04 -2.718711254240241230e-03 -5.777824089920063780e-04 -3.756371071204242474e-04 9.999997625320975470e-01 -3.600541863492055274e-03 1.000000000000000000e+00 0.000000000000000000e+00 0.000000000000000000e+00 0.000000000000000000e+00 0.000000000000000000e+00 1.000000000000000000e+00 0.000000000000000000e+00 0.000000000000000000e+00 0.000000000000000000e+00 0.000000000000000000e+00 1.000000000000000000e+00 0.000000000000000000e+00 1.792044639587402344e+02
9.000000000000000000e+05 9.999943884266100369e-01 3.328339266128566270e-03 -3.811469791315019100e-04 1.899032426287350639e-01 -3.327753180116289639e-03 9.999932954056547363e-01 1.528136941225976099e-03 7.697728569639994065e-03 3.862305818811249286e-04 -1.526860002901484067e-03 9.999987597614654611e-01 -3.327749446884496060e-03 1.000000000000000000e+00 0.000000000000000000e+00 0.000000000000000000e+00 0.000000000000000000e+00 0.000000000000000000e+00 1.000000000000000000e+00 0.000000000000000000e+00 0.000000000000000000e+00 0.000000000000000000e+00 0.000000000000000000e+00 1.000000000000000000e+00 0.000000000000000000e+00 1.947002410888671875e+02
1.000000000000000000e+06 9.999993714220134500e-01 5.434229855241658582e-04 -9.807380061713831618e-04 3.133363761168341810e-01 -5.438236858879658088e-04 9.999997687530828294e-01 -4.083498248996385760e-04 -8.617242575422323289e-03 9.805158726977575376e-04 4.088829167773343925e-04 9.999994357015327129e-01 -1.021666456681438176e-03 1.000000000000000000e+00 0.000000000000000000e+00 0.000000000000000000e+00 0.000000000000000000e+00 0.000000000000000000e+00 1.000000000000000000e+00 0.000000000000000000e+00 0.000000000000000000e+00 0.000000000000000000e+00 0.000000000000000000e+00 1.000000000000000000e+00 0.000000000000000000e+00 2.532908916473388672e+02
1.100000000000000000e+06 9.999986753920431237e-01 1.062943387488791492e-03 1.232625455753020606e-03 3.636271823346532428e-01 -1.063670617976887611e-03 9.999992605590523054e-01 5.894795714355341573e-04 -1.028127046638966334e-02 -1.231997960886768240e-03 -5.907898980864582667e-04 9.999990665737247264e-01 -5.621390008004769137e-03 1.000000000000000000e+00 0.000000000000000000e+00 0.000000000000000000e+00 0.000000000000000000e+00 0.000000000000000000e+00 1.000000000000000000e+00 0.000000000000000000e+00 0.000000000000000000e+00 0.000000000000000000e+00 0.000000000000000000e+00 1.000000000000000000e+00 0.000000000000000000e+00 1.754708290100097656e+02
1.200000000000000000e+06 9.999919728867415758e-01 3.985687847844357132e-03 4.104320426816912061e-04 4.864353406067594143e-01 -3.985747929395223529e-03 9.999920462648717034e-01 1.456723648401103363e-04 6.511357939731079146e-04 -4.098481736396256104e-04 -1.473070741758151798e-04 9.999999051625456659e-01 -1.543671455191054052e-03 1.000000000000000000e+00 0.000000000000000000e+00 0.000000000000000000e+00 0.000000000000000000e+00 0.000000000000000000e+00 1.000000000000000000e+00 0.000000000000000000e+00 0.000000000000000000e+00 0.000000000000000000e+00 0.000000000000000000e+00 1.000000000000000000e+00 0.000000000000000000e+00 1.973412036895751953e+02
1.300000000000000000e+06 9.999894796130521790e-01 4.438794976477492861e-03 -1.156616779232301582e-03 5.087110365581634097e-01 -4.436700653671101641e-03 9.999885250639437562e-01 1.807049459289691157e-03 -8.027871692049069752e-03 1.164624629190859524e-03 -1.801898886009678513e-03 9.999976984022902471e-01 -1.662962969500057526e-03 1.000000000000000000e+00 0.000000000000000000e+00 0.000000000000000000e+00 0.000000000000000000e+00 0.000000000000000000e+00 1.000000000000000000e+00 0.000000000000000000e+00 0.000000000000000000e+00 0.000000000000000000e+00 0.000000000000000000e+00 1.000000000000000000e+00 0.000000000000000000e+00 2.178351879119873047e+02
1.400000000000000000e+06 9.999942972273073716e-01 3.303929013389000566e-03 -6.996898870541900595e-04 4.244153178834691453e-01 -3.304077946367482525e-03 9.999945190883695600e-01 -2.118068571415257907e-04 -5.041806796134963749e-03 6.989862572952058309e-04 2.141174791802768888e-04 9.999997327859228013e-01 -2.683102121902557202e-03 1.000000000000000000e+00 0.000000000000000000e+00 0.000000000000000000e+00 0.000000000000000000e+00 0.000000000000000000e+00 1.000000000000000000e+00 0.000000000000000000e+00 0.000000000000000000e+00 0.000000000000000000e+00 0.000000000000000000e+00 1.000000000000000000e+00 0.000000000000000000e+00 3.115513324737548828e+02
1.500000000000000000e+06 9.999983988631435672e-01 1.763574225465378530e-03 -3.034420873659800775e-04 4.603311626511971122e-01 -1.763990307250215290e-03 9.999974968631938355e-01 -1.376446708896397883e-03 -1.241112255021889835e-02 3.010138618703863517e-04 1.376979773917767075e-03 9.999990066581851966e-01 -1.152750323732435519e-03 1.000000000000000000e+00 0.000000000000000000e+00 0.000000000000000000e+00 0.000000000000000000e+00 0.000000000000000000e+00 1.000000000000000000e+00 0.000000000000000000e+00 0.000000000000000000e+00 0.000000000000000000e+00 0.000000000000000000e+00 1.000000000000000000e+00 0.000000000000000000e+00 2.548363208770751953e+02
1.600000000000000000e+06 9.999943031649567438e-01 3.318574501432269754e-03 6.170096522894536395e-04 5.484072335823360067e-01 -3.318601097886474550e-03 9.999944925425694464e-01 4.208660087548657749e-05 -5.893267293424834553e-03 -6.168665866145420836e-04 -4.413397002455818807e-05 9.999998087638851674e-01 -4.060932924093754379e-03 1.000000000000000000e+00 0.000000000000000000e+00 0.000000000000000000e+00 0.000000000000000000e+00 0.000000000000000000e+00 1.000000000000000000e+00 0.000000000000000000e+00 0.000000000000000000e+00 0.000000000000000000e+00 0.000000000000000000e+00 1.000000000000000000e+00 0.000000000000000000e+00 2.673127651214599609e+02
1.700000000000000000e+06 9.999963128600786177e-01 2.575094574970278848e-03 -8.620639058134978204e-04 5.963444986654828917e-01 -2.576309057247250494e-03 9.999956863057903877e-01 -1.410674112850619256e-03 -5.918751680714332865e-03 8.584275678783664411e-04 1.412889854546255227e-03 9.999986334212509487e-01 2.023907790820415366e-03 1.000000000000000000e+00 0.000000000000000000e+00 0.000000000000000000e+00 0.000000000000000000e+00 0.000000000000000000e+00 1.000000000000000000e+00 0.000000000000000000e+00 0.000000000000000000e+00 0.000000000000000000e+00 0.000000000000000000e+00 1.000000000000000000e+00 0.000000000000000000e+00 3.074426651000976562e+02
1.800000000000000000e+06 9.999907007775971080e-01 4.107794449049201151e-03 -1.313157680785185513e-03 6.786273956048483047e-01 -4.106757057408701866e-03 9.999912538243488358e-01 7.917204545606223130e-04 -8.739762817085369728e-03 1.316398420565894701e-03 -7.863202726029794353e-04 9.999988243971226209e-01 -2.273615765270644261e-03 1.000000000000000000e+00 0.000000000000000000e+00 0.000000000000000000e+00 0.000000000000000000e+00 0.000000000000000000e+00 1.000000000000000000e+00 0.000000000000000000e+00 0.000000000000000000e+00 0.000000000000000000e+00 0.000000000000000000e+00 1.000000000000000000e+00 0.000000000000000000e+00 3.095283508300781250e+02
1.900000000000000000e+06 9.999865044551307092e-01 5.188358956198392720e-03 2.680278909541652086e-04 7.008115022323038179e-01 -5.188359719023940241e-03 9.999865403688190657e-01 2.150828944496871834e-06 -1.015884407773447358e-02 -2.680131241249893636e-04 -3.541425030889877189e-06 9.999999640782111232e-01 -3.227892191738842686e-03 1.000000000000000000e+00 0.000000000000000000e+00 0.000000000000000000e+00 0.000000000000000000e+00 0.000000000000000000e+00 1.000000000000000000e+00 0.000000000000000000e+00 0.000000000000000000e+00 0.000000000000000000e+00 0.000000000000000000e+00 1.000000000000000000e+00 0.000000000000000000e+00 2.895019054412841797e+02
2.000000000000000000e+06 9.999834298585564829e-01 5.745499184504264563e-03 3.595099973622368963e-04 6.862805222357906132e-01 -5.746554983177285317e-03 9.999789640186413919e-01 3.008093421078702600e-03 -7.073331516826600156e-03 -3.422194364189138629e-04 -3.010109520512083917e-03 9.999954110527365936e-01 -3.507414994579047089e-03 1.000000000000000000e+00 0.000000000000000000e+00 0.000000000000000000e+00 0.000000000000000000e+00 0.000000000000000000e+00 1.000000000000000000e+00 0.000000000000000000e+00 0.000000000000000000e+00 0.000000000000000000e+00 0.000000000000000000e+00 1.000000000000000000e+00 0.000000000000000000e+00 2.480535507202148438e+02
2.100000000000000000e+06 9.999593629176989351e-01 9.014502689331632332e-03 -1.060871984156200640e-04 1.220178987366449253e+00 -9.014452439780520215e-03 9.999592608932673654e-01 4.649741942453880549e-04 -2.308949185116023275e-02 1.102743876424157066e-04 -4.639989810462014411e-04 9.999998862722460080e-01 -6.255636777169025498e-03 1.000000000000000000e+00 0.000000000000000000e+00 0.000000000000000000e+00 0.000000000000000000e+00 0.000000000000000000e+00 1.000000000000000000e+00 0.000000000000000000e+00 0.000000000000000000e+00 0.000000000000000000e+00 0.000000000000000000e+00 1.000000000000000000e+00 0.000000000000000000e+00 2.633485794067382812e+02
2.200000000000000000e+06 9.999400454979058273e-01 1.089368512446579028e-02 -1.110420665744102191e-03 9.841556706801349863e-01 -1.089454446479491169e-02 9.999403556065628029e-01 -7.707984983870195357e-04 -2.020724366471035940e-02 1.101957599241194623e-03 7.828498128644101805e-04 9.999990864173926575e-01 -3.483376299741704381e-03 1.000000000000000000e+00 0.000000000000000000e+00 0.000000000000000000e+00 0.000000000000000000e+00 0.000000000000000000e+00 1.000000000000000000e+00 0.000000000000000000e+00 0.000000000000000000e+00 0.000000000000000000e+00 0.000000000000000000e+00 1.000000000000000000e+00 0.000000000000000000e+00 2.868044376373291016e+02
2.300000000000000000e+06 9.999928094582247740e-01 3.557314511727092347e-03 -1.313980711853169258e-03 1.011628058914842088e+00 -3.562075037933849688e-03 9.999870360785084733e-01 -3.638584387360588746e-03 -1.606168327856177455e-02 1.301020088467077802e-03 3.643238721861567515e-03 9.999925170511750894e-01 -3.644048875083889024e-03 1.000000000000000000e+00 0.000000000000000000e+00 0.000000000000000000e+00 0.000000000000000000e+00 0.000000000000000000e+00 1.000000000000000000e+00 0.000000000000000000e+00 0.000000000000000000e+00 0.000000000000000000e+00 0.000000000000000000e+00 1.000000000000000000e+00 0.000000000000000000e+00 3.121929168701171875e+02
2.400000000000000000e+06 9.999731184178975996e-01 6.271748273288223381e-03 -3.798370069105132772e-03 1.038137233185514319e+00 -6.284449297350851518e-03 9.999746708667947015e-01 -3.341155769297635310e-03 -2.547244672088066347e-02 3.777318971756809564e-03 3.364936617856372197e-03 9.999872044496087575e-01 -6.748315062355850040e-03 1.000000000000000000e+00 0.000000000000000000e+00 0.000000000000000000e+00 0.000000000000000000e+00 0.000000000000000000e+00 1.000000000000000000e+00 0.000000000000000000e+00 0.000000000000000000e+00 0.000000000000000000e+00 0.000000000000000000e+00 1.000000000000000000e+00 0.000000000000000000e+00 2.203366756439208984e+02
2.500000000000000000e+06 9.999594938436539016e-01 7.055062422467080381e-03 -5.588986147641140413e-03 1.142063137721758270e+00 -7.072809971912374580e-03 9.999699878693656396e-01 -3.162075211312112642e-03 -3.186594756142741708e-02 5.566509772258421140e-03 3.201476964757141771e-03 9.999793820445496140e-01 -6.976747305841224031e-03 1.000000000000000000e+00 0.000000000000000000e+00 0.000000000000000000e+00 0.000000000000000000e+00 0.000000000000000000e+00 1.000000000000000000e+00 0.000000000000000000e+00 0.000000000000000000e+00 0.000000000000000000e+00 0.000000000000000000e+00 1.000000000000000000e+00 0.000000000000000000e+00 2.398271560668945312e+02
2.600000000000000000e+06 9.999567079654665402e-01 9.281755432094758451e-03 6.566665558090200965e-04 1.141150626592047912e+00 -9.281822213880980971e-03 9.999569180869779528e-01 9.872377091592274289e-05 -1.625343224737436920e-02 -6.557219354606022696e-04 -1.048145591878438460e-04 9.999997795213015905e-01 -2.112264492586371847e-02 1.000000000000000000e+00 0.000000000000000000e+00 0.000000000000000000e+00 0.000000000000000000e+00 0.000000000000000000e+00 1.000000000000000000e+00 0.000000000000000000e+00 0.000000000000000000e+00 0.000000000000000000e+00 0.000000000000000000e+00 1.000000000000000000e+00 0.000000000000000000e+00 2.642383575439453125e+02
2.700000000000000000e+06 9.999276616109666893e-01 1.172011902482805040e-02 2.703766866433636451e-03 1.203784521731827040e+00 -1.172618037297636778e-02 9.999287438066605249e-01 2.236962917514023416e-03 -9.891588449016521650e-03 -2.677356734651665550e-03 -2.268505957182520832e-03 9.999938428018633196e-01 -2.191674272282394947e-02 1.000000000000000000e+00 0.000000000000000000e+00 0.000000000000000000e+00 0.000000000000000000e+00 0.000000000000000000e+00 1.000000000000000000e+00 0.000000000000000000e+00 0.000000000000000000e+00 0.000000000000000000e+00 0.000000000000000000e+00 1.000000000000000000e+00 0.000000000000000000e+00 2.659912109375000000e+02
2.800000000000000000e+06 9.999369119722300026e-01 3.620462121588182303e-03 1.063317118581043330e-02 1.439597408480903340e+00 -3.588797079115085917e-03 9.999890736332015528e-01 -2.995521613370544581e-03 -1.604224671879726088e-02 -1.064390017641743402e-02 2.957172338126447513e-03 9.999389793986416253e-01 -1.855940176578963277e-02 1.000000000000000000e+00 0.000000000000000000e+00 0.000000000000000000e+00 0.000000000000000000e+00 0.000000000000000000e+00 1.000000000000000000e+00 0.000000000000000000e+00 0.000000000000000000e+00 0.000000000000000000e+00 0.000000000000000000e+00 1.000000000000000000e+00 0.000000000000000000e+00 3.312387466430664062e+02
2.900000000000000000e+06 9.999654059271625428e-01 4.616325906317685079e-03 6.919283492656709729e-03 1.159301530956977855e+00 -4.653432243473734978e-03 9.999748276460924679e-01 5.356271326485364040e-03 5.824849489084093536e-03 -6.894383023918125748e-03 -5.388284448151422351e-03 9.999617162038880736e-01 -8.914209786595312518e-03 1.000000000000000000e+00 0.000000000000000000e+00 0.000000000000000000e+00 0.000000000000000000e+00 0.000000000000000000e+00 1.000000000000000000e+00 0.000000000000000000e+00 0.000000000000000000e+00 0.000000000000000000e+00 0.000000000000000000e+00 1.000000000000000000e+00 0.000000000000000000e+00 2.824904918670654297e+02
3.000000000000000000e+06 9.999682234453233232e-01 7.665445478752568736e-03 2.189302449680140088e-03 1.326832853811606094e+00 -7.680624833455644389e-03 9.999459235193580708e-01 7.011279425732212106e-03 5.858133097694619498e-03 -2.135439479734350596e-03 -7.027871842191146454e-03 9.999730240939492809e-01 -5.107098687498304833e-03 1.000000000000000000e+00 0.000000000000000000e+00 0.000000000000000000e+00 0.000000000000000000e+00 0.000000000000000000e+00 1.000000000000000000e+00 0.000000000000000000e+00 0.000000000000000000e+00 0.000000000000000000e+00 0.000000000000000000e+00 1.000000000000000000e+00 0.000000000000000000e+00 2.620713710784912109e+02
3.100000000000000000e+06 9.999808992870276025e-01 4.739005320270067538e-03 -3.967731049635410748e-03 1.122863877205112937e+00 -4.739695489230420430e-03 9.999887540400093089e-01 -1.645605645381149147e-04 -7.643762940436992295e-03 3.966906575299918025e-03 1.833632582724414916e-04 9.999921149839824386e-01 2.546825423567393356e-03 1.000000000000000000e+00 0.000000000000000000e+00 0.000000000000000000e+00 0.000000000000000000e+00 0.000000000000000000e+00 1.000000000000000000e+00 0.000000000000000000e+00 0.000000000000000000e+00 0.000000000000000000e+00 0.000000000000000000e+00 1.000000000000000000e+00 0.000000000000000000e+00 2.884619235992431641e+02
3.200000000000000000e+06 9.999951514886146198e-01 1.725432476321887365e-03 -2.592273525746350941e-03 1.281305466016814831e+00 -1.725663085389127303e-03 9.999985072816361953e-01 -8.672609299641313783e-05 -7.407599891647661042e-03 2.592120016194654833e-03 9.119906323457583849e-05 9.999966362926190344e-01 -2.449293677213968453e-03 1.000000000000000000e+00 0.000000000000000000e+00 0.000000000000000000e+00 0.000000000000000000e+00 0.000000000000000000e+00 1.000000000000000000e+00 0.000000000000000000e+00 0.000000000000000000e+00 0.000000000000000000e+00 0.000000000000000000e+00 1.000000000000000000e+00 0.000000000000000000e+00 3.333218097686767578e+02
3.300000000000000000e+06 9.999909170435020700e-01 3.809435887121881067e-03 1.911551390235634003e-03 1.695298978059670114e+00 -3.812448752844355398e-03 9.999914923068855543e-01 1.574975668008159798e-03 -4.693631205149710779e-03 -1.905535358511979520e-03 -1.582249054286383964e-03 9.999969327067597114e-01 -2.055439537683849426e-04 1.000000000000000000e+00 0.000000000000000000e+00 0.000000000000000000e+00 0.000000000000000000e+00 0.000000000000000000e+00 1.000000000000000000e+00 0.000000000000000000e+00 0.000000000000000000e+00 0.000000000000000000e+00 0.000000000000000000e+00 1.000000000000000000e+00 0.000000000000000000e+00 4.443330764770507812e+02
3.400000000000000000e+06 9.999923236325386489e-01 3.777503395591888871e-03 1.040742087392533847e-03 1.286810738932062215e+00 -3.778369377741639355e-03 9.999925163417537899e-01 8.313755664536544646e-04 -8.550699478230582018e-03 -1.037593774809138789e-03 -8.353014925424387914e-04 9.999991128348938441e-01 -2.399821168161954312e-03 1.000000000000000000e+00 0.000000000000000000e+00 0.000000000000000000e+00 0.000000000000000000e+00 0.000000000000000000e+00 1.000000000000000000e+00 0.000000000000000000e+00 0.000000000000000000e+00 0.000000000000000000e+00 0.000000000000000000e+00 1.000000000000000000e+00 0.000000000000000000e+00 3.951449394226074219e+02
3.500000000000000000e+06 9.999888968622785423e-01 4.603190494439712323e-03 -1.008359774631064059e-03 1.584766188414327592e+00 -4.605081080302663409e-03 9.999876280526485139e-01 -1.880683354944695995e-03 -1.688912963076857551e-02 9.996901555144887836e-04 1.885306051978687418e-03 9.999977231177495929e-01 -3.238802864610720628e-04 1.000000000000000000e+00 0.000000000000000000e+00 0.000000000000000000e+00 0.000000000000000000e+00 0.000000000000000000e+00 1.000000000000000000e+00 0.000000000000000000e+00 0.000000000000000000e+00 0.000000000000000000e+00 0.000000000000000000e+00 1.000000000000000000e+00 0.000000000000000000e+00 3.492026329040527344e+02
3.600000000000000000e+06 9.999998026251314398e-01 2.308287365440640814e-04 -5.843524556977839832e-04 1.034756258115593575e+00 -2.321753124321942845e-04 9.999973156741037705e-01 -2.305371816235267379e-03 -4.132464272517976690e-03 5.838187410417488513e-04 2.305507033426780483e-03 9.999971718924991482e-01 8.081585871600970722e-03 1.000000000000000000e+00 0.000000000000000000e+00 0.000000000000000000e+00 0.000000000000000000e+00 0.000000000000000000e+00 1.000000000000000000e+00 0.000000000000000000e+00 0.000000000000000000e+00 0.000000000000000000e+00 0.000000000000000000e+00 1.000000000000000000e+00 0.000000000000000000e+00 3.409688472747802734e+02
3.700000000000000000e+06 9.999990802238343246e-01 1.344554537064443023e-03 1.781139588802778937e-04 1.081121588632772523e+00 -1.344918762935304411e-03 9.999969721119131849e-01 2.060815500429504822e-03 3.880534562646802133e-03 -1.753425407399884469e-04 -2.061053153745764140e-03 9.999978606551570559e-01 -3.480477790890802118e-03 1.000000000000000000e+00 0.000000000000000000e+00 0.000000000000000000e+00 0.000000000000000000e+00 0.000000000000000000e+00 1.000000000000000000e+00 0.000000000000000000e+00 0.000000000000000000e+00 0.000000000000000000e+00 0.000000000000000000e+00 1.000000000000000000e+00 0.000000000000000000e+00 3.247005939483642578e+02
3.800000000000000000e+06 9.999994226589393742e-01 1.073571903293319861e-03 -4.609941926421979815e-05 8.501954077755278227e-01 -1.073557812141981210e-03 9.999993773420133847e-01 3.046132131153542135e-04 5.768165986135176566e-04 4.642641474702075666e-05 -3.045635468579523586e-04 9.999999525428157066e-01 2.547620486824895506e-03 1.000000000000000000e+00 0.000000000000000000e+00 0.000000000000000000e+00 0.000000000000000000e+00 0.000000000000000000e+00 1.000000000000000000e+00 0.000000000000000000e+00 0.000000000000000000e+00 0.000000000000000000e+00 0.000000000000000000e+00 1.000000000000000000e+00 0.000000000000000000e+00 3.387763500213623047e+02
3.900000000000000000e+06 9.999994731303087914e-01 1.021720167467991564e-03 9.913124636834202443e-05 1.610952817829950812e+00 -1.021487582070590688e-03 9.999967903579419781e-01 -2.318585114653970956e-03 -8.464042664137874650e-03 -1.014998733641574684e-04 2.318482631724587319e-03 9.999973071644053801e-01 1.986652514660561773e-03 1.000000000000000000e+00 0.000000000000000000e+00 0.000000000000000000e+00 0.000000000000000000e+00 0.000000000000000000e+00 1.000000000000000000e+00 0.000000000000000000e+00 0.000000000000000000e+00 0.000000000000000000e+00 0.000000000000000000e+00 1.000000000000000000e+00 0.000000000000000000e+00 4.027855396270751953e+02
4.000000000000000000e+06 9.999992031251884184e-01 -1.140722693836410898e-03 -5.408333606260720856e-04 1.455591924907988055e+00 1.140789423863292681e-03 9.999993417237968973e-01 1.230912809286432541e-04 2.863404661134754964e-03 5.406925915907723071e-04 -1.237081598181766120e-04 9.999998461738943689e-01 -9.416198198208098561e-04 1.000000000000000000e+00 0.000000000000000000e+00 0.000000000000000000e+00 0.000000000000000000e+00 0.000000000000000000e+00 1.000000000000000000e+00 0.000000000000000000e+00 0.000000000000000000e+00 0.000000000000000000e+00 0.000000000000000000e+00 1.000000000000000000e+00 0.000000000000000000e+00 3.707499504089355469e+02
4.100000000000000000e+06 9.999994295871101890e-01 -1.067073329395199248e-03 -4.669008246208027725e-05 1.653036420490812786e+00 1.067096758032420921e-03 9.999993033029248579e-01 5.046763059999734248e-04 -1.704691431500584761e-03 4.615152330712612674e-05 -5.047258409617309469e-04 9.999998715609229594e-01 -6.672803848784445661e-04 1.000000000000000000e+00 0.000000000000000000e+00 0.000000000000000000e+00 0.000000000000000000e+00 0.000000000000000000e+00 1.000000000000000000e+00 0.000000000000000000e+00 0.000000000000000000e+00 0.000000000000000000e+00 0.000000000000000000e+00 1.000000000000000000e+00 0.000000000000000000e+00 3.550636768341064453e+02
4.200000000000000000e+06 9.999997997676798311e-01 -6.044824849131575240e-04 -1.872579122376309203e-04 1.335042105871859341e+00 6.044838567138178945e-04 9.999998172731960899e-01 7.269218115029783760e-06 -1.751093111108074354e-03 1.872534839055615540e-04 -7.382411044486955506e-06 9.999999824408162263e-01 -8.115177498963907412e-04 1.000000000000000000e+00 0.000000000000000000e+00 0.000000000000000000e+00 0.000000000000000000e+00 0.000000000000000000e+00 1.000000000000000000e+00 0.000000000000000000e+00 0.000000000000000000e+00 0.000000000000000000e+00 0.000000000000000000e+00 1.000000000000000000e+00 0.000000000000000000e+00 2.466487884521484375e+02
4.300000000000000000e+06 9.999994616249847645e-01 1.037633016658742356e-03 -8.213608327157770732e-06 1.299232418021995628e+00 -1.037636637524864264e-03 9.999993586677583535e-01 -4.538438943591164404e-04 4.334171702996197440e-04 7.742679650309928593e-06 4.538521727618293963e-04 9.999998969791227266e-01 -2.639437219168480888e-05 1.000000000000000000e+00 0.000000000000000000e+00 0.000000000000000000e+00 0.000000000000000000e+00 0.000000000000000000e+00 1.000000000000000000e+00 0.000000000000000000e+00 0.000000000000000000e+00 0.000000000000000000e+00 0.000000000000000000e+00 1.000000000000000000e+00 0.000000000000000000e+00 3.114860057830810547e+02
4.400000000000000000e+06 9.999979808745602661e-01 -1.958001515605567802e-03 -4.521911846760342385e-04 1.357426648569785455e+00 1.958109237966364040e-03 9.999980546032198880e-01 2.379033163614543967e-04 -2.109137691422306640e-04 4.517244899307562025e-04 -2.387882757408571813e-04 9.999998694625636952e-01 3.020883045655567466e-05 1.000000000000000000e+00 0.000000000000000000e+00 0.000000000000000000e+00 0.000000000000000000e+00 0.000000000000000000e+00 1.000000000000000000e+00 0.000000000000000000e+00 0.000000000000000000e+00 0.000000000000000000e+00 0.000000000000000000e+00 1.000000000000000000e+00 0.000000000000000000e+00 3.124654293060302734e+02
4.500000000000000000e+06 9.999997444964922044e-01 -5.285800689044700858e-04 -4.812588296996724978e-04 1.303315027522800262e+00 5.286923467312449384e-04 9.999998330503737654e-01 2.332029738354160693e-04 3.291976275426533420e-03 4.811354829097121036e-04 -2.334573521112972704e-04 9.999998570031456424e-01 -3.845522754816544969e-04 1.000000000000000000e+00 0.000000000000000000e+00 0.000000000000000000e+00 0.000000000000000000e+00 0.000000000000000000e+00 1.000000000000000000e+00 0.000000000000000000e+00 0.000000000000000000e+00 0.000000000000000000e+00 0.000000000000000000e+00 1.000000000000000000e+00 0.000000000000000000e+00 2.798340320587158203e+02
4.600000000000000000e+06 9.999998245769944338e-01 -2.852386747451127517e-04 -5.191193297877443828e-04 1.255927894595208150e+00 2.853228276138468291e-04 9.999999461669362155e-01 1.620401456682250005e-04 -6.261063558504950926e-04 5.190730817255544876e-04 -1.621882338376996779e-04 9.999998521290454079e-01 5.961886131013177529e-04 1.000000000000000000e+00 0.000000000000000000e+00 0.000000000000000000e+00 0.000000000000000000e+00 0.000000000000000000e+00 1.000000000000000000e+00 0.000000000000000000e+00 0.000000000000000000e+00 0.000000000000000000e+00 0.000000000000000000e+00 1.000000000000000000e+00 0.000000000000000000e+00 3.163132667541503906e+02
4.700000000000000000e+06 9.999998544978256909e-01 -5.222354650249924884e-04 1.351830113103777745e-04 1.149765859322862793e+00 5.222767701680237689e-04 9.999998168887380690e-01 -3.056950530986855298e-04 9.204869947481848476e-04 -1.350233417586351836e-04 3.057656115659193770e-04 9.999999441380423848e-01 2.212000350381959114e-03 1.000000000000000000e+00 0.000000000000000000e+00 0.000000000000000000e+00 0.000000000000000000e+00 0.000000000000000000e+00 1.000000000000000000e+00 0.000000000000000000e+00 0.000000000000000000e+00 0.000000000000000000e+00 0.000000000000000000e+00 1.000000000000000000e+00 0.000000000000000000e+00 2.598578929901123047e+02
4.800000000000000000e+06 9.999999569983383241e-01 2.859140384924925733e-04 6.524173674909084701e-05 1.339094751958713081e+00 -2.858860918209426205e-04 9.999998675580782370e-01 -4.279637470353348590e-04 1.233435536061476632e-03 -6.536408895159310020e-05 4.279450769270397672e-04 9.999999062952691364e-01 2.232064602568351736e-03 1.000000000000000000e+00 0.000000000000000000e+00 0.000000000000000000e+00 0.000000000000000000e+00 0.000000000000000000e+00 1.000000000000000000e+00 0.000000000000000000e+00 0.000000000000000000e+00 0.000000000000000000e+00 0.000000000000000000e+00 1.000000000000000000e+00 0.000000000000000000e+00 4.138386249542236328e+02
4.900000000000000000e+06 9.999999372355916627e-01 3.585615661700253297e-05 3.524814160358386212e-04 1.079510924890851431e+00 -3.568805056799998388e-05 9.999998856385211576e-01 -4.769164578076323787e-04 6.128457190881590180e-04 -3.524984761167469652e-04 4.769038484996533352e-04 9.999998241537564336e-01 -2.570454334991512514e-04 1.000000000000000000e+00 0.000000000000000000e+00 0.000000000000000000e+00 0.000000000000000000e+00 0.000000000000000000e+00 1.000000000000000000e+00 0.000000000000000000e+00 0.000000000000000000e+00 0.000000000000000000e+00 0.000000000000000000e+00 1.000000000000000000e+00 0.000000000000000000e+00 3.621237277984619141e+02
5.000000000000000000e+06 9.999995351833520507e-01 -9.316614496200390861e-04 -2.482740885249050595e-04 1.582253893644576248e+00 9.317577700939084183e-04 9.999994905921653077e-01 3.881273859878977238e-04 2.753428639592465400e-03 2.479123587290725235e-04 -3.883585368909232643e-04 9.999998938585489272e-01 8.697499435247837583e-04 1.000000000000000000e+00 0.000000000000000000e+00 0.000000000000000000e+00 0.000000000000000000e+00 0.000000000000000000e+00 1.000000000000000000e+00 0.000000000000000000e+00 0.000000000000000000e+00 0.000000000000000000e+00 0.000000000000000000e+00 1.000000000000000000e+00 0.000000000000000000e+00 3.591711521148681641e+02
5.100000000000000000e+06 9.999983742543558929e-01 1.451993164542194703e-03 1.069207414598916149e-03 1.039526274186092003e+00 -1.452095928965989671e-03 9.999989411630318958e-01 9.534268824895066573e-05 -8.475028407011914525e-03 -1.069067845550952540e-03 -9.689512497994989164e-05 9.999994238524722023e-01 -5.445557290797756710e-04 1.000000000000000000e+00 0.000000000000000000e+00 0.000000000000000000e+00 0.000000000000000000e+00 0.000000000000000000e+00 1.000000000000000000e+00 0.000000000000000000e+00 0.000000000000000000e+00 0.000000000000000000e+00 0.000000000000000000e+00 1.000000000000000000e+00 0.000000000000000000e+00 3.926253318786621094e+02
5.200000000000000000e+06 9.999992465102059969e-01 -1.122457349706673657e-03 -4.970598740633683406e-04 1.344813234123094281e+00 1.122146623119628459e-03 9.999991751010349761e-01 -6.249673638460662671e-04 2.730661216195559397e-03 4.977609632500684450e-04 6.244091188803674959e-04 9.999996811735870628e-01 1.608233780774249002e-03 1.000000000000000000e+00 0.000000000000000000e+00 0.000000000000000000e+00 0.000000000000000000e+00 0.000000000000000000e+00 1.000000000000000000e+00 0.000000000000000000e+00 0.000000000000000000e+00 0.000000000000000000e+00 0.000000000000000000e+00 1.000000000000000000e+00 0.000000000000000000e+00 3.629910945892333984e+02
5.300000000000000000e+06 9.999998631431361584e-01 1.631240935320544893e-05 5.229221874341832919e-04 1.226574850139571460e+00 -1.603775913404006571e-05 9.999998619423863255e-01 -5.252218563111971670e-04 -1.186557547887778091e-03 -5.229306828747154424e-04 5.252133979308931666e-04 9.999997253471559766e-01 -3.032809201628115163e-04 1.000000000000000000e+00 0.000000000000000000e+00 0.000000000000000000e+00 0.000000000000000000e+00 0.000000000000000000e+00 1.000000000000000000e+00 0.000000000000000000e+00 0.000000000000000000e+00 0.000000000000000000e+00 0.000000000000000000e+00 1.000000000000000000e+00 0.000000000000000000e+00 2.737078666687011719e+02
5.400000000000000000e+06 9.999988451204776529e-01 -1.512899241558080237e-03 1.445461718117750205e-04 1.492837702385908516e+00 1.512818042607317606e-03 9.999986987675536509e-01 5.602185014297751111e-04 -1.662258436403878320e-03 -1.453935378695261893e-04 -5.599991823881930253e-04 9.999998326308033869e-01 -5.622260537242605483e-05 1.000000000000000000e+00 0.000000000000000000e+00 0.000000000000000000e+00 0.000000000000000000e+00 0.000000000000000000e+00 1.000000000000000000e+00 0.000000000000000000e+00 0.000000000000000000e+00 0.000000000000000000e+00 0.000000000000000000e+00 1.000000000000000000e+00 0.000000000000000000e+00 2.528939247131347656e+02
5.500000000000000000e+06 9.999993321499722754e-01 -8.280294396496393769e-04 -8.062672363269262872e-04 1.296902877564349188e+00 8.277725102871599143e-04 9.999996065327144690e-01 -3.189468408129081953e-04 5.151748414468966140e-04 8.065310164610218699e-04 3.182792219500750518e-04 9.999996241029573962e-01 -7.053036247180698159e-04 1.000000000000000000e+00 0.000000000000000000e+00 0.000000000000000000e+00 0.000000000000000000e+00 0.000000000000000000e+00 1.000000000000000000e+00 0.000000000000000000e+00 0.000000000000000000e+00 0.000000000000000000e+00 0.000000000000000000e+00 1.000000000000000000e+00 0.000000000000000000e+00 2.245254516601562500e+02
5.600000000000000000e+06 9.999952494322666974e-01 -3.059076902290832744e-03 -3.783667592342236023e-04 1.307546600042950757e+00 3.058930148053520901e-03 9.999952462539379860e-01 -3.878348555011953166e-04 8.679923671981092873e-05 3.795513772230988932e-04 3.866756155786020967e-04 9.999998532113494321e-01 3.577972592322224265e-03 1.000000000000000000e+00 0.000000000000000000e+00 0.000000000000000000e+00 0.000000000000000000e+00 0.000000000000000000e+00 1.000000000000000000e+00 0.000000000000000000e+00 0.000000000000000000e+00 0.000000000000000000e+00 0.000000000000000000e+00 1.000000000000000000e+00 0.000000000000000000e+00 2.173531055450439453e+02
5.700000000000000000e+06 9.999999378268562555e-01 -2.206106927478897770e-04 2.750949031746478964e-04 1.038288292125910450e+00 2.207002693944288543e-04 9.999999226272489050e-01 -3.256330565634408657e-04 -7.234450232582619739e-03 -2.750230437556082938e-04 3.256937498370497111e-04 9.999999091429492282e-01 -3.986555790355665488e-04 1.000000000000000000e+00 0.000000000000000000e+00 0.000000000000000000e+00 0.000000000000000000e+00 0.000000000000000000e+00 1.000000000000000000e+00 0.000000000000000000e+00 0.000000000000000000e+00 0.000000000000000000e+00 0.000000000000000000e+00 1.000000000000000000e+00 0.000000000000000000e+00 2.314100265502929688e+02
5.800000000000000000e+06 9.999989741356641870e-01 -1.432360968922538700e-03 -8.347093030019438144e-06 1.535320848876595923e+00 1.432370171717827325e-03 9.999982140881965575e-01 1.232937998673639150e-03 1.286271196423043224e-02 6.581065856445880893e-06 -1.232948689973594521e-03 9.999992398968198248e-01 5.244881228630609085e-04 1.000000000000000000e+00 0.000000000000000000e+00 0.000000000000000000e+00 0.000000000000000000e+00 0.000000000000000000e+00 1.000000000000000000e+00 0.000000000000000000e+00 0.000000000000000000e+00 0.000000000000000000e+00 0.000000000000000000e+00 1.000000000000000000e+00 0.000000000000000000e+00 2.397112846374511719e+02
5.900000000000000000e+06 9.999976256696215815e-01 -2.138126443826407225e-03 -4.207973736517403433e-04 1.351889885695849225e+00 2.138246414648475174e-03 9.999976733756863467e-01 2.848604652141489488e-04 -2.432221588967927416e-03 4.201873269208644917e-04 -2.857595573367970607e-04 9.999998708920344592e-01 1.246098143396121754e-03 1.000000000000000000e+00 0.000000000000000000e+00 0.000000000000000000e+00 0.000000000000000000e+00 0.000000000000000000e+00 1.000000000000000000e+00 0.000000000000000000e+00 0.000000000000000000e+00 0.000000000000000000e+00 0.000000000000000000e+00 1.000000000000000000e+00 0.000000000000000000e+00 2.391395568847656250e+02
6.000000000000000000e+06 9.999860174075353436e-01 -5.175010968053540827e-03 1.088232924064222885e-03 1.468470217952170698e+00 5.175869637819933630e-03 9.999862948420142894e-01 -7.877192598532142343e-04 1.038009391650636382e-02 -1.084141553850585891e-03 7.933407972463671397e-04 9.999990976233282813e-01 -8.940520455009252909e-04 1.000000000000000000e+00 0.000000000000000000e+00 0.000000000000000000e+00 0.000000000000000000e+00 0.000000000000000000e+00 1.000000000000000000e+00 0.000000000000000000e+00 0.000000000000000000e+00 0.000000000000000000e+00 0.000000000000000000e+00 1.000000000000000000e+00 0.000000000000000000e+00 3.339631557464599609e+02
