0.000000000000000000e+00 9.999996604600372985e-01 -8.063325101721741366e-05 8.201085835812144424e-04 1.491949829967055205e-02 8.136072909656038156e-05 9.999996032557416648e-01 -8.870562501939457467e-04 2.710053313844397981e-03 -8.200367319785544905e-04 8.871226736351981411e-04 9.999992702762937613e-01 -6.983688201384534097e-03 1.000000000000000000e+00 4.058926462141566172e-18 1.482559301547000710e-19 5.070089059699967038e-08 1.415490489354829677e-17 1.000000000000000000e+00 1.861327792039218277e-20 -5.148592663317685947e-10 -6.910721269617014515e-19 3.748740853942266993e-20 1.000000000000000000e+00 -2.499995025573298335e-05 1.634726524353027344e+02
1.000000000000000000e+05 9.999976898214334442e-01 -1.178338633247054531e-03 1.797740209675287911e-03 -3.118256933349112647e-03 1.178294000257144869e-03 9.999993054763354206e-01 2.588620710473017454e-05 -1.309216287468008581e-03 -1.797769463820069217e-03 -2.376788079988794233e-05 9.999983837287153010e-01 -2.086564284899502381e-03 1.000000000000000000e+00 4.058926462141566172e-18 1.482559301547000710e-19 4.867285952059319243e-08 1.415490489354829677e-17 1.000000000000000000e+00 1.861327792039218277e-20 -4.942819487041560933e-10 -6.910721269617014515e-19 3.748740853942266993e-20 1.000000000000000000e+00 -2.399995173618663102e-05 9.482240676879882812e+01
2.000000000000000000e+05 9.999976002851668211e-01 1.608789543539267857e-03 1.487017186305997088e-03 2.282303747717213255e-02 -1.606456601820425989e-03 9.999974791749965952e-01 -1.568738613886880642e-03 2.590299598658965877e-02 -1.489537208074461069e-03 1.566346020785597780e-03 9.999976639167957870e-01 -4.467863696541308008e-03 1.000000119209289551e+00 4.754415931529365480e-05 -6.323464185697957873e-05 5.894353147596120834e-03 -4.755163899972103536e-05 1.000000000000000000e+00 9.436115760763641447e-06 -7.234390068333595991e-05 6.323427078314125538e-05 -9.433068953512702137e-06 1.000000119209289551e+00 1.858848918345756829e-05 9.911513328552246094e+01
3.000000000000000000e+05 9.999998214413566844e-01 -2.933554148980863454e-04 5.206340895859500571e-04 3.990129857818668774e-02 2.926975073877037580e-04 9.999991592098018689e-01 1.263292467494889649e-03 -3.073801095459511527e-03 -5.210042455278503714e-04 -1.263139853622817759e-03 9.999990665157073577e-01 -1.725068274998777830e-03 9.999997019767761230e-01 6.972059491090476513e-04 -2.464785357005894184e-04 6.045582145452499390e-02 -6.971985567361116409e-04 9.999997019767761230e-01 2.990366738231386989e-05 -1.740894862450659275e-03 2.464996068738400936e-04 -2.973190021293703467e-05 9.999999403953552246e-01 2.780955692287534475e-04 1.307671070098876953e+02
4.000000000000000000e+05 9.999990063246319005e-01 1.246015015114880324e-03 6.593908788193521839e-04 7.908643529056590127e-02 -1.246795378584429842e-03 9.999985213759061686e-01 1.184376327609750531e-03 1.134777530044801287e-02 -6.579141531403631324e-04 -1.185197276224559965e-03 9.999990812277697039e-01 8.333477346320172893e-05 9.999994039535522461e-01 1.045154873281717300e-03 -9.803241027839249000e-07 8.719407767057418823e-02 -1.045155804604291916e-03 9.999995231628417969e-01 -6.594414571736706421e-06 -2.771834610030055046e-03 9.730716783451498486e-07 6.595551440113922581e-06 1.000000000000000000e+00 1.547662395751103759e-04 1.320776939392089844e+02
5.000000000000000000e+05 9.999982390052769565e-01 1.865887824613932577e-03 -2.011192952821135764e-04 1.183731878246760544e-01 -1.865767701991338269e-03 9.999980819573720536e-01 5.958124361836510813e-04 3.747979150590835182e-03 2.022306286971605686e-04 -5.954361450757104197e-04 9.999998022792654373e-01 -3.153243088850131697e-03 9.999979734420776367e-01 2.047702204436063766e-03 8.708318637218326330e-05 1.697344481945037842e-01 -2.047706162557005882e-03 9.999979138374328613e-01 -4.288302534405374900e-06 -5.473897326737642288e-03 -8.709185931365936995e-05 4.109936071472475305e-06 1.000000000000000000e+00 2.891477197408676147e-04 2.068102359771728516e+02
6.000000000000000000e+05 9.999988217881207175e-01 -6.770636979630445572e-04 -1.377681791744313948e-03 1.721557591240625573e-01 6.778989767068299092e-04 9.999995866591047111e-01 6.059163286293735686e-04 -2.310453734993008282e-02 1.377270978341970471e-03 -6.068495438084083688e-04 9.999988674285003043e-01 6.533701270770099533e-04 9.999969005584716797e-01 2.472998341545462608e-03 -3.477589416434057057e-06 2.005813717842102051e-01 -2.473000204190611839e-03 9.999969005584716797e-01 2.353139507249579765e-06 -6.624554749578237534e-03 3.484193257463630289e-06 -2.344607537452247925e-06 1.000000000000000000e+00 2.933530777227133512e-04 1.076159477233886719e+02
7.000000000000000000e+05 9.999982073377904346e-01 1.766492781142757615e-03 6.817803602577250134e-04 1.998365210345895704e-01 -1.766060451021663662e-03 9.999982394080407788e-01 -6.342013104834141879e-04 -9.192211204764636281e-03 -6.828994719574649121e-04 6.329961082441570549e-04 9.999995664820251484e-01 -5.332560928302020400e-03 9.999957084655761719e-01 2.920160768553614616e-03 -2.454328023304697126e-05 2.322531193494796753e-01 -2.920149359852075577e-03 9.999957680702209473e-01 -1.364680429105646908e-06 -7.850298658013343811e-03 2.453865090501494706e-05 1.436403863408486359e-06 9.999999403953552246e-01 4.456936439964920282e-04 1.670477390289306641e+02
8.000000000000000000e+05 9.999978565308687006e-01 2.069465206284866292e-03 6.517229564033041878e-05 2.659161948964635092e-01 -2.069545776366734681e-03 9.999970628417312879e-01 1.261462718399205011e-03 -1.558974884375037215e-02 -6.256155101423071607e-05 -1.261594891541986500e-03 9.999992022318727747e-01 -2.959523607432887338e-03 9.999923110008239746e-01 3.933998756110668182e-03 -1.890053340503072832e-06 3.043388724327087402e-01 -3.934008534997701645e-03 9.999922513961791992e-01 1.013469841382175218e-06 -1.072917319834232330e-02 1.893952685350086540e-06 -1.006070078801712953e-06 1.000000000000000000e+00 5.523150321096181870e-04 1.633126735687255859e+02
9.000000000000000000e+05 9.999864987342169664e-01 5.178566722596164226e-03 4.298790314420100015e-04 2.692907374694611389e-01 -5.178989721672382605e-03 9.999861000886076656e-01 9.887846277501586428e-04 4.784548861033399540e-03 -4.247525689924819031e-04 -9.909976169914977949e-04 9.999994187543203017e-01 -1.088078743212917126e-03 9.999936223030090332e-01 3.563195932656526566e-03 1.955758634721860290e-04 2.609875500202178955e-01 -3.563285106793045998e-03 9.999935626983642578e-01 4.562992835417389870e-04 -1.007890980690717697e-02 -1.939481880981475115e-04 -4.569932061713188887e-04 9.999998807907104492e-01 5.308997351676225662e-04 1.982271671295166016e+02
1.000000000000000000e+06 9.999557328322190575e-01 9.328217060444229242e-03 -1.231560982293233115e-03 3.479790714561405984e-01 -9.333337381752663045e-03 9.999475411570816208e-01 -4.219448687310846900e-03 1.566962277590569150e-02 1.192136442798476595e-03 4.230756478421807826e-03 9.999903397085003753e-01 -1.752890692186632329e-05 9.999767541885375977e-01 6.237890105694532394e-03 2.761417767032980919e-03 4.273603260517120361e-01 -6.250444334000349045e-03 9.999701380729675293e-01 4.560576286166906357e-03 -2.124610915780067444e-02 -2.732887398451566696e-03 -4.577729851007461548e-03 9.999858140945434570e-01 2.031987998634576797e-03 1.569755077362060547e+02
1.100000000000000000e+06 9.999595204226039424e-01 8.004006318886760021e-03 -4.110158031411939930e-03 3.632615435306862928e-01 -8.022624133800988419e-03 9.999575420962391048e-01 -4.533376981437634706e-03 -2.465223929764252895e-03 4.073698344712477909e-03 4.566167725269789854e-03 9.999812773717821068e-01 6.886840442334730451e-03 9.999714493751525879e-01 7.090487983077764511e-03 2.577350707724690437e-03 4.626503586769104004e-01 -7.097734604030847549e-03 9.999707937240600586e-01 2.818115521222352982e-03 -2.215978130698204041e-02 -2.557293511927127838e-03 -2.836328931152820587e-03 9.999927282333374023e-01 3.252395894378423691e-03 1.342377662658691406e+02
1.200000000000000000e+06 9.999722443496888991e-01 7.425338767244034875e-03 -6.122699059751945255e-04 4.912438652974258635e-01 -7.421944692189538957e-03 9.999580330575161824e-01 5.370927362165101894e-03 -3.493017415856310148e-02 6.521251660376019971e-04 -5.366234055204551108e-03 9.999853890256760192e-01 -3.752169757817031535e-04 9.999882578849792480e-01 4.654876422137022018e-03 1.376329571940004826e-03 4.304375052452087402e-01 -4.657474346458911896e-03 9.999873042106628418e-01 1.889026025310158730e-03 -1.512154564261436462e-02 -1.367519609630107880e-03 -1.895419671200215816e-03 9.999972581863403320e-01 3.505426459014415741e-03 1.529498100280761719e+02
1.300000000000000000e+06 9.999855183139428894e-01 5.381498731599339454e-03 -5.132053132324357743e-05 4.761694163826440951e-01 -5.381561127756355825e-03 9.999846677945671836e-01 -1.304981079278648946e-03 3.209454651954465605e-04 4.429699044341522799e-05 1.305238365528773280e-03 9.999991471949293276e-01 -6.473588728731565281e-03 9.999934434890747070e-01 3.511899616569280624e-03 9.259233484044671059e-04 5.528677105903625488e-01 -3.513899631798267365e-03 9.999915361404418945e-01 2.153109991922974586e-03 -1.173462532460689545e-02 -9.183536749333143234e-04 -2.156348433345556259e-03 9.999973177909851074e-01 5.667713470757007599e-03 1.966810226440429688e+02
1.400000000000000000e+06 9.999988604480095633e-01 1.934847522338337686e-04 -1.497219533951346182e-03 5.253170851089580262e-01 -1.985405276754585377e-04 9.999942769780469920e-01 -3.377364773294626137e-03 -3.094865286215174593e-02 1.496557496744720800e-03 3.377658183368192554e-03 9.999931758471429788e-01 -1.524048326323191845e-03 9.999924898147583008e-01 3.458949737250804901e-03 1.777644385583698750e-03 4.859686791896820068e-01 -3.464507637545466423e-03 9.999891519546508789e-01 3.135676961392164230e-03 -1.233474072068929672e-02 -1.766775851137936115e-03 -3.141812747344374657e-03 9.999934434890747070e-01 5.619619507342576981e-03 1.457300186157226562e+02
1.500000000000000000e+06 9.999805370271785954e-01 5.955949473831228906e-03 -1.858018487672426656e-03 5.511770282370338503e-01 -5.960137078331264118e-03 9.999796923595245524e-01 -2.256465058066450119e-03 -4.062767660946097446e-03 1.844541363825672603e-03 2.267495185428954323e-03 9.999957280572457918e-01 -3.205061422087563620e-03 9.999870657920837402e-01 4.577262327075004578e-03 2.203531796112656593e-03 6.123930811882019043e-01 -4.582749214023351669e-03 9.999862909317016602e-01 2.494816901162266731e-03 -1.511625852435827255e-02 -2.192088635638356209e-03 -2.504876116290688515e-03 9.999945163726806641e-01 7.448611315339803696e-03 2.279424667358398438e+02
1.600000000000000000e+06 9.999778039351483461e-01 6.293937159666920626e-03 -2.185861859355999002e-03 5.340171606032814156e-01 -6.299391529167292121e-03 9.999770399686651601e-01 -2.497439062081364524e-03 -7.360572368775287989e-04 2.170092947382376743e-03 2.511153228442736859e-03 9.999944923878646419e-01 -2.523931065114499387e-03 9.999842047691345215e-01 5.439273081719875336e-03 1.396019128151237965e-03 6.814875006675720215e-01 -5.441704764962196350e-03 9.999837279319763184e-01 1.736466889269649982e-03 -1.723552495241165161e-02 -1.386544317938387394e-03 -1.744041801430284977e-03 9.999975562095642090e-01 9.065936319530010223e-03 2.032947540283203125e+02
1.700000000000000000e+06 9.999496563242349367e-01 9.936493695525374509e-03 -1.396749828409239724e-03 7.562725021340647169e-01 -9.935860613832508612e-03 9.999505325597460859e-01 4.594641909281874082e-04 -7.453291336247083905e-03 1.401246197807030826e-03 -4.455631482044650335e-04 9.999989189907028120e-01 -6.504431253174483736e-03 9.999816417694091797e-01 6.028612144291400909e-03 5.019100499339401722e-04 7.001094222068786621e-01 -6.029375828802585602e-03 9.999806284904479980e-01 1.554290298372507095e-03 -1.879668980836868286e-02 -4.925343673676252365e-04 -1.557290088385343552e-03 9.999986290931701660e-01 1.061244402080774307e-02 1.679053306579589844e+02
1.800000000000000000e+06 9.999949729491919292e-01 3.170333557462593453e-03 5.533063647663798254e-05 6.562644901648738704e-01 -3.170143623020565092e-03 9.999900176615508229e-01 -3.148772246562533614e-03 -3.027203536646164844e-02 -6.531274246558213948e-05 3.148581011460083005e-03 9.999950410736344608e-01 -6.024102553928575680e-03 9.999759793281555176e-01 6.478675641119480133e-03 -2.441933145746588707e-03 6.819711923599243164e-01 -6.466300692409276962e-03 9.999663829803466797e-01 5.040894262492656708e-03 -2.291506342589855194e-02 2.474513836205005646e-03 -5.024977959692478180e-03 9.999843835830688477e-01 1.578501984477043152e-02 2.072801589965820312e+02
1.900000000000000000e+06 9.999599300376110778e-01 8.559989549202329934e-03 2.620095054302783860e-03 6.498097453987726757e-01 -8.537427424151887434e-03 9.999273900096202761e-01 -8.504530647014780023e-03 -1.362938179914759650e-02 -2.692703502685414845e-03 8.481820999421128479e-03 9.999604032462386938e-01 -7.291469646180221385e-03 9.999532699584960938e-01 8.603799156844615936e-03 -4.415674135088920593e-03 7.958621382713317871e-01 -8.585454896092414856e-03 9.999544620513916016e-01 4.157088696956634521e-03 -2.833688445389270782e-02 4.451236221939325333e-03 -4.118989221751689911e-03 9.999815821647644043e-01 1.763547211885452271e-02 1.788234710693359375e+02
2.000000000000000000e+06 9.999550823263366750e-01 7.947497992806543121e-03 5.164359145489633672e-03 8.204154873069950948e-01 -7.924135817812733018e-03 9.999583492586882061e-01 -4.528555992855155810e-03 -2.706255104053750110e-02 -5.200134735766351844e-03 4.487429497374079666e-03 9.999764105093860156e-01 -4.825995649250750842e-03 9.999564290046691895e-01 9.070999920368194580e-03 -2.207900397479534149e-03 7.186816334724426270e-01 -9.068692103028297424e-03 9.999583363533020020e-01 1.055598957464098930e-03 -2.659635618329048157e-02 2.217382891103625298e-03 -1.035521272569894791e-03 9.999970197677612305e-01 8.107261732220649719e-03 2.165803909301757812e+02
2.100000000000000000e+06 9.999713192170197607e-01 7.519862109985473407e-03 9.013418995497072400e-04 7.587948621015766504e-01 -7.520227912880649533e-03 9.999716414219194105e-01 4.031427668317795498e-04 -1.962336572653437458e-02 -8.982847607578586802e-04 -4.099095008936165367e-04 9.999995125292259202e-01 -7.144525717050519316e-03 9.999939203262329102e-01 3.136099316179752350e-03 -1.524412073194980621e-03 9.138247966766357422e-01 -3.136588959023356438e-03 9.999950528144836426e-01 -3.190873248968273401e-04 -9.306714870035648346e-03 1.523404265753924847e-03 3.238621284253895283e-04 9.999986886978149414e-01 5.202328786253929138e-03 1.819145679473876953e+02
2.200000000000000000e+06 9.999987821019244993e-01 8.913913253893802121e-04 1.281099595188236540e-03 8.033864146383177252e-01 -8.926794798714084069e-04 9.999990962602050004e-01 1.005287083110873109e-03 -5.607629229447724968e-03 -1.280202333222140018e-03 -1.006429470093965365e-03 9.999986740899748927e-01 -8.995473000100288191e-03 9.999909996986389160e-01 4.113348200917243958e-03 -1.069985795766115189e-03 9.967524409294128418e-01 -4.115314222872257233e-03 9.999898076057434082e-01 -1.841057557612657547e-03 -1.057691033929586411e-02 1.062402268871665001e-03 1.845443854108452797e-03 9.999977946281433105e-01 2.375301206484436989e-03 1.975214481353759766e+02
2.300000000000000000e+06 9.999937647899803661e-01 3.301676672724613345e-03 1.252721960500006396e-03 8.666434317957993905e-01 -3.303903180911170554e-03 9.999929588672132885e-01 1.779449287631129422e-03 -5.910398693595081410e-03 -1.246837973715069284e-03 -1.783577064461194578e-03 9.999976321211577757e-01 -9.212059313701304389e-03 9.999884366989135742e-01 4.784401971846818924e-03 -2.254831197205930948e-04 9.893308281898498535e-01 -4.784681368619203568e-03 9.999877810478210449e-01 -1.257044728845357895e-03 -1.277553010731935501e-02 2.194664848502725363e-04 1.258119940757751465e-03 9.999991059303283691e-01 1.110849087126553059e-03 2.059671878814697266e+02
2.400000000000000000e+06 9.999765063029663059e-01 6.835943306347568547e-03 5.066766482173660265e-04 8.636643467610871649e-01 -6.837566521131301957e-03 9.999712628490841082e-01 3.274318261404010003e-03 3.543849415373269592e-03 -4.842790337721643214e-04 -3.277705770849675439e-03 9.999945110442843843e-01 -6.446544055910358173e-03 9.999904632568359375e-01 4.323289729654788971e-03 -6.527244695462286472e-04 7.607932686805725098e-01 -4.324894398450851440e-03 9.999876022338867188e-01 -2.478017006069421768e-03 -9.846354834735393524e-03 6.420020363293588161e-04 2.480803523212671280e-03 9.999967217445373535e-01 2.906944137066602707e-04 1.525392532348632812e+02
2.500000000000000000e+06 9.999939652819024305e-01 3.372626394526843149e-03 -8.335412289468886087e-04 8.941390806226809929e-01 -3.367734237963112588e-03 9.999774947394253211e-01 5.802446101874275675e-03 -1.336501178941608588e-02 8.530919527603319412e-04 -5.799603940412296176e-03 9.999828182665212450e-01 -5.367627957399431250e-03 9.999732971191406250e-01 7.108525373041629791e-03 -1.727810828015208244e-03 1.022614121437072754e+00 -7.119668647646903992e-03 9.999533891677856445e-01 -6.527423858642578125e-03 -1.484192069619894028e-02 1.681330613791942596e-03 6.539558060467243195e-03 9.999772310256958008e-01 -2.764353062957525253e-03 2.321872711181640625e+02
2.600000000000000000e+06 9.999448394752589175e-01 1.041594622928106867e-02 1.351321925890484671e-03 1.087974784998262390e+00 -1.042203785766932823e-02 9.999351909879860001e-01 4.582024739508984076e-03 1.250762446003169000e-02 -1.303508224743593407e-03 -4.595855520889505393e-03 9.999885894240688744e-01 -9.651907775154299624e-03 9.999845027923583984e-01 4.434338305145502090e-03 -3.357171081006526947e-03 9.661836624145507812e-01 -4.468552302569150925e-03 9.999374747276306152e-01 -1.025480683892965317e-02 -5.385626107454299927e-03 3.311487846076488495e-03 1.026964839547872543e-02 9.999417662620544434e-01 -6.797249894589185715e-03 2.116086483001708984e+02
2.700000000000000000e+06 9.999773188293812343e-01 6.168501608968136180e-03 2.703962777490903115e-03 8.601457363626516806e-01 -6.196778274465857168e-03 9.999248614917287670e-01 1.057692345458114032e-02 1.777920703085560106e-02 -2.638515836413865383e-03 -1.059343941537016671e-02 9.999404068620958430e-01 -1.019405755249388687e-02 9.999989867210388184e-01 1.426245900802314281e-03 -6.127143569756299257e-05 8.533985018730163574e-01 -1.426427043043076992e-03 9.999941587448120117e-01 -3.090843092650175095e-03 -1.837989431805908680e-03 5.686234362656250596e-05 3.090925980359315872e-03 9.999952912330627441e-01 -7.753371726721525192e-03 2.072079181671142578e+02
2.800000000000000000e+06 9.999980216540771405e-01 1.469564915027279451e-03 1.340547236124040769e-03 9.995835942997690626e-01 -1.476574032025425743e-03 9.999851671680340948e-01 5.242630355718013932e-03 1.181478640316977261e-02 -1.332822966378924799e-03 -5.244599401219188911e-03 9.999853587728477766e-01 -1.458670436866492436e-03 9.999838471412658691e-01 2.119227545335888863e-03 5.279362667351961136e-03 8.782694339752197266e-01 -2.099893521517515182e-03 9.999911785125732422e-01 -3.663275856524705887e-03 -2.487733960151672363e-03 -5.287078209221363068e-03 3.652131184935569763e-03 9.999793171882629395e-01 -1.050186995416879654e-02 2.230210304260253906e+02
2.900000000000000000e+06 9.999896239592666047e-01 2.871129105502368602e-03 -3.536748713729442883e-03 7.753399173632172792e-01 -2.854439307424740460e-03 9.999848103147651601e-01 4.715009648278751901e-03 4.632432477386878855e-03 3.550232393063624571e-03 -4.704865290597630076e-03 9.999826298954159753e-01 -4.942301084709442224e-03 9.999907612800598145e-01 2.000931184738874435e-03 3.796794684603810310e-03 7.666636705398559570e-01 -1.988650299608707428e-03 9.999927282333374023e-01 -3.238626057282090187e-03 -3.267097519710659981e-03 -3.803248051553964615e-03 3.231045557186007500e-03 9.999874830245971680e-01 -5.344549193978309631e-03 2.289192676544189453e+02
3.000000000000000000e+06 9.999809697469632663e-01 9.235242745821854423e-04 -6.099774326753367067e-03 6.645255615208732758e-01 -8.942739435462615299e-04 9.999880978117283714e-01 4.796301595494636451e-03 3.645085280660955579e-03 6.104131227042572730e-03 -4.790755451419706143e-03 9.999698936688883322e-01 -8.302804577976349507e-03 9.999974966049194336e-01 1.754493103362619877e-03 -1.382553717121481895e-03 5.654378533363342285e-01 -1.753306481987237930e-03 9.999981522560119629e-01 8.615293190814554691e-04 -5.723909009248018265e-03 1.384062343277037144e-03 -8.591031655669212341e-04 9.999987483024597168e-01 4.320889711380004883e-03 1.845028400421142578e+02
3.100000000000000000e+06 9.999887551259075691e-01 4.725030401638091564e-03 -4.046102339451956441e-04 5.277718303642300324e-01 -4.724972257579787387e-03 9.999888268103451772e-01 1.445393880884783251e-04 3.278845811916892509e-03 4.052886661612676547e-04 -1.426259906307339486e-04 9.999999076994577907e-01 -1.619362745824010682e-03 9.999980926513671875e-01 1.386775053106248379e-03 -1.378463697619736195e-03 3.857518434524536133e-01 -1.386475167237222195e-03 9.999989867210388184e-01 2.187606150982901454e-04 -3.992254380136728287e-03 1.378766261041164398e-03 -2.168489882024005055e-04 9.999990463256835938e-01 3.494178177788853645e-03 1.464490890502929688e+02
3.200000000000000000e+06 9.999934231211531355e-01 2.860581505731909103e-03 2.229526381884370384e-03 6.233921879558177448e-01 -2.857735913501245704e-03 9.999950994259003689e-01 -1.278463778256384116e-03 -8.172898496990588929e-03 -2.233172605764957141e-03 1.272083972343394844e-03 9.999966973657864466e-01 -1.834763396963427296e-03 9.999992847442626953e-01 1.196180470287799835e-03 2.586650080047547817e-04 2.874665260314941406e-01 -1.196108176372945309e-03 9.999993443489074707e-01 -2.330649440409615636e-04 -3.089066129177808762e-03 -2.589437935966998339e-04 2.327553957002237439e-04 9.999999403953552246e-01 3.215438628103584051e-04 1.684474945068359375e+02
3.300000000000000000e+06 9.999996034273116452e-01 -4.891394076396137760e-04 -7.442364271678163180e-04 3.065960157580905898e-01 4.908767536326428442e-04 9.999971510410520237e-01 2.336011513738436157e-03 -8.180484905588852190e-03 7.430916715807183142e-04 -2.336375915701372711e-03 9.999969945766578050e-01 -8.292537500909353057e-03 9.999997019767761230e-01 4.095046024303883314e-04 5.459531676024198532e-04 1.111587509512901306e-01 -4.095029726158827543e-04 9.999998807907104492e-01 -1.341352162853581831e-05 -1.146475551649928093e-03 -5.459586391225457191e-04 1.318992781307315454e-05 9.999998211860656738e-01 -5.393762257881462574e-04 1.649858951568603516e+02
3.400000000000000000e+06 9.999964962530603074e-01 -8.223144242377706603e-04 -2.516203606786571352e-03 2.078004842140644959e-01 8.247301665630919591e-04 9.999991998895880752e-01 9.591873310042302271e-04 3.296769423763675801e-03 2.515412839968035955e-03 -9.612591592742864748e-04 9.999963743329639554e-01 -3.869005361754346978e-03 9.999999403953552246e-01 -5.261521778265887406e-07 -3.053281689062714577e-04 1.070205215364694595e-02 5.543586780731857289e-07 1.000000000000000000e+00 7.766859926050528884e-05 -1.117056599468924105e-04 3.053272375836968422e-04 -7.766871567582711577e-05 1.000000000000000000e+00 3.263149701524525881e-04 1.559951305389404297e+02
3.500000000000000000e+06 9.999996095549178454e-01 8.092220208259424908e-04 -3.550348336385925670e-04 3.044413214960832101e-02 -8.093698510151347680e-04 9.999995857505379337e-01 -4.164363056596810057e-04 -2.322925180723765370e-03 3.546976971367924759e-04 4.167234975545806267e-04 9.999998502655238486e-01 -7.523407836324248971e-04 9.999996423721313477e-01 -1.338819970442273188e-06 -8.950741612352430820e-04 7.114779436960816383e-04 1.344095039712556172e-06 1.000000119209289551e+00 5.011491793993627653e-06 -1.510898346168687567e-05 8.950752671808004379e-04 -5.012692326999967918e-06 9.999995827674865723e-01 8.519982220605015755e-04 1.203842163085937500e+02
3.600000000000000000e+06 9.999996287997481303e-01 -7.793219973009052988e-04 3.675018239818706942e-04 3.085446553046287607e-02 7.797852912898754285e-04 9.999988993874032728e-01 -1.262203977805347911e-03 3.523083198592738378e-03 -3.665177561797494741e-04 1.262490081791776486e-03 9.999991358913905559e-01 -2.289393718914160217e-03 9.999999403953552246e-01 3.409287963052065606e-09 -7.222143904073163867e-05 1.957549946382641792e-03 -6.375890926335614495e-09 1.000000000000000000e+00 -9.180419510812498629e-06 -5.660241367877461016e-05 7.222106069093570113e-05 9.180437700706534088e-06 9.999999403953552246e-01 7.895746239228174090e-05 1.526403427124023438e+02
3.700000000000000000e+06 9.999990692107570966e-01 1.359664768374892804e-03 -1.135312163812142645e-04 -1.185974399233158220e-02 -1.359697858868271414e-03 9.999990330077880296e-01 -2.918993342617292762e-04 -1.729238305186568203e-03 1.131342213567044553e-04 2.920534307167971526e-04 9.999999509527195407e-01 -2.864512881943093257e-03 9.999999403953552246e-01 8.374643584829755127e-06 7.009202818153426051e-05 4.025499150156974792e-02 -8.379444807360414416e-06 9.999999403953552246e-01 -3.292841199709073408e-07 7.002730126259848475e-05 -7.009200635366141796e-05 3.286832850335486000e-07 1.000000000000000000e+00 6.050970841897651553e-05 8.052372932434082031e+01
3.800000000000000000e+06 9.999952511856187165e-01 2.840398085237417006e-03 -1.195719418911297179e-03 -8.673291556497353047e-03 -2.840181354786535869e-03 9.999959499479131875e-01 1.829143035506302739e-04 1.306980358633262531e-03 1.196234125622937195e-03 -1.795173749254069871e-04 9.999992683984467723e-01 -9.037061287841561879e-04 1.000000000000000000e+00 5.473663986776955426e-05 -9.024388418765738606e-06 1.003295630216598511e-01 -5.473322016769088805e-05 1.000000000000000000e+00 1.751793206494767219e-06 -2.011075121117755771e-04 9.024037353810854256e-06 -1.751301965668972116e-06 1.000000000000000000e+00 1.900327770272269845e-04 2.346072196960449219e+02
3.900000000000000000e+06 9.999997716110412549e-01 4.771148322028052565e-04 4.786849715504528811e-04 7.174171590662475895e-02 -4.771148281256190767e-04 9.999998861807063433e-01 -1.227113346533393424e-07 2.506841938396893715e-03 -4.786849756142653729e-04 -1.056763913001857650e-07 9.999998854303349116e-01 -2.439534157748350391e-04 1.000000119209289551e+00 1.018541224766522646e-04 -2.244692768726963550e-05 1.469209045171737671e-01 -1.018508628476411104e-04 1.000000000000000000e+00 -1.282058548213171889e-07 -1.733584067551419139e-04 2.244688221253454685e-05 1.304773178389950772e-07 9.999999403953552246e-01 2.251842670375481248e-04 1.319181919097900391e+02
4.000000000000000000e+06 9.999989703754187387e-01 -1.125406939728109800e-03 8.903411269951945310e-04 1.382725843118900455e-01 1.126643396342374807e-03 9.999984000305275345e-01 -1.389464300556971866e-03 5.060985483304627705e-03 -8.887759897102198801e-04 1.390465966881594120e-03 9.999986383398904444e-01 -3.530819811910158607e-03 9.999999403953552246e-01 1.235820818692445755e-04 2.825294359354302287e-06 1.680826693773269653e-01 -1.235954405274242163e-04 1.000000000000000000e+00 -3.066890883474115981e-07 -2.565500035416334867e-04 -2.824975808835006319e-06 3.063365170419274364e-07 1.000000000000000000e+00 2.971284266095608473e-04 1.174035072326660156e+02
4.100000000000000000e+06 9.999965006668118939e-01 -2.575033212263562639e-03 -6.065130555797925435e-04 1.488235625604586165e-01 2.576630270724117495e-03 9.999931764058330730e-01 2.647285065952017374e-03 -1.530405562611735501e-03 5.996920700136885085e-04 -2.648838562118123897e-03 9.999963120050459064e-01 5.507174116946414455e-03 9.999999403953552246e-01 1.723084715195000172e-04 7.571779860882088542e-06 2.366272062063217163e-01 -1.722985907690599561e-04 9.999999403953552246e-01 -1.501378079638016061e-07 -4.501396906562149525e-04 -7.572194590466096997e-06 1.488502192614760133e-07 1.000000000000000000e+00 3.935578279197216034e-04 1.523828506469726562e+02
4.200000000000000000e+06 9.999986259718436354e-01 1.363256549131121841e-03 9.431786712272800582e-04 1.971237305509491444e-01 -1.362313646156341086e-03 9.999985724207580695e-01 -9.996289187819999353e-04 1.403171694521372853e-03 -9.445400754352180827e-04 9.983426400891430835e-04 9.999990555775634116e-01 3.785857087067484843e-03 1.000000000000000000e+00 1.781589526217430830e-04 1.096723622140416410e-06 2.428175210952758789e-01 -1.781588798621669412e-04 1.000000000000000000e+00 -1.084189875655283686e-07 -4.299768770579248667e-04 -1.095946231544075999e-06 1.082252865103328077e-07 1.000000000000000000e+00 4.588635929394513369e-04 1.323738098144531250e+02
4.300000000000000000e+06 9.999992833913338153e-01 -1.005174833412668910e-03 6.502617727608150412e-04 3.466465200779919043e-01 1.004683734597536801e-03 9.999992102027763785e-01 7.551188098073300693e-04 6.694979539854806032e-03 -6.510202856097272589e-04 -7.544649612563237174e-04 9.999995034774816771e-01 -4.382010719801334407e-03 9.999999403953552246e-01 2.508754259906709194e-04 -2.849390966730425134e-06 3.371569514274597168e-01 -2.508750767447054386e-04 9.999999403953552246e-01 -6.292565757348711486e-08 -6.261620437726378441e-04 2.848076292139012367e-06 6.362908777646225644e-08 1.000000000000000000e+00 6.523920455947518349e-04 1.758806705474853516e+02
4.400000000000000000e+06 9.999999084091357737e-01 -2.974606718797001385e-04 -3.077318128692233738e-04 2.495789964355910884e-01 2.976488978107349570e-04 9.999997685585050311e-01 6.117908710908569669e-04 -1.691181650291274105e-03 3.075497579237480199e-04 -6.118824110913241836e-04 9.999997655065031577e-01 -2.457796600487683605e-04 1.000000000000000000e+00 2.528586774133145809e-04 -1.399664597556693479e-06 3.253595829010009766e-01 -2.528642071411013603e-04 9.999999403953552246e-01 5.622349021905392874e-07 -6.997208693064749241e-04 1.401234499098791275e-06 -5.618730369860713836e-07 1.000000000000000000e+00 5.459723179228603840e-04 1.770398616790771484e+02
4.500000000000000000e+06 9.999996873131451469e-01 -6.486871032520082937e-04 4.523037186062393291e-04 2.699630100858209092e-01 6.483306285877475216e-04 9.999994794932366426e-01 7.878328831772172603e-04 -7.200600029418928807e-03 -4.528145402099296372e-04 -7.875393944780344083e-04 9.999995873702619553e-01 -1.997058032595829154e-03 9.999998807907104492e-01 3.358177782502025366e-04 3.205911298209684901e-06 4.148152768611907959e-01 -3.358210960868746042e-04 9.999999403953552246e-01 -4.068218970587622607e-07 -8.712970302440226078e-04 -3.207103418390033767e-06 4.057344540342455730e-07 1.000000000000000000e+00 7.671335479244589806e-04 1.225852966308593750e+02
4.600000000000000000e+06 9.999992746818328060e-01 -1.001989756716733116e-03 -6.683205336931157675e-04 5.209763346417272123e-01 1.001736790560706775e-03 9.999994265404416049e-01 -3.787376274633198845e-04 3.486391519939851407e-04 6.686996416615189785e-04 3.780678714915504716e-04 9.999997049526934134e-01 -4.393204885103699046e-03 1.000000000000000000e+00 3.728497831616550684e-04 -3.188153243627311895e-07 4.304227530956268311e-01 -3.728473966475576162e-04 1.000000000000000000e+00 9.933518185789580457e-07 -9.843291481956839561e-04 3.196648208358965348e-07 -9.932276725521660410e-07 1.000000000000000000e+00 7.718234555795788765e-04 1.462693214416503906e+02
4.700000000000000000e+06 9.999958232851262618e-01 -2.824933706179780842e-03 6.108697554941256965e-04 5.228699528597727797e-01 2.824737617227970465e-03 9.999959586993769634e-01 3.216244826601841818e-04 1.084617157006927124e-02 -6.117758546276017093e-04 -3.198975925488525720e-04 9.999997616978885118e-01 7.959773366620066619e-04 9.999998211860656738e-01 4.976180498488247395e-04 9.009932000481057912e-07 5.310882925987243652e-01 -4.976076888851821423e-04 9.999998211860656738e-01 -2.418193219000386307e-07 -1.406393945217132568e-03 -9.005595416056166869e-07 2.413864308437041473e-07 1.000000000000000000e+00 9.969383245334029198e-04 1.921997070312500000e+02
4.800000000000000000e+06 9.999996711620215972e-01 -8.109600718020033632e-04 -4.428395268120515864e-06 6.516981797580297942e-01 8.109670823030246415e-04 9.999978261310046301e-01 1.920954360883917475e-03 4.511818325520068271e-03 2.870568354938550059e-06 -1.920957320483958645e-03 9.999981549556643534e-01 -6.786570685020417576e-04 9.999998211860656738e-01 5.828352295793592930e-04 -1.367843992738926318e-06 5.571092367172241211e-01 -5.828400026075541973e-04 9.999998211860656738e-01 2.399464619884383865e-06 -1.596248359419405460e-03 1.368125822409638204e-06 -2.398683363935560919e-06 1.000000000000000000e+00 9.671032312326133251e-04 1.318614482879638672e+02
4.900000000000000000e+06 9.999984151186871451e-01 1.569288596445228773e-03 8.408884675448956248e-04 4.576808331745876313e-01 -1.568964094689856599e-03 9.999986945131338345e-01 -3.864242454689258512e-04 7.561368695180905632e-03 -8.414937809378497755e-04 3.851043092191436625e-04 9.999995717913521265e-01 6.157259232751783338e-04 9.999997019767761230e-01 7.651130435988306999e-04 5.365710649130051024e-07 6.364786028861999512e-01 -7.651185151189565659e-04 9.999997019767761230e-01 1.847318117143004201e-06 -2.190090483054518700e-03 -5.342830604604387190e-07 -1.847704538704419974e-06 1.000000000000000000e+00 1.098907086998224258e-03 1.660358905792236328e+02
5.000000000000000000e+06 9.999992029901784152e-01 1.297837247309589889e-04 -1.255856358341578055e-03 5.609093151850426118e-01 -1.277753703159213489e-04 9.999987132126600953e-01 1.599139293175903982e-03 -1.964185439837074117e-03 1.256062284575347075e-03 -1.598977551134930135e-03 9.999979327870274215e-01 -1.331168082135204649e-03 9.999997019767761230e-01 7.791148382239043713e-04 -1.761416683621064294e-07 5.577484369277954102e-01 -7.791072130203247070e-04 9.999997019767761230e-01 3.567795374692650512e-06 -2.118764212355017662e-03 1.792523391941358568e-07 -3.567656222003279254e-06 1.000000000000000000e+00 9.475926635786890984e-04 1.744217872619628906e+02
5.100000000000000000e+06 9.999964465789445978e-01 1.299755003051087255e-03 2.327545148024463655e-03 6.569157163877145100e-01 -1.300399675585933593e-03 9.999991165344109811e-01 2.754833592044241583e-04 -7.850556766116719614e-04 -2.327185030844035503e-03 -2.785091192514578019e-04 9.999972533174792400e-01 9.071227311049002593e-04 9.999994635581970215e-01 1.076446031220257282e-03 9.471440307606826536e-07 6.498439311981201172e-01 -1.076445914804935455e-03 9.999994635581970215e-01 4.677317974710604176e-06 -3.161286935210227966e-03 -9.426386213817750104e-07 -4.678346613218309358e-06 1.000000000000000000e+00 1.191548071801662445e-03 2.782690048217773438e+03
5.200000000000000000e+06 9.999988668104382583e-01 1.483426769182916941e-03 -2.565596611563684308e-04 7.358600607567966634e-01 -1.483501532711064630e-03 9.999988571354408995e-01 -2.914635731884348104e-04 1.717419040505654363e-03 2.561270030767149176e-04 2.918438495555133040e-04 9.999999246130600872e-01 -1.843577016663370443e-03 1.000000000000000000e+00 3.307589504402130842e-04 9.190577657136600465e-06 7.214749455451965332e-01 -3.307534207124263048e-04 9.999999403953552246e-01 -8.127956971293315291e-05 -9.852482471615076065e-04 -9.216834769176784903e-06 8.127652836265042424e-05 1.000000000000000000e+00 1.267644809558987617e-03 1.353256702423095703e+02
5.300000000000000000e+06 9.999998770415610139e-01 -1.602043284910477849e-04 -4.693095311637163658e-04 7.069112401949771973e-01 1.598843540193512717e-04 9.999997548224619504e-01 -6.817565616681689478e-04 -2.505699147256828380e-03 4.694186364517173755e-04 6.816814425892210854e-04 9.999996574782186176e-01 -7.086828882379922478e-04 9.999999403953552246e-01 2.864241250790655613e-04 2.322656364412978292e-04 6.457874178886413574e-01 -2.864432462956756353e-04 9.999998807907104492e-01 6.794155342504382133e-05 -7.893625297583639622e-04 -2.322469372302293777e-04 -6.800809933338314295e-05 9.999999403953552246e-01 9.456065017729997635e-04 1.329081058502197266e+02
5.400000000000000000e+06 9.999993221393357334e-01 -8.188507521189273414e-04 -8.277706897206986566e-04 7.791987804350969382e-01 8.186470089995407338e-04 9.999996345412456300e-01 -2.464436037047638040e-04 -3.945790916758478394e-04 8.279721877349021210e-04 2.457657846510615755e-04 9.999996270305481216e-01 -1.444557633167148228e-03 9.999998211860656738e-01 3.380857815500348806e-04 3.476342826616019011e-04 6.256093978881835938e-01 -3.380974230822175741e-04 9.999999403953552246e-01 4.084728061570785940e-06 -9.097281144931912422e-04 -3.476327692624181509e-04 -4.202250693197129294e-06 1.000000000000000000e+00 1.014920300804078579e-03 1.593184471130371094e+02
5.500000000000000000e+06 9.999989953801200482e-01 -8.574472297621388989e-04 -1.128726272800499456e-03 7.092296901662842323e-01 8.572216983680854994e-04 9.999996125295356197e-01 -2.002791518052714356e-04 3.916139605022477335e-03 1.128897564256300555e-03 1.993113819482912759e-04 9.999993429324154359e-01 -2.207306071549595700e-03 9.999999403953552246e-01 4.567377618514001369e-04 -1.885723468149080873e-04 6.973013877868652344e-01 -4.567298165056854486e-04 9.999998807907104492e-01 -1.324982440564781427e-05 -1.340149086900055408e-03 1.885662786662578583e-04 1.333595537289511412e-05 9.999999403953552246e-01 1.780910533852875233e-03 1.304929256439208984e+02
5.600000000000000000e+06 9.999999385311457711e-01 2.132949138344568038e-04 -2.782857960806684773e-04 8.043956318481071399e-01 -2.130854731529326432e-04 9.999996942272575406e-01 7.524227352680411002e-04 3.650339938671371808e-03 2.784461989309435057e-04 -7.523633903569480795e-04 9.999996782084697999e-01 -1.536270912726648121e-03 9.999998211860656738e-01 5.062585114501416683e-04 -2.694830473046749830e-04 6.198003888130187988e-01 -5.062661366537213326e-04 9.999998807907104492e-01 4.353915755928028375e-06 -1.347471843473613262e-03 2.694854047149419785e-04 -4.217471996526001021e-06 1.000000000000000000e+00 1.558473799377679825e-03 2.098939418792724609e+02
5.700000000000000000e+06 9.999988836468504116e-01 -1.256652017883848078e-03 -8.084124930300864813e-04 7.255456606159984556e-01 1.256665049600921586e-03 9.999992102742913946e-01 1.561238303646047558e-05 1.245431987257639497e-02 8.083922352733108243e-04 -1.662826933317915947e-05 9.999996731126938876e-01 9.438675818837417462e-04 9.999996423721313477e-01 7.802993641234934330e-04 1.394313439959660172e-04 7.455398440361022949e-01 -7.803050684742629528e-04 9.999997615814208984e-01 4.523221832641866058e-06 -2.303441986441612244e-03 -1.394280552631244063e-04 -4.632038780982838944e-06 9.999999403953552246e-01 1.362496288493275642e-03 1.518967151641845703e+02
5.800000000000000000e+06 9.999995701569800444e-01 -5.690252044930155326e-04 -7.320492960416489017e-04 6.058736196089592463e-01 5.692996320058816553e-04 9.999997677406547991e-01 3.747219842949689960e-04 5.187318541424373874e-03 7.318358997626171845e-04 -3.751385786181863084e-04 9.999996618435741391e-01 -1.327241655444712015e-03 9.999995231628417969e-01 9.498227154836058617e-04 1.884988305391743779e-04 6.463001966476440430e-01 -9.498154977336525917e-04 9.999995231628417969e-01 5.025725386076373979e-06 -2.729901345446705818e-03 -1.884937664726749063e-04 -5.204751232668058947e-06 1.000000000000000000e+00 1.172321499325335026e-03 1.108694076538085938e+02
5.900000000000000000e+06 9.999992503854981951e-01 1.164384152190897550e-03 -3.787320794029651653e-04 5.873034322578823963e-01 -1.164132638313372008e-03 9.999991021892684628e-01 6.636383483598882766e-04 7.720515241885852337e-03 3.795044693488562929e-04 -6.631969565121491198e-04 9.999997080730347321e-01 -1.339123238834625517e-05 9.999986886978149414e-01 1.605083351023495197e-03 -1.860364427557215095e-04 6.624354720115661621e-01 -1.605069497600197792e-03 9.999986290931701660e-01 3.647505582193844020e-05 -4.558634478598833084e-03 1.860944757936522365e-04 -3.617641777964308858e-05 1.000000000000000000e+00 1.639504800550639629e-03 1.516387462615966797e+02
