0.000000000000000000e+00 9.999998141814101515e-01 -3.959529050388733051e-04 -4.635282539339913451e-04 1.241739930198366287e-02 3.959340136508460997e-04 9.999999207838993209e-01 -4.084668824713215239e-05 -2.122529775142075262e-02 4.635443905799632074e-04 4.066315405503749861e-05 9.999998917365471307e-01 1.126186615442250922e-03 9.999999403953552246e-01 2.362355200347110440e-09 1.317023852607235312e-04 4.633658390957862139e-04 -1.481486266996512313e-09 1.000000000000000000e+00 2.094392499429886811e-07 6.608609623981465120e-07 -1.317033165832981467e-04 -2.094462274726538453e-07 1.000000000000000000e+00 -1.493015006417408586e-04 1.118495464324951172e+02
1.000000000000000000e+05 9.999899492941660695e-01 4.305318043428267745e-03 -1.251218284668629936e-03 5.240468592172477236e-02 -4.305564639744200763e-03 9.999907121064330884e-01 -1.944582260590132518e-04 -1.659579718329727560e-02 1.250369458977028132e-03 1.998434728196568308e-04 9.999991983190799072e-01 -3.051254126932138617e-03 9.999952912330627441e-01 3.577941498633663286e-08 3.071844112128019333e-03 1.383940503001213074e-02 -3.771875611846553511e-08 1.000000000000000000e+00 4.188179616448906017e-07 -3.196587101683689980e-07 -3.071843879297375679e-03 -4.189340927496232325e-07 9.999952316284179688e-01 -3.204067470505833626e-03 1.946556568145751953e+02
2.000000000000000000e+05 9.999896460707777823e-01 -1.078916200794316146e-03 -4.420824705002751771e-03 2.021684149652144477e-02 1.078928138842784107e-03 9.999994179568164610e-01 3.155245448501583681e-07 -7.788252609607747810e-03 4.420821791467323229e-03 -5.085273449050173121e-06 9.999902281066691545e-01 -1.562413352625926849e-03 9.999949336051940918e-01 -1.031678067420216394e-07 3.169250441715121269e-03 4.543517902493476868e-02 1.033814953643741319e-07 1.000000000000000000e+00 -3.382882596270064823e-08 1.750004940959115629e-07 -3.169250674545764923e-03 3.416142035916891473e-08 9.999950528144836426e-01 -3.283260622993111610e-03 2.860949039459228516e+02
3.000000000000000000e+05 9.999984026444346252e-01 -5.304998767044665419e-04 -1.706832874105900649e-03 3.635115475698122434e-02 5.297841691805939539e-04 9.999997715718924596e-01 -4.197438468345848057e-04 1.723615663786552329e-02 1.707055158276290802e-03 4.188389233182767519e-04 9.999984552671283833e-01 -1.139307972105908242e-04 9.999999403953552246e-01 -5.151551185633707064e-09 -5.024624988436698914e-04 6.629441678524017334e-02 5.740034669798887990e-09 1.000000000000000000e+00 1.047187083713652100e-07 -2.882127034808945609e-07 5.024629062972962856e-04 -1.047151769739684823e-07 9.999998211860656738e-01 1.008460531011223793e-03 1.566624641418457031e+02
4.000000000000000000e+05 9.999979066267740135e-01 -1.331285570788249325e-03 1.553840660688908873e-03 9.958554175769730732e-02 1.331026746487186429e-03 9.999991001398047530e-01 1.675929022271504837e-04 -3.188467065914207203e-03 -1.554062376462050270e-03 -1.655243479134998585e-04 9.999987787451645183e-01 -1.115737161834135394e-03 9.999985098838806152e-01 -1.420655308947971207e-07 -1.738102058880031109e-03 1.057198122143745422e-01 1.418641062400638475e-07 1.000000000000000000e+00 1.228774948458521976e-07 4.363079995073348982e-07 1.738102757371962070e-03 -1.231233142107157619e-07 9.999985098838806152e-01 2.753067295998334885e-03 1.498951911926269531e+02
5.000000000000000000e+05 9.999980610985352847e-01 1.423443123716227948e-03 1.360738345024327042e-03 9.413244879989716984e-02 -1.424385052886253554e-03 9.999987464760990985e-01 6.915008687585337023e-04 4.035014052232926279e-03 -1.359752327149610666e-03 -6.934377433660284364e-04 9.999988351081740001e-01 1.276192129794177245e-04 1.000000000000000000e+00 -2.650136536885838723e-07 -2.415716444374993443e-04 1.423163861036300659e-01 2.654661841461347649e-07 1.000000000000000000e+00 -1.730716405745624797e-07 -1.156460101014999964e-07 2.415710478089749813e-04 1.729993641674809624e-07 1.000000000000000000e+00 1.208709087222814560e-03 1.161901950836181641e+02
6.000000000000000000e+05 9.999947065738029606e-01 -3.095012173098841534e-03 -1.003854582145757802e-03 1.188309774741113656e-01 3.093763763845468456e-03 9.999944420296884573e-01 -1.242793428396097959e-03 -2.244321813952660644e-02 1.007695463541326275e-03 1.239681160830393781e-03 9.999987238694217906e-01 3.837778933170464968e-04 9.999998211860656738e-01 -2.726958712173654931e-07 5.725027876906096935e-04 1.185456141829490662e-01 2.721990028931031702e-07 1.000000000000000000e+00 5.409395242850223440e-08 -6.309775244517368264e-07 -5.725030787289142609e-04 -5.393362201289164659e-08 9.999998211860656738e-01 2.003717781917657703e-05 1.289026737213134766e+02
7.000000000000000000e+05 9.999941814862290945e-01 -3.273717719597636459e-03 -9.590443050925399242e-04 2.211150983505340561e-01 3.273369941286773718e-03 9.999945762707964647e-01 -3.639755730678185110e-04 -1.473716745363055566e-02 9.602306567789876002e-04 3.608341484702821110e-04 9.999994738777631120e-01 3.364976332679654649e-03 9.999998807907104492e-01 -2.563413374900846975e-07 4.802625917363911867e-04 2.276611328125000000e-01 2.561629344199900515e-07 1.000000000000000000e+00 1.064628065705619520e-07 1.019237743093981408e-06 -4.802620096597820520e-04 -1.063396410927452962e-07 9.999998807907104492e-01 8.105522138066589832e-04 1.878471374511718750e+02
8.000000000000000000e+05 9.999982614367698419e-01 -1.335915442154228180e-03 -1.300943261269619155e-03 1.774966054054561704e-01 1.336062637978123729e-03 9.999991011641778949e-01 1.122829623115891723e-04 5.593829988322128813e-03 1.300792091391970648e-03 -1.140209087860712676e-04 9.999991474692202509e-01 -3.350624017634349782e-04 9.999999403953552246e-01 -4.038668066641548648e-07 -2.642433682922273874e-04 2.165705412626266479e-01 4.035917697819968453e-07 1.000000000000000000e+00 2.002412990975699358e-08 2.499407116829388542e-07 2.642424369696527719e-04 -2.013567268477345351e-08 1.000000000000000000e+00 1.754185184836387634e-03 1.843345165252685547e+02
9.000000000000000000e+05 9.999963635761085490e-01 -2.649182232676660850e-03 5.046464677650508478e-04 1.797551742361047089e-01 2.649201216431713163e-03 9.999964901775290071e-01 -3.695318797797940430e-05 -2.463096515657875810e-02 -5.045468008165063462e-04 3.828996363679491074e-05 9.999998719831940663e-01 -9.389670087420969686e-04 1.000000000000000000e+00 -2.648913266511954134e-07 -2.286378730786964297e-04 2.279418706893920898e-01 2.649381372066272888e-07 1.000000000000000000e+00 -2.950850728211662499e-07 6.465151045631500892e-07 2.286388917127624154e-04 2.950282862457243027e-07 9.999999403953552246e-01 1.788436900824308395e-03 2.234186172485351562e+03
1.000000000000000000e+06 9.999998679221995257e-01 -4.706939224366664398e-04 -2.064044930688221924e-04 2.471634004567069276e-01 4.705471764203383324e-04 9.999996369326495937e-01 -7.104364318273519250e-04 -6.009522260183497791e-03 2.067388162408285469e-04 7.103392149430566701e-04 9.999997263385933532e-01 -3.085544044372372056e-03 9.999999403953552246e-01 -5.404107241702149622e-07 4.164427446085028350e-05 2.837830185890197754e-01 5.406353693615528755e-07 1.000000000000000000e+00 -6.644344807682500686e-08 1.062956087594102428e-07 -4.164408528595231473e-05 6.647116634894700837e-08 9.999999403953552246e-01 1.755781588144600391e-03 2.062313556671142578e+02
1.100000000000000000e+06 9.999962756586247004e-01 2.678541733844183332e-03 5.235294259561566396e-04 2.714629930743652220e-01 -2.678276213644937512e-03 9.999962847762293716e-01 -5.072181601963359409e-04 1.220015722721212552e-02 -5.248860859374380626e-04 5.058141147340740676e-04 9.999997343233038016e-01 -3.051112462062018343e-03 1.000000000000000000e+00 -3.826818897323391866e-07 1.354366540908813477e-04 3.012712895870208740e-01 3.824193299806211144e-07 1.000000000000000000e+00 2.118792679084435804e-07 -1.089313101942934736e-07 -1.354373816866427660e-04 -2.118352711022453150e-07 1.000000000000000000e+00 1.679624896496534348e-03 1.681485176086425781e+02
1.200000000000000000e+06 9.999917092569436949e-01 4.069405225329504085e-03 -1.461454355525772990e-04 2.673637741073112140e-01 -4.069435576965849816e-03 9.999916981831471485e-01 -2.079876689903637291e-04 1.342113683508539858e-02 1.452978361729439702e-04 2.085806740528900406e-04 9.999999676913201574e-01 -2.320838279907417971e-03 9.999999403953552246e-01 -5.409773393694194965e-07 2.263720489281695336e-05 3.022449016571044922e-01 5.404836542766133789e-07 1.000000000000000000e+00 -1.536336498020318686e-07 -3.376319739345490234e-07 -2.263784153910819441e-05 1.536436968763155164e-07 9.999999403953552246e-01 1.905621611513197422e-03 1.199612617492675781e+02
1.300000000000000000e+06 9.999965492714367743e-01 2.081934151611635267e-03 1.602184573414114788e-03 2.905629725041911082e-01 -2.081810951696397381e-03 9.999978299434801876e-01 -7.855884213449128046e-05 1.250812248102420657e-02 -1.602344650919386220e-03 7.522312565767830825e-05 9.999987134157228841e-01 -2.974040087658673132e-03 1.000000000000000000e+00 -5.416467274699243717e-07 -5.379086724133230746e-05 3.203918933868408203e-01 5.421084097179118544e-07 1.000000000000000000e+00 -1.012885277873465384e-07 3.461765913925773930e-07 5.379143112804740667e-05 1.012661456911700952e-07 1.000000000000000000e+00 2.140881959348917007e-03 1.698564052581787109e+03
1.400000000000000000e+06 9.999934183886435290e-01 3.551921643412212816e-03 -7.396161397545593938e-04 4.336147709353016522e-01 -3.552131192468632216e-03 9.999936513432069463e-01 -2.822007656068077977e-04 2.690890492041396118e-02 7.386090891783831996e-04 2.848261218315195501e-04 9.999996866652978156e-01 -3.416375223350768143e-03 9.999999403953552246e-01 -5.235439743955794256e-07 -3.778666723519563675e-05 3.425242006778717041e-01 5.236813080955471378e-07 1.000000000000000000e+00 2.301791965919619543e-07 -8.370647037736489438e-07 3.778648169827647507e-05 -2.301968606843729503e-07 9.999999403953552246e-01 2.198268193751573563e-03 2.157971858978271484e+02
1.500000000000000000e+06 9.999987502899264635e-01 -6.954498034277581354e-05 1.579424604474619943e-03 4.177026837902595435e-01 6.893734527563048200e-05 9.999999235996711588e-01 3.847704435267801262e-04 1.130315450709341602e-03 -1.579451242658992454e-03 -3.846610813359853192e-04 9.999986786839393238e-01 -4.675244181651138850e-03 1.000000000000000000e+00 -5.410030894381634425e-07 1.368364974041469395e-05 4.040276706218719482e-01 5.412088057710207067e-07 1.000000000000000000e+00 3.175746030592563329e-07 -1.271039536732132547e-06 -1.368338598695117980e-05 -3.175685492351476569e-07 1.000000000000000000e+00 2.451049396768212318e-03 1.333971023559570312e+02
1.600000000000000000e+06 9.999999292896620817e-01 2.576388579264666059e-04 -2.739395731639618294e-04 5.112019057915146991e-01 -2.575960772343863312e-04 9.999999546241327142e-01 1.561921693352607231e-04 2.797811169711795359e-02 2.739798019058407082e-04 -1.561215925314133441e-04 9.999999502805571039e-01 -1.746631766590857424e-03 1.000000119209289551e+00 -7.844694778214034159e-07 2.752300679276231676e-05 4.831539392471313477e-01 7.850517249607946724e-07 1.000000000000000000e+00 -8.677020559844095260e-07 -1.112268321890041989e-07 -2.752312502707354724e-05 8.677231448928068858e-07 1.000000119209289551e+00 3.163451096042990685e-03 2.132396697998046875e+02
1.700000000000000000e+06 9.999986876521235191e-01 -1.371388392575705094e-03 -8.625473362084367084e-04 3.927339852637966588e-01 1.372036743623327934e-03 9.999987763596102086e-01 7.515280809897704507e-04 1.068157648699202475e-02 8.615156438737138749e-04 -7.527105413618817228e-04 9.999993456086040400e-01 -4.087807675127783265e-03 1.000000000000000000e+00 -5.963089201203429179e-19 -1.348665152606084799e-18 3.399997949600219727e-01 -4.202092762911924535e-19 1.000000000000000000e+00 6.604179718364612469e-21 -1.607812691872823052e-06 -6.994020425252635785e-19 -4.569671244550404241e-21 1.000000000000000000e+00 2.144272904843091965e-03 1.836035251617431641e+02
1.800000000000000000e+06 9.999976899015239340e-01 2.084004399952136492e-03 5.264192972612034751e-04 4.466538260949700634e-01 -2.083846558602587239e-03 9.999977837261802005e-01 -3.002103394365383121e-04 -3.357392530010405718e-02 -5.270437702401936089e-04 2.991126688801108908e-04 9.999998163782208849e-01 -1.870774719296404735e-03 1.000000000000000000e+00 -1.343969643130549230e-06 -1.254794642591150478e-05 5.808749794960021973e-01 1.344748397968942299e-06 1.000000000000000000e+00 6.368128424583119340e-07 -2.982383477956318529e-07 1.254831204278161749e-05 -6.368300660142267589e-07 9.999999403953552246e-01 3.610612358897924423e-03 2.186882495880126953e+02
1.900000000000000000e+06 9.999990810458557755e-01 8.942578544127022374e-04 -1.018926068796844383e-03 4.882557942187008559e-01 -8.940655829650635779e-04 9.999995824363159258e-01 1.891399672742685549e-04 -6.699330958226079298e-04 1.019094783231639604e-03 -1.882288067336146181e-04 9.999994630077253532e-01 -3.469388433387119060e-03 1.000000000000000000e+00 -2.618794781028555008e-07 -2.792748546198708937e-06 4.819942712783813477e-01 2.610272815672942670e-07 1.000000000000000000e+00 1.910808578031719662e-08 -1.724565095173602458e-06 2.792931127260089852e-06 -1.910479774380746676e-08 1.000000119209289551e+00 3.014073474332690239e-03 1.448910236358642578e+02
2.000000000000000000e+06 9.999973658964954604e-01 -2.249321668554251762e-03 4.568939722404068257e-04 4.417717291636257815e-01 2.249320888580472189e-03 9.999974702721039499e-01 2.220966141964063141e-06 -6.350203111045890809e-03 -4.568978120902480208e-04 -1.193259136082511460e-06 9.999998956214771750e-01 -3.678906782118416489e-03 1.000000000000000000e+00 -1.326278606939013116e-06 4.031901880807708949e-06 4.713075160980224609e-01 1.326927872469241265e-06 1.000000000000000000e+00 -4.398252428927662550e-08 -1.370843392578535713e-06 -4.031986918562324718e-06 4.398585318199366156e-08 9.999999403953552246e-01 3.013017587363719940e-03 2.117230892181396484e+02
2.100000000000000000e+06 9.999998587988323528e-01 5.305493045430569564e-04 3.032739362723268611e-05 5.964950157041890577e-01 -5.305049930158817640e-04 9.999988182971731865e-01 -1.442902876012559831e-03 -3.697137582323078726e-03 -3.109288890665754348e-05 1.442886583439244395e-03 9.999989585552275795e-01 -3.622120229164870614e-03 9.999998807907104492e-01 -5.409638674791494850e-07 1.849928253250254784e-06 5.859022140502929688e-01 5.403471163845097180e-07 1.000000000000000000e+00 -3.107379598077386618e-07 -2.650972874107537791e-06 -1.850622538768220693e-06 3.107380166511575226e-07 1.000000000000000000e+00 3.854416077956557274e-03 2.464394569396972656e+02
2.200000000000000000e+06 9.999977322097872712e-01 -2.119153911372920196e-03 -2.115702778618035618e-04 5.303781784719368009e-01 2.119223856381462212e-03 9.999976996869928136e-01 3.309244163970605137e-04 -3.392523439233888997e-03 2.108685114125648718e-04 -3.313720307100538284e-04 9.999999228635210180e-01 -1.865428979996234474e-03 1.000000119209289551e+00 -1.466486992285354063e-06 -4.102169896214036271e-06 6.297912001609802246e-01 1.466641606384655461e-06 1.000000000000000000e+00 -2.350816288299029111e-07 -2.295554622833151370e-06 4.102475031686481088e-06 2.350756886926319567e-07 1.000000119209289551e+00 4.024061840027570724e-03 1.597404479980468750e+02
2.300000000000000000e+06 9.999959145448387154e-01 2.759605142196094787e-03 7.453006713983263221e-04 5.349572773141957338e-01 -2.758656588926182516e-03 9.999953874865136205e-01 -1.270755492544230810e-03 -1.972778827288130480e-03 -7.488040170806271097e-04 1.268694272321760960e-03 9.999989148531048810e-01 -6.359306579232988947e-04 1.000000000000000000e+00 -2.350611295907185616e-19 -4.520628384578731465e-19 5.253005027770996094e-01 4.965366176820929560e-19 1.000000000000000000e+00 7.511799606520587354e-22 -2.950652969957445748e-06 1.152404454761420395e-18 -1.340358940936951145e-20 1.000000000000000000e+00 3.182140411809086800e-03 1.378188133239746094e+02
2.400000000000000000e+06 9.999879609773638656e-01 4.894022707603559556e-03 3.555869396217307575e-04 6.495737408022119741e-01 -4.893007796599346815e-03 9.999841060455215702e-01 -2.801094614898707539e-03 3.749270952664301992e-02 -3.692899085905595818e-04 2.799321002789294851e-03 9.999960137054980658e-01 3.041162156632576732e-03 1.000000000000000000e+00 -1.849620048233191483e-06 3.875305992551147938e-06 6.350076794624328613e-01 1.849917225626995787e-06 1.000000000000000000e+00 5.352929974833386950e-07 -3.013899004145059735e-06 -3.875017682730685920e-06 -5.352836751626455225e-07 9.999999403953552246e-01 3.952049650251865387e-03 1.472034454345703125e+02
2.500000000000000000e+06 9.999986996954752794e-01 -1.609968927356373583e-03 9.277613644392128671e-05 6.919350892489232185e-01 1.610077226234521040e-03 9.999980084400360569e-01 -1.179307969679163669e-03 -5.980480582867753019e-03 -9.087730248771512369e-05 1.179455812964101246e-03 9.999993003124058033e-01 -1.228886651728254098e-04 1.000000000000000000e+00 -1.566855468314689800e-19 6.326116541573990663e-19 5.427992343902587891e-01 1.098795809840047794e-18 1.000000000000000000e+00 1.488260187515657128e-21 -4.314680609240895137e-06 1.073185781087523211e-18 3.022802301604328227e-21 1.000000000000000000e+00 3.487781621515750885e-03 1.417999267578125000e+02
2.600000000000000000e+06 9.999970742313660788e-01 2.413233975915635068e-03 -1.668247135667267982e-04 6.341172410479525290e-01 -2.413007740141533131e-03 9.999961864851744098e-01 1.343282827378379897e-03 4.689646691054582921e-03 1.700657331365018436e-04 -1.342876347918533836e-03 9.999990838799606152e-01 -4.546749899637553792e-03 1.000000000000000000e+00 -1.746103635014151223e-06 -2.615267078454053262e-07 7.674986720085144043e-01 1.744969495121040381e-06 1.000000119209289551e+00 -7.623454223448788980e-08 -4.206082394375698641e-06 2.619060239794634981e-07 7.623440012594073778e-08 1.000000000000000000e+00 4.892263095825910568e-03 2.137000560760498047e+02
2.700000000000000000e+06 9.999951019896430315e-01 3.047194546933871921e-03 -7.145642844500240797e-04 6.635804294958211891e-01 -3.048803767032535247e-03 9.999927943677163755e-01 -2.261859464305104525e-03 3.394992583515865636e-02 7.076668097369860373e-04 2.264026951976240605e-03 9.999971866908662355e-01 6.899235369651489196e-03 1.000000000000000000e+00 -9.254121096091694199e-07 -1.919576334330486134e-06 7.340958118438720703e-01 9.250046559827751480e-07 1.000000000000000000e+00 9.311199988815133111e-08 -6.253351330087753013e-06 1.919914666359545663e-06 -9.312053350640780991e-08 1.000000000000000000e+00 4.613603465259075165e-03 2.288370132446289062e+02
2.800000000000000000e+06 9.999999806827585269e-01 -9.673405123065079712e-05 -1.711052483485977452e-04 6.325215804656885155e-01 9.673262561177578490e-05 9.999999952866210906e-01 -8.340080459439366516e-06 -2.328657485654930803e-02 1.711060543118842793e-04 8.323528838403303529e-06 9.999999853267185213e-01 -3.747471027291083071e-03 1.000000000000000000e+00 -1.867132368715829216e-06 1.169091319752624258e-06 7.809014916419982910e-01 1.866950356088636909e-06 1.000000000000000000e+00 -3.372640549059724435e-07 -5.529010650207055733e-06 -1.170071641354297753e-06 3.372699097781151067e-07 1.000000000000000000e+00 4.987840075045824051e-03 2.027575969696044922e+02
2.900000000000000000e+06 9.999993368528516946e-01 -3.372553105687801749e-04 -1.101159712413327975e-03 9.668867808850030166e-01 3.370310751617950338e-04 9.999999224347688731e-01 -2.038148929400211565e-04 -5.145206281456207557e-03 1.101228364656637454e-03 2.034436327389565905e-04 9.999993729531919673e-01 -3.593317480941715658e-03 1.000000000000000000e+00 1.300848426333808498e-18 1.076004088832067946e-18 7.752999067306518555e-01 8.875442211516614386e-19 1.000000000000000000e+00 -1.948120606384268346e-21 -7.908009138191118836e-06 5.885130530397603394e-19 -4.444006131489029501e-22 1.000000000000000000e+00 4.833522252738475800e-03 2.385671138763427734e+02
3.000000000000000000e+06 9.999995925577562783e-01 -8.262417870465345185e-04 -3.636053228457253317e-04 7.963691698687845877e-01 8.260342404403603431e-04 9.999994960514737574e-01 -5.705823623916506842e-04 1.652287046895322201e-02 3.640765785981184342e-04 5.702817794656157065e-04 9.999997711134421818e-01 -4.692149412115960774e-03 1.000000000000000000e+00 -1.989208612940274179e-06 1.692370233286055736e-06 7.232028841972351074e-01 1.989941438296227716e-06 1.000000000000000000e+00 1.391382056681322865e-06 -7.237229965539881960e-06 -1.693068043095991015e-06 -1.391378305015678052e-06 1.000000000000000000e+00 4.571602679789066315e-03 2.347917556762695312e+02
3.100000000000000000e+06 9.999985181294861469e-01 1.117511420579977380e-03 -1.309544598921661123e-03 7.355103984882950252e-01 -1.117662180745988875e-03 9.999993688719792662e-01 -1.143979580959395492e-04 -1.899131435991846528e-02 1.309415931406707157e-03 1.158614170451935122e-04 9.999991360026520004e-01 -1.407818253936150019e-03 1.000000000000000000e+00 -2.529933453843113966e-06 1.086820630007423460e-04 8.508160710334777832e-01 2.529458470235113055e-06 1.000000000000000000e+00 -1.729053224153176416e-06 -7.555247975687962025e-06 -1.086813790607266128e-04 1.729332780087133870e-06 1.000000000000000000e+00 5.370111204683780670e-03 3.061935901641845703e+02
3.200000000000000000e+06 9.999997990978356510e-01 -2.014487032436402820e-04 -6.010180599641224645e-04 8.770731636084042604e-01 2.007441087104656387e-04 9.999992928651068036e-01 -1.172165128840523289e-03 1.205386279863892782e-02 6.012537661084731535e-04 1.172044242515245640e-03 9.999991324027247552e-01 -5.890073290064713578e-03 9.999999403953552246e-01 -1.723422201393987052e-06 3.061830648221075535e-04 8.856117725372314453e-01 1.723789296192990150e-06 1.000000000000000000e+00 1.023926756715809461e-06 -1.081997197616146877e-05 -3.061836177948862314e-04 -1.023402205646561924e-06 9.999999403953552246e-01 5.283209029585123062e-03 2.949039936065673828e+02
3.300000000000000000e+06 9.999994548740618328e-01 2.899767609373086097e-04 -1.003077792129350833e-03 8.738782565382714473e-01 -2.889611237519922288e-04 9.999994456545957533e-01 1.012517639413821257e-03 -1.064124230713150987e-02 1.003370842663255753e-03 -1.012227236978168951e-03 9.999989843209705631e-01 -6.891078418736580266e-03 9.999999403953552246e-01 -1.463349462937912904e-06 2.780130598694086075e-04 7.335537075996398926e-01 1.463046942262735683e-06 1.000000000000000000e+00 -1.991626561448356370e-07 -1.074967076419852674e-05 -2.780135837383568287e-04 1.995675944499453180e-07 1.000000000000000000e+00 4.632474388927221298e-03 2.520833015441894531e+02
3.400000000000000000e+06 9.999994522100004168e-01 3.048826264834063023e-04 -1.001312280569656345e-03 7.171709137859021421e-01 -3.039481914299762655e-04 9.999995183484727823e-01 9.332300463701337064e-04 1.351926046692230460e-02 1.001596323913717676e-03 -9.329251880993112223e-04 9.999990632272599544e-01 -2.228786608045151517e-03 1.000000000000000000e+00 -1.741392679832642898e-06 2.703690843190997839e-04 9.259353876113891602e-01 1.742074459798459429e-06 1.000000000000000000e+00 -1.967254661394690629e-07 -1.283350684389006346e-05 -2.703687641769647598e-04 1.972009329165302915e-07 1.000000000000000000e+00 6.284457165747880936e-03 1.944465637207031250e+02
3.500000000000000000e+06 9.999972787277676689e-01 2.332598124943847766e-03 -3.902623158442488380e-05 7.795688640980926731e-01 -2.332579346543412445e-03 9.999971669613502145e-01 4.744922183502791246e-04 -8.495402729569631259e-03 4.013292068042676185e-05 -4.743998953460136611e-04 9.999998866670375408e-01 -8.217713588479518341e-03 1.000000000000000000e+00 5.572348527493886650e-06 3.358924877829849720e-04 7.390722036361694336e-01 -5.745321686845272779e-06 9.999998807907104492e-01 5.152996163815259933e-04 -2.548423653934150934e-04 -3.358879766892641783e-04 -5.153014790266752243e-04 9.999997615814208984e-01 5.321497563272714615e-03 1.524174213409423828e+02
3.600000000000000000e+06 9.999971344228354431e-01 -8.809483701390980240e-05 -2.392359800992757517e-03 1.004767214688547572e+00 7.764286170947229100e-05 9.999904544358692027e-01 -4.368639230936623673e-03 3.368563565819827823e-03 2.392721819129874604e-03 4.368440962602615149e-03 9.999875957259932724e-01 -2.818485340757546660e-03 9.999985098838806152e-01 -3.123986516584409401e-06 1.691465382464230061e-03 1.125492691993713379e+00 -8.764258154769777320e-07 9.999971389770507812e-01 2.364973770454525948e-03 -1.293564215302467346e-03 -1.691468292847275734e-03 -2.364972140640020370e-03 9.999957680702209473e-01 8.818067610263824463e-03 1.959965229034423828e+03
3.700000000000000000e+06 9.999980040580890295e-01 3.700393474385008877e-04 -1.963402841854496646e-03 9.644431246883450326e-01 -3.688679808402727618e-04 9.999997538061696778e-01 5.969288171037703209e-04 4.446961729008301785e-03 1.963623245626779177e-03 -5.962033892266756403e-04 9.999978943604170833e-01 -8.874685335647822249e-03 9.999994635581970215e-01 1.224913557962281629e-05 1.112568890675902367e-03 1.015479683876037598e+00 -1.118844829761656001e-05 9.999995827674865723e-01 -9.532731492072343826e-04 4.794622655026614666e-04 -1.112582045607268810e-03 9.532601688988506794e-04 9.999989271163940430e-01 8.905645459890365601e-03 1.329278945922851562e+02
3.800000000000000000e+06 9.999976476849197216e-01 -2.031779072754852106e-03 -7.592749347195305041e-04 1.053347605567417133e+00 2.030781354674032063e-03 9.999970766188699400e-01 -1.312509353665938230e-03 1.095938570379939060e-02 7.619394441070872570e-04 1.310964344849892748e-03 9.999988504097242492e-01 -1.027377728841283311e-02 9.999998211860656738e-01 1.106982654164312407e-05 -5.203772452659904957e-04 8.393501639366149902e-01 -1.057829740602755919e-05 9.999995231628417969e-01 9.445474715903401375e-04 -4.328925861045718193e-04 5.203882465139031410e-04 -9.445415926165878773e-04 9.999994635581970215e-01 8.671700954437255859e-03 1.214594841003417969e+02
3.900000000000000000e+06 9.999923692630160454e-01 8.698749246523171429e-04 3.808508022192621818e-03 9.522301027106121474e-01 -8.641855332801102367e-04 9.999985086976622695e-01 -1.495254431663114872e-03 3.948751897859679311e-03 -3.809803026891784433e-03 1.491951764233662939e-03 9.999916297053837999e-01 -7.725661929573562209e-03 9.999812245368957520e-01 -1.986239476536866277e-05 -6.124910898506641388e-03 1.098899722099304199e+00 2.016259895754046738e-05 1.000000000000000000e+00 4.917011028737761080e-05 -9.136357402894645929e-05 6.124910898506641388e-03 -4.929328861180692911e-05 9.999811649322509766e-01 1.706894300878047943e-02 1.688761711120605469e+02
4.000000000000000000e+06 9.999579968657887896e-01 -1.699389310585245607e-03 9.006474345165773124e-03 1.316623441195172939e+00 1.675084162943744947e-03 9.999949372027006067e-01 2.705487389288881422e-03 2.883113217142677792e-02 -9.011026423561063065e-03 -2.690287147799416342e-03 9.999557809012636911e-01 -1.127694150068405884e-02 9.999559521675109863e-01 3.528233037286554463e-06 -9.393475949764251709e-03 1.212663173675537109e+00 -1.561400131322443485e-05 9.999992251396179199e-01 -1.286680926568806171e-03 7.322682649828493595e-04 9.393462911248207092e-03 1.286771730519831181e-03 9.999550580978393555e-01 1.395310554653406143e-02 2.962043285369873047e+02
4.100000000000000000e+06 9.999886040712401281e-01 2.228451733782381428e-03 4.222052880141729907e-03 5.863028097217677370e-01 -2.224763846215800384e-03 9.999971397866749268e-01 -8.779773903286510741e-04 1.096975602567419952e-02 -4.223997334407521807e-03 8.685743143563074732e-04 9.999907016693602158e-01 1.453254503999057510e-03 9.999968409538269043e-01 -1.111085020966129377e-05 -2.503751544281840324e-03 9.042937159538269043e-01 1.206425804411992431e-05 9.999998807907104492e-01 3.806182648986577988e-04 -1.869638508651405573e-04 2.503747120499610901e-03 -3.806473396252840757e-04 9.999967813491821289e-01 -3.429718082770705223e-03 2.378938198089599609e+02
4.200000000000000000e+06 9.999873840215308674e-01 -6.009974818827193074e-04 -4.987043192307014962e-03 1.337038433218924016e+00 5.950345575713619469e-04 9.999991064651764239e-01 -1.197080917918264724e-03 3.042296360458643725e-03 4.987758178827535367e-03 1.194098352531654901e-03 9.999868481122509145e-01 1.555050505280927350e-02 9.999601840972900391e-01 5.185007012187270448e-06 8.920990861952304840e-03 1.075233697891235352e+00 1.600108407728839666e-05 9.999972581863403320e-01 -2.374911913648247719e-03 1.287406543269753456e-03 -8.920978754758834839e-03 2.374960109591484070e-03 9.999574422836303711e-01 -1.963093504309654236e-02 3.122873306274414062e+02
4.300000000000000000e+06 9.999679490511887980e-01 5.209500995488116357e-04 -7.989335476303436115e-03 7.909230372171810464e-01 -5.096565891863510077e-04 9.999988682420581920e-01 1.415543981579313066e-03 6.517497105274939508e-03 7.990063862087681129e-03 -1.411426794582901125e-03 9.999670828351717722e-01 1.129432062017800276e-03 9.999941587448120117e-01 1.969699042092543095e-06 3.431466873735189438e-03 7.586687803268432617e-01 -1.537233970339002553e-06 9.999999403953552246e-01 -1.256670511793345213e-04 1.292892411584034562e-04 -3.431466873735189438e-03 1.256610412383452058e-04 9.999940991401672363e-01 -2.892865333706140518e-03 2.477583885192871094e+02
4.400000000000000000e+06 9.999913536486402243e-01 2.173172660868157686e-04 4.152758260003066269e-03 1.136040262699616887e+00 -2.167840092225773222e-04 9.999999681998990031e-01 -1.288599794970887377e-04 -2.927320776311393823e-03 -4.152786131443386014e-03 1.279586137434941340e-04 9.999913689597224042e-01 -4.008037337726032788e-03 9.999778270721435547e-01 1.435014269191015046e-06 -6.649166345596313477e-03 9.406937360763549805e-01 2.505556949472520500e-06 9.999998211860656738e-01 5.926873418502509594e-04 -2.628508955240249634e-04 6.649165414273738861e-03 -5.926908343099057674e-04 9.999777674674987793e-01 1.165096275508403778e-02 2.270102500915527344e+02
4.500000000000000000e+06 9.999881101644272352e-01 3.552726171616340904e-04 4.863466988180395467e-03 8.165819827929557961e-01 -3.542247628627842701e-04 9.999999138665596199e-01 -2.163138713062160475e-04 -5.160912839041337415e-03 -4.863543419668437708e-03 2.145885389292748907e-04 9.999881498783693701e-01 7.975658774457979570e-04 9.999981522560119629e-01 -1.129989686887711287e-05 -1.884989556856453419e-03 7.864410281181335449e-01 1.126970073528354988e-05 1.000000000000000000e+00 -1.556507777422666550e-05 -3.347531901454203762e-06 1.884990953840315342e-03 1.554376649437472224e-05 9.999982714653015137e-01 7.615859067300334573e-05 2.899363040924072266e+02
4.600000000000000000e+06 9.999812353622929972e-01 -1.477526464009066686e-04 -6.124303426327171694e-03 8.750862784463555588e-01 1.483764400760301998e-04 9.999999838511123285e-01 1.014012186843233628e-04 -1.357272624519182715e-02 6.124288345128074858e-03 -1.023080182675355524e-04 9.999812411367200449e-01 3.134072976603299431e-03 9.999804496765136719e-01 -9.018383025249931961e-06 6.251152604818344116e-03 9.601879119873046875e-01 9.816840247367508709e-06 9.999999403953552246e-01 -1.277383125852793455e-04 3.653421299532055855e-05 -6.251151673495769501e-03 1.277972332900390029e-04 9.999803900718688965e-01 -1.090242434293031693e-02 2.145469188690185547e+02
4.700000000000000000e+06 9.999955311512014333e-01 7.678769864123368674e-05 -2.988608585257708852e-03 6.794981096454489888e-01 -7.681962565600226455e-05 9.999999969935300381e-01 -1.056811202793821540e-05 9.854651659892136456e-03 2.988607764771545466e-03 1.079764859339528841e-05 9.999955340435471296e-01 -2.898540401585692882e-03 9.999992251396179199e-01 -5.339381914382101968e-06 -1.293986337259411812e-03 9.830287098884582520e-01 5.386285010899882764e-06 1.000000119209289551e+00 3.593979272409342229e-05 -4.492703010328114033e-05 1.293986686505377293e-03 -3.594673034967854619e-05 9.999991655349731445e-01 3.242521313950419426e-03 1.831853389739990234e+02
4.800000000000000000e+06 9.999782083354566975e-01 -1.529055802043945448e-03 6.422214770963603596e-03 8.865213377644268755e-01 1.524064102271332349e-03 9.999985327907984223e-01 7.820772740641785238e-04 8.546325641977594798e-03 -6.423401188024551248e-03 -7.722723643090727719e-04 9.999790715372861571e-01 -6.975864272621360405e-03 9.999892115592956543e-01 -6.011468940414488316e-06 -4.627357702702283859e-03 9.223519563674926758e-01 6.043263965693768114e-06 9.999999403953552246e-01 6.695616320939734578e-06 -3.736984217539429665e-05 4.627356771379709244e-03 -6.723515070916619152e-06 9.999892711639404297e-01 5.477185826748609543e-03 1.710517406463623047e+02
4.900000000000000000e+06 9.999989512759315247e-01 1.348832436389389797e-03 -5.273500696148567370e-04 9.740767286669965719e-01 -1.349760644564297748e-03 9.999975336440848350e-01 -1.763760740508328118e-03 1.059492363649122172e-02 5.249697512850654306e-04 1.764470687179862680e-03 9.999983055235415197e-01 5.004600356212426417e-03 9.999927282333374023e-01 -5.290567060001194477e-06 3.812732873484492302e-03 7.412258982658386230e-01 5.319289357430534437e-06 1.000000119209289551e+00 -7.785049092490226030e-06 -2.916651465056929737e-05 -3.812731942161917686e-03 7.805278073647059500e-06 9.999927878379821777e-01 -6.851730868220329285e-03 2.219567298889160156e+02
5.000000000000000000e+06 9.999998667363919624e-01 -5.088843379137949563e-04 -8.697085127520525025e-05 6.107146583631597458e-01 5.089115524913787308e-04 9.999998214633502025e-01 3.131809370555712463e-04 1.471971184949700043e-02 8.681146287392010733e-05 -3.132251557908935155e-04 9.999999471768844517e-01 1.879140391804632801e-04 9.999400973320007324e-01 -5.474809768202248961e-06 -1.095180679112672806e-02 7.118504643440246582e-01 5.469346433528698981e-06 9.999999403953552246e-01 -6.184187100188864861e-07 -3.736243525054305792e-05 1.095181331038475037e-02 5.585120561590883881e-07 9.999400377273559570e-01 1.058837585151195526e-02 1.558854579925537109e+02
5.100000000000000000e+06 9.996943918851441957e-01 -1.383748582194222919e-03 2.468214077532665876e-02 7.189246240259024034e-01 1.370074515027974900e-03 9.999988984789347501e-01 5.709086969421981426e-04 1.601432437776857372e-03 -2.468290358152861949e-02 -5.369178505589629249e-04 9.996951865393804981e-01 -5.955067163180901169e-04 9.995978474617004395e-01 -4.875443664786871523e-06 -2.835527434945106506e-02 4.842514693737030029e-01 4.908531991532072425e-06 1.000000000000000000e+00 1.142506107498775236e-06 -3.853694943245500326e-05 2.835526689887046814e-02 -1.281276468034775462e-06 9.995979070663452148e-01 2.038347162306308746e-02 2.005949020385742188e+02
5.200000000000000000e+06 9.996559467243613106e-01 -7.670981444783252657e-04 2.621830923338607996e-02 5.080843178915418479e-01 7.718797085595449680e-04 9.999996872649072888e-01 -1.722550526579812299e-04 1.760906699348952290e-02 -2.621816889746944254e-02 1.924331686328590251e-04 9.996562262043584557e-01 1.085609989414515648e-02 9.998965263366699219e-01 -5.368447546061361209e-06 -1.438928116112947464e-02 3.473987579345703125e-01 5.374362899601692334e-06 9.999999403953552246e-01 3.121392069260764401e-07 -5.180266452953219414e-05 1.438928861171007156e-02 -3.894334383858222282e-07 9.998964667320251465e-01 -1.522325095720589161e-03 2.626187801361083984e+02
5.300000000000000000e+06 9.999879431263383189e-01 2.342043478558346954e-04 -4.904971995705751514e-03 1.703919756598968327e-01 -2.366195149236640977e-04 9.999998510635661475e-01 -4.918170908833847726e-04 -8.124757747587285292e-03 4.904856079475679483e-03 4.929717732011933183e-04 9.999878496090193192e-01 1.067787030983643505e-02 9.999081492424011230e-01 -3.690592393468250521e-06 1.355113927274942398e-02 6.674873828887939453e-02 3.692111931741237640e-06 1.000000119209289551e+00 -1.041613018060161266e-07 -4.901501233689486980e-05 -1.355114579200744629e-02 1.541954759431973798e-07 9.999081492424011230e-01 -1.411353703588247299e-02 1.497077941894531250e+02
5.400000000000000000e+06 9.992489183074463321e-01 -1.592614924197557685e-03 -3.871773287657329782e-02 1.606429847962782820e-03 1.609508952700685865e-03 9.999986226572573633e-01 4.051722093690272451e-04 -2.995321133954764736e-02 3.871703426567740108e-02 -4.671844296333570938e-04 9.992501053271793943e-01 4.036387976564747258e-03 9.990311264991760254e-01 -5.513059591066848952e-07 4.400886222720146179e-02 -2.422371692955493927e-02 5.419185526989167556e-07 1.000000000000000000e+00 2.193302748310088646e-07 -5.700321344193071127e-05 -4.400886595249176025e-02 -1.952632402435483527e-07 9.990311264991760254e-01 -4.049934074282646179e-02 2.728531360626220703e+02
5.500000000000000000e+06 9.995285788913008673e-01 -7.706406877622995390e-04 -3.069244357275420498e-02 -8.888795420655495882e-02 7.823086382547299973e-04 9.999996262290926641e-01 3.681506069441508938e-04 -1.603978952930519564e-02 3.069214838897479231e-02 -3.919880167129685352e-04 9.995288081754640785e-01 -4.676298439420094669e-03 9.998112916946411133e-01 -1.589675804325452191e-07 1.942592859268188477e-02 -1.152679603546857834e-02 1.751038070096910815e-07 1.000000000000000000e+00 -7.957968364280532114e-07 -5.884608617634512484e-05 -1.942593231797218323e-02 7.990047379280440509e-07 9.998112916946411133e-01 -2.276089042425155640e-02 1.486325263977050781e+02
5.600000000000000000e+06 9.999939213829476259e-01 -7.710903763430115420e-04 3.400384799775798324e-03 5.436059776967006041e-02 7.715358798004421943e-04 9.999996939543510655e-01 -1.297057836392613973e-04 2.273933266742916067e-03 -3.400283744221305714e-03 1.323285140856282312e-04 9.999942102630510199e-01 -9.329880001493960585e-04 9.998700618743896484e-01 -5.395470026314796996e-08 -1.611760444939136505e-02 8.300998248159885406e-03 6.052080436802498298e-08 1.000000000000000000e+00 4.337681787092151353e-07 -5.364973912946879864e-05 1.611760817468166351e-02 -4.346549928868626012e-07 9.998700618743896484e-01 1.783937402069568634e-02 1.835684776306152344e+02
5.700000000000000000e+06 9.998195345950344759e-01 1.644501179348115876e-04 1.899661017990491793e-02 9.095274397607931716e-02 -1.808145824026385743e-04 9.999996140877807083e-01 8.597269196783485605e-04 -1.178193549184839914e-02 -1.899646146668759403e-02 -8.630066328483742199e-04 9.998191784874385091e-01 -6.407615304517855562e-03 9.999061226844787598e-01 -3.284897331923275487e-08 -1.370084099471569061e-02 7.492735516279935837e-03 4.340705572758452035e-08 1.000000000000000000e+00 7.327251410060853232e-07 -5.085325756226666272e-05 1.370084285736083984e-02 -7.332388918257493060e-07 9.999061226844787598e-01 1.544398348778486252e-02 1.342518329620361328e+02
5.800000000000000000e+06 9.999892032820764110e-01 -8.864581091951713671e-04 4.561525106663041548e-03 1.896379188299113228e-02 8.861335736732937592e-04 9.999996047068722138e-01 7.316685483745216428e-05 1.720688447563967216e-02 -4.561588162875309695e-03 -6.912394433139135868e-05 9.999895935135088010e-01 1.369500615739704724e-03 9.999997615814208984e-01 8.300856002563250513e-09 7.246953900903463364e-04 -4.806924698641523719e-05 -8.107962301551197015e-09 1.000000000000000000e+00 1.047120221642217075e-07 -4.494855966186150908e-05 -7.246955647133290768e-04 -1.047277535803914361e-07 9.999997615814208984e-01 -3.411671787034720182e-04 2.214488983154296875e+02
5.900000000000000000e+06 9.999964291012839457e-01 1.057484624218443239e-04 -2.670318697008145729e-03 -8.370136597988879143e-03 -1.066490376424017705e-04 9.999999374901683558e-01 -3.371136931981298613e-04 -7.813515454634437779e-03 2.670282880832256043e-03 3.373972763185100875e-04 9.999963778696472350e-01 -1.541968057416231172e-03 9.999987483024597168e-01 1.772704827374127490e-08 1.589644933119416237e-03 -7.229389157146215439e-04 -1.773662461346248165e-08 1.000000000000000000e+00 -1.221822003572015092e-07 -2.066783736154320650e-06 -1.589645631611347198e-03 1.221666678929977934e-07 9.999987483024597168e-01 -1.732953242026269436e-03 1.365633010864257812e+02
