0.000000000000000000e+00 9.999997823151578480e-01 -4.195810275075157218e-04 5.092360928393782626e-04 1.586750192789953065e-02 4.200249411644263031e-04 9.999995316575874815e-01 -8.719309916985862417e-04 -1.303341159211315881e-02 -5.088700086411055432e-04 8.721446937523596402e-04 9.999994902073437997e-01 -2.451904138738891486e-05 9.999999403953552246e-01 -5.063639491709182039e-06 -2.602811146061867476e-04 2.000669203698635101e-02 5.062471700512105599e-06 1.000000000000000000e+00 1.437497871847881470e-06 3.102947084698826075e-05 2.602800959721207619e-04 -1.438823005628364626e-06 9.999998807907104492e-01 2.841103705577552319e-04 1.356003284454345703e+02
1.000000000000000000e+05 9.999997988973129415e-01 4.785972103597993348e-04 -4.161130182187844644e-04 2.420628830282910496e-02 -4.785967716514488712e-04 9.999998854718927799e-01 1.153875494538731714e-06 1.593988348315933563e-03 4.161135228037408560e-04 -9.547249153296184282e-07 9.999999134243086063e-01 -2.013317978823641154e-04 9.999998807907104492e-01 -8.261594302894081920e-06 -4.543093091342598200e-04 2.823779173195362091e-02 8.255788998212665319e-06 9.999999403953552246e-01 1.112337599806778599e-07 3.613941953517496586e-05 4.543095419649034739e-04 -1.150427451079849561e-07 9.999999403953552246e-01 5.856275092810392380e-04 1.026172637939453125e+02
2.000000000000000000e+05 9.999983398029996806e-01 1.811656050687790136e-05 -1.822104013127651481e-03 5.959245363222155645e-02 -1.482803234846023554e-05 9.999983712471773867e-01 1.804794481972880416e-03 -3.255517113181795839e-03 1.822133742039031652e-03 -1.804764467441246018e-03 9.999967113215139092e-01 -2.969755226127121939e-03 9.999976158142089844e-01 6.668141577392816544e-05 2.165634185075759888e-03 2.976922690868377686e-02 -6.658802158199250698e-05 1.000000000000000000e+00 -4.259122579242102802e-05 -1.201158374897204340e-04 -2.165637211874127388e-03 4.244692900101654232e-05 9.999976158142089844e-01 -2.183125587180256844e-03 1.702969074249267578e+02
3.000000000000000000e+05 9.999802966531066151e-01 3.687506802662427960e-04 -6.266604224028364707e-03 5.975339310173090335e-02 -3.748412973354448919e-04 9.999994585497015143e-01 -9.707699551107295622e-04 9.738413689099729986e-03 6.266242858892307095e-03 9.730998097507728923e-04 9.999798934364598768e-01 1.076010810567836883e-03 9.999890923500061035e-01 1.346599456155672669e-04 4.661893006414175034e-03 5.564101785421371460e-02 -1.347488432656973600e-04 1.000000000000000000e+00 1.860901465988717973e-05 -2.829627483151853085e-04 -4.661889281123876572e-03 -1.923692252603359520e-05 9.999890923500061035e-01 -4.835437517613172531e-03 2.087662220001220703e+02
4.000000000000000000e+05 9.999916539189002140e-01 -3.282012747286565044e-03 -2.433204650082342567e-03 -2.698190963460591132e-02 3.279986884538280655e-03 9.999942712834395397e-01 -8.361138320128684142e-04 -1.720596365478282638e-02 2.435934847197417531e-03 8.281259743993500287e-04 9.999966902089179044e-01 -1.059587117983903752e-03 9.999995231628417969e-01 1.574129419168457389e-04 9.289638837799429893e-04 7.046363502740859985e-02 -1.574170746607705951e-04 9.999999403953552246e-01 4.413352144183591008e-06 -3.254487237427383661e-04 -9.289642330259084702e-04 -4.559669832815416157e-06 9.999995827674865723e-01 -5.637358990497887135e-04 1.864328384399414062e+02
5.000000000000000000e+05 9.999999696006328653e-01 1.328789131866413059e-04 2.077063500710016938e-04 1.131963530179501826e-01 -1.325995766140345507e-04 9.999990876388039629e-01 -1.344298669204723167e-03 2.307387509772276628e-03 -2.078847895139498806e-04 1.344271086564814525e-03 9.999990748591520706e-01 1.070651860739723791e-03 9.999983310699462891e-01 2.246603980893269181e-04 -1.849936903454363346e-03 1.071815490722656250e-01 -2.247059746878221631e-04 1.000000000000000000e+00 -2.087983193632680923e-05 -4.774363478645682335e-04 1.849932828918099403e-03 2.129538552253507078e-05 9.999982714653015137e-01 2.956902375444769859e-03 1.254656314849853516e+02
6.000000000000000000e+05 9.999929727745388019e-01 3.463699064232123297e-03 1.434290881554645646e-03 1.559615641549254306e-01 -3.465075680916685635e-03 9.999935373209167810e-01 9.584189718299733181e-04 1.159279620035936521e-02 -1.430961937297096616e-03 -9.633821632568076356e-04 9.999985121202638050e-01 -9.501492834284201239e-04 9.999989867210388184e-01 3.022011660505086184e-04 -1.392930047586560249e-03 1.416723430156707764e-01 -3.022011951543390751e-04 9.999998807907104492e-01 -1.125680591940181330e-05 -6.729180458933115005e-04 1.392925973050296307e-03 1.167785467259818688e-05 9.999990463256835938e-01 2.533402293920516968e-03 1.539196968078613281e+02
7.000000000000000000e+05 9.999999769217793322e-01 -1.474254231980431159e-04 -1.562759906478129583e-04 1.047433117678024522e-01 1.475729129506548286e-04 9.999995433670272327e-01 9.441864075796492463e-04 -1.160810925318113244e-02 1.561367222063275348e-04 -9.442094478926711925e-04 9.999995420448163364e-01 -3.193101181668263604e-03 9.999997615814208984e-01 3.619569761212915182e-04 5.223880289122462273e-04 1.647534668445587158e-01 -3.619551134761422873e-04 9.999999403953552246e-01 -1.073278963303891942e-05 -8.373757591471076012e-04 -5.223915795795619488e-04 1.054378572007408366e-05 9.999998807907104492e-01 3.087039513047784567e-04 1.308760643005371094e+02
8.000000000000000000e+05 9.999931925416454259e-01 -1.578814837791255640e-03 -3.334998362174704332e-03 1.962354666068550080e-01 1.571777566708400155e-03 9.999965351230372113e-01 -2.111695338114423851e-03 -6.253008987010346721e-03 3.338320782748418255e-03 2.106439087225676215e-03 9.999922092340135515e-01 3.459531793196199759e-03 9.999995827674865723e-01 4.471855354495346546e-04 8.302158094011247158e-04 1.926043480634689331e-01 -4.471835563890635967e-04 9.999999403953552246e-01 -1.776214230631012470e-05 -1.033982611261308193e-03 -8.302240166813135147e-04 1.739077561069279909e-05 9.999996423721313477e-01 2.047982125077396631e-04 2.262344360351562500e+02
9.000000000000000000e+05 9.999997676315163231e-01 4.749188536513937768e-04 -4.890695203908952682e-04 1.497513730571400359e-01 -4.754261373977116279e-04 9.999993486267974019e-01 -1.037649251329865420e-03 -2.205978761750704634e-02 4.885764026311816563e-04 1.037881526645880598e-03 9.999993420473013428e-01 2.192158630645506777e-03 1.000000000000000000e+00 1.842893689172342420e-04 -1.902278381749056280e-05 2.359552979469299316e-01 -1.842818892328068614e-04 9.999999403953552246e-01 2.755848399829119444e-04 -5.907534505240619183e-04 1.907432852021884173e-05 -2.755812893155962229e-04 9.999999403953552246e-01 1.532446942292153835e-03 1.547210216522216797e+02
1.000000000000000000e+06 9.999984422705650022e-01 1.288136427544791509e-03 -1.206714957049154994e-03 1.843636757518974656e-01 -1.288753060222060749e-03 9.999990393221315221e-01 -5.103629728403222873e-04 2.868274178088216220e-02 1.206056380648216127e-03 5.119173354266098527e-04 9.999991416839558722e-01 -9.908574174168816376e-03 9.999998807907104492e-01 8.810783583612646908e-06 -3.603929362725466490e-04 2.205152511596679688e-01 -8.866209100233390927e-06 9.999999403953552246e-01 -1.718305575195699930e-04 1.141985285357804969e-05 3.603906079661101103e-04 1.718337298370897770e-04 1.000000000000000000e+00 1.873258966952562332e-03 1.715919971466064453e+02
1.100000000000000000e+06 9.999967723469749270e-01 -2.501818653602789783e-03 4.429436274959894183e-04 2.441551281222957559e-01 2.501885007931527530e-03 9.999968591336699797e-01 -1.493124314029190534e-04 -2.925465881899459025e-02 -4.425686836431650902e-04 1.504201434951891602e-04 9.999998907533643733e-01 -2.939570707174595648e-03 1.000000000000000000e+00 1.596109723323024809e-05 -1.547245628898963332e-04 2.503679394721984863e-01 -1.597740993020124733e-05 1.000000000000000000e+00 -8.602047455497086048e-05 -1.700904249446466565e-05 1.547236170154064894e-04 8.602290472481399775e-05 9.999999403953552246e-01 1.788688590750098228e-03 2.548806667327880859e+02
1.200000000000000000e+06 9.999997011625632037e-01 7.700749267775279169e-04 -6.825973527295903925e-05 2.848110565979618536e-01 -7.700373430152506436e-04 9.999995528612325435e-01 5.489260654138746571e-04 9.339079980704107029e-04 6.868241895101501085e-05 -5.488733388290317414e-04 9.999998470103799164e-01 -4.574648697974827843e-03 9.999999403953552246e-01 2.371502341702580452e-05 1.605357683729380369e-04 3.494467437267303467e-01 -2.372542076045647264e-05 1.000000000000000000e+00 5.144283204572275281e-05 -9.901277371682226658e-05 -1.605338329682126641e-04 -5.144660099176689982e-05 1.000000000000000000e+00 1.987117808312177658e-03 2.586181163787841797e+02
1.300000000000000000e+06 9.999971527294843066e-01 2.308233556564319618e-03 -6.054674001736500173e-04 2.977068862984230679e-01 -2.308141850607698959e-03 9.999973246670575966e-01 1.521181281741122975e-04 1.002540724388217147e-02 6.058169045147819912e-04 -1.507201904071315971e-04 9.999998051346322692e-01 -2.998662683070393246e-03 1.000000000000000000e+00 1.784022606443613768e-05 1.088033459382131696e-04 3.057507872581481934e-01 -1.784163578122388572e-05 9.999998807907104492e-01 4.266650648787617683e-06 -5.391910963226109743e-05 -1.088040226022712886e-04 -4.268581506039481610e-06 1.000000000000000000e+00 1.791729708202183247e-03 2.589774131774902344e+02
1.400000000000000000e+06 9.999967169460032279e-01 2.524349522098765647e-03 4.401780383939210713e-04 3.070049833238908121e-01 -2.524365806881301126e-03 9.999968131194671983e-01 3.644423900076459207e-05 1.473627595996632178e-02 -4.400846376017946413e-04 -3.755528974142177516e-05 9.999999024575513262e-01 -4.028299220814196731e-03 1.000000119209289551e+00 1.783459629223216325e-05 -2.019438397837802768e-05 2.970814406871795654e-01 -1.782907020242419094e-05 1.000000000000000000e+00 -7.915436981420498341e-06 -4.761033778777346015e-05 2.019403837039135396e-05 7.915733476693276316e-06 1.000000119209289551e+00 1.915329019539058208e-03 1.428728103637695312e+02
1.500000000000000000e+06 9.999995024512278174e-01 -5.237183197615177766e-04 -8.490090801264203258e-04 3.738589627066357113e-01 5.245629480301037574e-04 9.999993674809166677e-01 9.949228512855562336e-04 -8.480319956921760199e-04 8.484874837880076841e-04 -9.953677149688888205e-04 9.999991446556850683e-01 -9.312669946776907723e-03 1.000000000000000000e+00 2.211499304394237697e-05 -7.105167605914175510e-05 3.697320520877838135e-01 -2.211268292739987373e-05 1.000000000000000000e+00 -1.692763476057734806e-06 -6.218162161530926824e-05 7.105272379703819752e-05 1.694386583039886318e-06 9.999999403953552246e-01 2.434942871332168579e-03 2.196238040924072266e+02
1.600000000000000000e+06 9.999959690271342794e-01 2.813407733664953416e-03 3.829705037672491625e-04 2.442114615483598483e-01 -2.813636772030924434e-03 9.999958624118592265e-01 5.988382726789813655e-04 3.899101583403122122e-03 -3.812841429654648963e-04 -5.999133986701560110e-04 9.999997473631262457e-01 -2.083880936318641738e-03 1.000000000000000000e+00 2.050226430583279580e-05 -2.269066681037656963e-05 3.455432951450347900e-01 -2.050422699539922178e-05 1.000000000000000000e+00 1.476832267144345678e-06 -3.663064853753894567e-05 2.268963362439535558e-05 -1.476389002164069097e-06 1.000000000000000000e+00 2.257356187328696251e-03 2.607984542846679688e+02
1.700000000000000000e+06 9.999998684207573874e-01 -4.605409300015136844e-04 -2.259657487599572032e-04 4.246290273699389051e-01 4.605578292823147494e-04 9.999998911501599697e-01 7.474057838378438112e-05 2.694302958282351022e-03 2.259313030681438933e-04 -7.484463884421673440e-05 9.999999716766628799e-01 -2.490540256376440331e-03 1.000000000000000000e+00 2.822838723659515381e-05 2.572656194388400763e-05 4.440301954746246338e-01 -2.822208443831186742e-05 9.999999403953552246e-01 6.422258707061700989e-07 -5.580908327829092741e-05 -2.572615812823642045e-05 -6.429155519072082825e-07 9.999999403953552246e-01 2.775199245661497116e-03 2.243866920471191406e+02
1.800000000000000000e+06 9.999969327976782063e-01 -2.372106088358309078e-03 -7.123959162665267344e-04 3.139977098606261952e-01 2.372193649360176178e-03 9.999971788915864579e-01 1.220907790958022682e-04 -7.993180275484422503e-03 7.121042942399880308e-04 -1.237803456870787452e-04 9.999997387929159265e-01 -5.064730222592610069e-03 1.000000000000000000e+00 2.582215529400855303e-05 2.125757782778237015e-05 3.778975605964660645e-01 -2.583364948804955930e-05 1.000000000000000000e+00 -9.314801445725606754e-07 -4.667637404054403305e-05 -2.125822720699943602e-05 9.308677704211731907e-07 1.000000000000000000e+00 2.338005462661385536e-03 3.351647853851318359e+02
1.900000000000000000e+06 9.999995318782388676e-01 -7.002679255136521220e-04 6.677335811910074283e-04 4.555707579477856206e-01 7.005841981478924891e-04 9.999996424732572331e-01 -4.735347284440029358e-04 -1.054301373546567833e-02 -6.674017412764489442e-04 4.740023103676470622e-04 9.999996649483066102e-01 6.420784709844270513e-04 1.000000000000000000e+00 3.408531119930557907e-05 5.054722578279324807e-07 4.689899682998657227e-01 -3.408710836083628237e-05 1.000000000000000000e+00 -3.903118113157688640e-07 -5.000882083550095558e-05 -5.055332508163701277e-07 3.903301717400609050e-07 1.000000000000000000e+00 2.891703741624951363e-03 1.763660907745361328e+02
2.000000000000000000e+06 9.999991445742710816e-01 2.438793115157206768e-04 -1.285057822605805995e-03 2.892572101427281495e-01 -2.431933100404027757e-04 9.999998278726591749e-01 5.339584871314324811e-04 3.008881502151222655e-03 1.285187822840439800e-03 -5.336455129041316192e-04 9.999990317568945297e-01 -6.814648124462538772e-03 1.000000000000000000e+00 4.420832556206732988e-05 -1.216501550516113639e-05 4.942973852157592773e-01 -4.420067489263601601e-05 1.000000000000000000e+00 -8.080969564616680145e-06 -4.319270374253392220e-05 1.216600685438606888e-05 8.081534360826481134e-06 9.999999403953552246e-01 3.229851368814706802e-03 2.240476608276367188e+02
2.100000000000000000e+06 9.999995148535616440e-01 8.124323520345614171e-04 5.569975893906975364e-04 5.453075107932757737e-01 -8.130664904822006286e-04 9.999990205561372081e-01 1.139214487269890825e-03 -1.145546998150924999e-02 -5.560715091374626544e-04 -1.139666810659252733e-03 9.999991959716953982e-01 -6.371361693539401988e-03 9.999999403953552246e-01 5.300316115608438849e-05 -7.367624220933066681e-06 5.264788866043090820e-01 -5.301646524458192289e-05 1.000000000000000000e+00 -8.607503332314081490e-06 -7.210235344246029854e-05 7.366008503595367074e-06 8.607814379502087831e-06 1.000000000000000000e+00 3.393606515601277351e-03 2.226521968841552734e+02
2.200000000000000000e+06 9.999985080915394509e-01 -1.659465525818645294e-03 -4.795715418955933187e-04 5.339646686543104703e-01 1.659464746814373615e-03 9.999986230853842306e-01 -2.022287283116564256e-06 -8.536020946290901606e-03 4.795742374825576258e-04 1.226452198697907139e-06 9.999998850035166642e-01 -5.053115243244930659e-03 1.000000119209289551e+00 6.870066135888919234e-05 3.278231815784238279e-06 5.500213503837585449e-01 -6.868268974358215928e-05 9.999999403953552246e-01 -6.507555099233286455e-06 -1.309092040173709393e-04 -3.278586518717929721e-06 6.507384568976704031e-06 1.000000000000000000e+00 3.451484488323330879e-03 2.475440502166748047e+02
2.300000000000000000e+06 9.999999613182544156e-01 -1.918064540401775661e-04 2.014293268616799330e-04 4.516042076174027753e-01 1.917723871140475161e-04 9.999999673089180474e-01 1.691316472683083592e-04 -1.046343826168748097e-02 -2.014617608182658383e-04 -1.690930121431540110e-04 9.999999654103555180e-01 -4.812857344531929274e-03 9.999999403953552246e-01 -2.415334456600248814e-04 5.021044216846348718e-06 4.880197942256927490e-01 2.415262133581563830e-04 1.000000000000000000e+00 2.057824021903797984e-04 5.106151220388710499e-04 -5.070027327747084200e-06 -2.057812525890767574e-04 9.999999403953552246e-01 3.054726403206586838e-03 1.903982162475585938e+02
2.400000000000000000e+06 9.999874275829195858e-01 -4.732287243159626067e-03 -1.658352659502431055e-03 5.611226382964127346e-01 4.731268942279971343e-03 9.999886168726104252e-01 -6.174296713769396793e-04 -9.025728162615209715e-03 1.661255636820256620e-03 6.095757963603420405e-04 9.999984343223030647e-01 -6.888338804740354142e-03 1.000000000000000000e+00 -1.547360734548419714e-04 2.533723773012752645e-06 5.414867997169494629e-01 1.547420833958312869e-04 9.999999403953552246e-01 -1.875694870250299573e-04 4.621244152076542377e-04 -2.505189740986679681e-06 1.875699381344020367e-04 1.000000000000000000e+00 3.382954746484756470e-03 2.984325885772705078e+02
2.500000000000000000e+06 9.999989153870725289e-01 1.277214195855012804e-03 7.334497777299471251e-04 5.967718697770397762e-01 -1.279117552667421564e-03 9.999958006315076142e-01 2.600495652110118051e-03 -3.669695305307672968e-03 -7.301253077409253873e-04 -2.601431000063610111e-03 9.999963497302312154e-01 -9.059134150963005921e-03 9.999999403953552246e-01 -1.890653511509299278e-04 -2.513766958145424724e-06 6.789805889129638672e-01 1.890581042971462011e-04 9.999999403953552246e-01 2.466963087499607354e-05 4.343936743680387735e-04 2.508925263100536540e-06 -2.467012382112443447e-05 1.000000000000000000e+00 4.360647872090339661e-03 3.132026195526123047e+02
2.600000000000000000e+06 9.999991751446176691e-01 -7.673261819733202338e-04 -1.030010007077515480e-03 6.099021209068988814e-01 7.652099163486679369e-04 9.999975989347068550e-01 -2.053430935013476986e-03 -1.403094117821444570e-03 1.031583185275545753e-03 2.052641067358564053e-03 9.999973612469086337e-01 -3.276165313530017640e-03 1.000000000000000000e+00 -2.066630404442548752e-04 -2.563556563472957350e-06 6.372726559638977051e-01 2.066638116957619786e-04 1.000000000000000000e+00 7.490622374461963773e-05 4.585068963933736086e-04 2.548727252360549755e-06 -7.490674033761024475e-05 1.000000000000000000e+00 4.007373470813035965e-03 3.412179946899414062e+02
2.700000000000000000e+06 9.999967865797229072e-01 -2.450346487909613701e-03 -6.501017744588707742e-04 6.732162887285422226e-01 2.448034376607839506e-03 9.999907596169148594e-01 -3.533809343547232064e-03 6.284073027087984896e-03 6.587548245833335821e-04 3.532206516440463285e-03 9.999935447587681159e-01 2.287985570556580039e-03 9.999999403953552246e-01 -2.705702790990471840e-04 6.751369028279441409e-07 7.034110426902770996e-01 2.705718798097223043e-04 9.999999403953552246e-01 5.828562279930338264e-06 6.694790790788829327e-04 -6.775906626899086405e-07 -5.828402663610177115e-06 1.000000000000000000e+00 4.474407993257045746e-03 2.479295730590820312e+02
2.800000000000000000e+06 9.999993926400253530e-01 1.094787719020054494e-03 -1.271197489390524856e-04 5.117891596150218048e-01 -1.094649419868333300e-03 9.999988144653014777e-01 1.082963821792824917e-03 -4.615783870559940147e-03 1.283052137264210273e-04 -1.082824012484515618e-03 9.999994055147882754e-01 -5.760573936103315258e-03 9.999999403953552246e-01 -2.394212206127122045e-04 9.728411214382504113e-07 5.228225588798522949e-01 2.394214825471863151e-04 1.000000000000000000e+00 1.306708873016759753e-05 5.728267133235931396e-04 -9.759131671671639197e-07 -1.306687499891268089e-05 1.000000000000000000e+00 3.286537015810608864e-03 3.296401500701904297e+02
2.900000000000000000e+06 9.999979276645722948e-01 2.035509704514209574e-03 -3.697030785570469427e-05 7.818465117610023940e-01 -2.035503503965841419e-03 9.999979144181865287e-01 1.669873130590650051e-04 4.052238188811355113e-03 3.731013504736546867e-05 -1.669117138141571984e-04 9.999999853742166378e-01 -6.275805485582573902e-03 9.999999403953552246e-01 -4.559246881399303675e-04 1.052352445185533725e-06 8.168511390686035156e-01 4.559242515824735165e-04 9.999998807907104492e-01 5.026742292102426291e-05 1.161717809736728668e-03 -1.075408135875477456e-06 -5.026695725973695517e-05 1.000000000000000000e+00 5.131125450134277344e-03 2.445838451385498047e+02
3.000000000000000000e+06 9.999943466103451417e-01 -3.361363303475376797e-03 8.935374003428565154e-05 8.025297454562431154e-01 3.361133114569876245e-03 9.999913199443167811e-01 2.462279474240326640e-03 -5.295375485285044523e-03 -9.762958030645872579e-05 -2.461965224200479783e-03 9.999969645932431650e-01 -1.345194126367587131e-02 9.999998211860656738e-01 -6.324830465018749237e-04 -2.759831119192313054e-08 8.650231361389160156e-01 6.324831047095358372e-04 9.999998211860656738e-01 7.141983951441943645e-05 1.648430828936398029e-03 -1.674058403011713381e-08 -7.141979585867375135e-05 1.000000000000000000e+00 5.520655307918787003e-03 2.990951538085937500e+02
3.100000000000000000e+06 9.999996258746521871e-01 8.489877043697077914e-04 1.657420693728281469e-04 6.653849513456168152e-01 -8.490144708311527519e-04 9.999996265474458967e-01 1.614911672009159435e-04 7.970195698736628684e-03 -1.656049034607111326e-04 -1.616318241982998849e-04 9.999999732250843820e-01 -6.817218487348181664e-03 9.999995827674865723e-01 -9.344731224700808525e-04 -2.168462287954753265e-06 6.268073320388793945e-01 9.344788850285112858e-04 9.999994635581970215e-01 3.604161029215902090e-04 2.235490595921874046e-03 1.830882411013590172e-06 -3.604179946705698967e-04 9.999999403953552246e-01 4.018813371658325195e-03 2.503004074096679688e+02
3.200000000000000000e+06 9.999890323790925351e-01 4.437650367346805333e-03 -1.497458094003436017e-03 8.248143089946206041e-01 -4.435293179265762699e-03 9.999889256143366101e-01 1.573792584298189983e-03 6.096572126774894157e-03 1.504425451814827078e-03 -1.567133657867168794e-03 9.999976403952952619e-01 -1.103846191130422941e-02 9.999991059303283691e-01 -1.329445862211287022e-03 4.256364991306327283e-05 8.564667701721191406e-01 1.329442369751632214e-03 9.999991059303283691e-01 -1.464052475057542324e-04 3.663841634988784790e-03 -4.236890526954084635e-05 1.464617525925859809e-04 1.000000000000000000e+00 5.359678994864225388e-03 1.840851306915283203e+02
3.300000000000000000e+06 9.999363166505892409e-01 -1.122059630759777299e-02 -1.208661141274373690e-03 4.824191657973909697e-01 1.122015983706462980e-02 9.999369845677350543e-01 -3.672966315712649331e-04 -9.905244000931507156e-03 1.212706264198096587e-03 3.537118696975917638e-04 9.999992021153966126e-01 6.761477473739480916e-04 9.999991655349731445e-01 -1.281303353607654572e-03 1.868602703325450420e-04 7.055193781852722168e-01 1.281295437365770340e-03 9.999991655349731445e-01 8.356258331332355738e-05 3.329120343551039696e-03 -1.869668340077623725e-04 -8.332303696079179645e-05 9.999999403953552246e-01 4.242959897965192795e-03 2.161235809326171875e+02
3.400000000000000000e+06 9.999999727468679156e-01 2.125500300855412525e-04 -9.658544437600398219e-05 8.776120922284835757e-01 -2.124310215838590078e-04 9.999992203686666192e-01 1.230501978816920259e-03 5.558216615602249236e-03 9.684691230758307636e-05 -1.230481427537268458e-03 9.999992382677759251e-01 -9.787495749582814444e-03 9.999983310699462891e-01 -1.823403406888246536e-03 3.256972995586693287e-04 8.409115672111511230e-01 1.823321334086358547e-03 9.999982714653015137e-01 2.508784527890384197e-04 4.758268129080533981e-03 -3.261540259700268507e-04 -2.502842980902642012e-04 9.999999403953552246e-01 5.221424158662557602e-03 3.610317707061767578e+02
3.500000000000000000e+06 9.999975937666770731e-01 -2.119456194453192294e-03 -5.660090949871464253e-04 6.741243654636683846e-01 2.119390629692978825e-03 9.999977473133089267e-01 -1.164116237582454611e-04 1.869082146998219144e-03 5.662545492830719108e-04 1.152117492724804372e-04 9.999998330410052594e-01 -6.012053207621500563e-03 9.999982118606567383e-01 -1.866241451352834702e-03 2.392751339357346296e-04 7.215189933776855469e-01 1.866197795607149601e-03 9.999982714653015137e-01 1.888429687824100256e-04 4.789521452039480209e-03 -2.396277413936331868e-04 -1.883960649138316512e-04 1.000000000000000000e+00 4.695615265518426895e-03 2.672252655029296875e+02
3.600000000000000000e+06 9.999929225321378956e-01 -3.758656460891987312e-03 -1.654909146448037055e-04 8.769390971607951002e-01 3.758726066647558994e-03 9.999928467869105830e-01 4.223190341158421430e-04 6.916360921240002988e-04 1.639023786868896570e-04 -4.229380801811193210e-04 9.999998971296900629e-01 -9.421438158152675713e-03 9.999953508377075195e-01 -3.053805092349648476e-03 2.314221055712550879e-04 9.376232028007507324e-01 3.053717082366347313e-03 9.999952316284179688e-01 3.983384231105446815e-04 8.062164299190044403e-03 -2.326371759409084916e-04 -3.976296575274318457e-04 9.999998807907104492e-01 6.457451265305280685e-03 2.537982463836669922e+02
3.700000000000000000e+06 9.999907833011250080e-01 -4.245637102724072326e-03 -6.386535795031876095e-04 8.126807378181114538e-01 4.245307836143872270e-03 9.999908554908475411e-01 -5.160388157081708446e-04 9.813854671785901540e-03 6.408386528721009105e-04 5.133227784881523896e-04 9.999996629127163583e-01 -4.488120722193470781e-03 9.999969601631164551e-01 -2.443000441417098045e-03 1.900974457385018468e-04 7.768546342849731445e-01 2.443085657432675362e-03 9.999969005584716797e-01 -5.180501029826700687e-04 6.814047228544950485e-03 -1.888316764961928129e-04 5.185127374716103077e-04 9.999998211860656738e-01 5.547244567424058914e-03 3.399274349212646484e+02
3.800000000000000000e+06 9.999986839470994537e-01 -1.568328557759880292e-03 -4.152705190238861798e-04 9.408613782754434718e-01 1.568811629496058395e-03 9.999980902054783627e-01 1.165510818124352362e-03 3.690036457385483708e-04 4.134418220420813927e-04 -1.166160765470091029e-03 9.999992345671714356e-01 -7.580415340853209442e-03 9.999963045120239258e-01 -2.730718115344643593e-03 3.162521461490541697e-04 9.459373950958251953e-01 2.730686683207750320e-03 9.999963045120239258e-01 1.327329082414507866e-04 7.341344840824604034e-03 -3.166121023241430521e-04 -1.318686554441228509e-04 9.999998807907104492e-01 6.768729537725448608e-03 4.610519409179687500e+02
3.900000000000000000e+06 9.999959865739910247e-01 -2.559417619845244605e-03 -1.214996854911346664e-03 9.270749604650091458e-01 2.559042611609295415e-03 9.999966775627232574e-01 -3.101038970551274953e-04 -2.082875775333462021e-03 1.215786503538610281e-03 3.069934237513921907e-04 9.999992138087987481e-01 -1.483469629940372715e-02 9.999931454658508301e-01 -3.620442235842347145e-03 -6.704600527882575989e-04 1.019362568855285645e+00 3.620953299105167389e-03 9.999931454658508301e-01 7.837783778086304665e-04 9.456330910325050354e-03 6.676176562905311584e-04 -7.862003985792398453e-04 9.999994635581970215e-01 8.728714659810066223e-03 2.536118030548095703e+02
4.000000000000000000e+06 9.999843655579253587e-01 -4.450825601014818042e-03 3.385083630095463755e-03 9.507545460408135529e-01 4.454609056250213688e-03 9.999894610494648450e-01 -1.110967216749098301e-03 3.490164469560556697e-03 -3.380103233536334555e-03 1.126029071591288849e-03 9.999936534601909788e-01 -7.010986306570867951e-03 9.999781250953674316e-01 -4.153809044510126114e-03 -5.158076528459787369e-03 9.604463577270507812e-01 4.155565984547138214e-03 9.999912381172180176e-01 3.272847388871014118e-04 1.101274508982896805e-02 5.156671628355979919e-03 -3.487129870336502790e-04 9.999867081642150879e-01 1.227769441902637482e-02 2.762236595153808594e+02
4.100000000000000000e+06 9.999624483603795078e-01 -3.012081832621533572e-03 8.125837319870902672e-03 8.723563996892810257e-01 3.013032758818626981e-03 9.999954553164579485e-01 -1.047856118679185082e-04 8.272136514929803036e-03 -8.125484767673940567e-03 1.292650910339861929e-04 9.999669793487314662e-01 -2.695621764634155079e-03 9.999586939811706543e-01 -3.933625761419534683e-03 -8.192954584956169128e-03 7.704013586044311523e-01 3.933897707611322403e-03 9.999922513961791992e-01 1.764688931871205568e-05 1.025890838354825974e-02 8.192822337150573730e-03 -4.987628562957979739e-05 9.999663233757019043e-01 9.711666032671928406e-03 3.746283054351806641e+02
4.200000000000000000e+06 9.999521788920450183e-01 -7.439465754100542567e-03 6.347777433508258564e-03 1.177737890626848083e+00 7.435533629061155843e-03 9.999721494203083205e-01 6.428245326273469146e-04 1.484162279476060678e-02 -6.352382915323358074e-03 -5.955946794693297219e-04 9.999796460419956290e-01 2.840356767751231991e-03 9.999807476997375488e-01 -5.843798164278268814e-03 -2.067853696644306183e-03 9.328650236129760742e-01 5.844298750162124634e-03 9.999829530715942383e-01 2.363898820476606488e-04 1.566576026380062103e-02 2.066437620669603348e-03 -2.484711003489792347e-04 9.999978542327880859e-01 -3.872652770951390266e-03 2.957992553710937500e+02
4.300000000000000000e+06 9.999430077032986919e-01 -2.445469687823170844e-03 -1.039235407819302445e-02 8.823989481426782744e-01 2.473219030279828583e-03 9.999934086732399363e-01 2.658156824317395653e-03 1.117028866635110147e-02 1.038578513685214054e-02 -2.683707897730579130e-03 9.999424649343634508e-01 8.713439245002743694e-03 9.999172091484069824e-01 -3.140452085062861443e-03 1.248212065547704697e-02 1.062842488288879395e+00 3.171613672748208046e-03 9.999918937683105469e-01 -2.477337373420596123e-03 1.024023443460464478e-02 -1.247423887252807617e-02 2.516721375286579132e-03 9.999190568923950195e-01 -2.122961170971393585e-02 2.579197883605957031e+02
4.400000000000000000e+06 9.999727822161831314e-01 -3.601707058301986935e-03 -6.439140710688647136e-03 8.612353417591356308e-01 3.605866196188745043e-03 9.999932975962152470e-01 6.344222744496384086e-04 3.805733498212399233e-03 6.436812549783748998e-03 -6.576236867024989842e-04 9.999790672685532344e-01 9.452137162442016214e-04 9.999935030937194824e-01 -3.090327372774481773e-03 1.845069695264101028e-03 8.327093720436096191e-01 3.087430028244853020e-03 9.999939799308776855e-01 1.568943145684897900e-03 7.403272204101085663e-03 -1.849907333962619305e-03 -1.563235651701688766e-03 9.999970197677612305e-01 1.831671572290360928e-03 3.394780158996582031e+02
4.500000000000000000e+06 9.999758539558203374e-01 -3.824402345592242073e-03 5.802193725399899631e-03 8.654982759081941701e-01 3.835064219759942890e-03 9.999909761359497828e-01 -1.827547290956278714e-03 -2.515065571040102713e-03 -5.795152091046314180e-03 1.849754948471047690e-03 9.999814971382582351e-01 -5.593368026144974678e-03 9.999567866325378418e-01 -3.517783246934413910e-03 -8.606221526861190796e-03 8.210115432739257812e-01 3.521158359944820404e-03 9.999938011169433594e-01 3.768524329643696547e-04 9.128680452704429626e-03 8.604840375483036041e-03 -4.071412258781492710e-04 9.999628663063049316e-01 1.391846593469381332e-02 3.279097080230712891e+02
4.600000000000000000e+06 9.999715086305757117e-01 -3.112067095477839222e-03 6.877278930206252860e-03 7.674953648897471226e-01 3.111956521137462968e-03 9.999951574930174836e-01 2.677920126289841556e-05 9.792671006533805803e-03 -6.877328965606106619e-03 -5.376645272245723637e-06 9.999763508790547872e-01 -1.930271050087149385e-03 9.999864101409912109e-01 -4.443015437573194504e-03 -2.717757597565650940e-03 8.880279660224914551e-01 4.442264325916767120e-03 9.999899864196777344e-01 -2.828530850820243359e-04 1.217290200293064117e-02 2.718987641856074333e-03 2.707772364374250174e-04 9.999963045120239258e-01 4.928642883896827698e-04 2.636682987213134766e+02
4.700000000000000000e+06 9.999795056217322120e-01 -3.906500058623312184e-03 -5.072237554383018932e-03 9.347155730207373781e-01 3.907017143285865420e-03 9.999923633437420856e-01 9.203933538841634369e-05 -1.019111061531361665e-03 5.071839267779267371e-03 -1.118547681792542056e-04 9.999871318846821344e-01 6.455925963040695312e-03 9.999746084213256836e-01 -4.224400036036968231e-03 5.749511532485485077e-03 6.921531558036804199e-01 4.222161602228879929e-03 9.999910593032836914e-01 4.016992170363664627e-04 1.082098577171564102e-02 -5.751156713813543320e-03 -3.774132055696099997e-04 9.999833106994628906e-01 -9.483936242759227753e-03 2.527725696563720703e+02
4.800000000000000000e+06 9.999747181319281752e-01 -5.007845762113941751e-03 -5.048225212272905785e-03 7.082957841475286953e-01 5.014175798596637659e-03 9.999866576028473286e-01 1.242037578565355436e-03 6.779952303320224520e-03 5.041937924223002625e-03 -1.267318866220398061e-03 9.999864862911196361e-01 2.577822334407348179e-03 9.999783039093017578e-01 -6.037199869751930237e-03 2.646284410730004311e-03 8.320702314376831055e-01 6.036063656210899353e-03 9.999816417694091797e-01 4.381875914987176657e-04 1.594198681414127350e-02 -2.648881636559963226e-03 -4.222056886646896601e-04 9.999964237213134766e-01 -2.215821063145995140e-03 2.268192768096923828e+02
4.900000000000000000e+06 9.999796990577622946e-01 -3.481631491127878605e-03 5.336638877342023135e-03 8.257573807652976994e-01 3.470394685763871379e-03 9.999917448912446494e-01 2.113411954356788844e-03 1.664863596730778092e-02 -5.343952944421717817e-03 -2.094848806903010403e-03 9.999835267520180704e-01 -3.404594647385419514e-03 9.999791383743286133e-01 -1.814247225411236286e-03 -6.185309495776891708e-03 6.393249630928039551e-01 1.794864656403660774e-03 9.999935030937194824e-01 -3.136934246867895126e-03 6.467507220804691315e-03 6.190960295498371124e-03 3.125766757875680923e-03 9.999759793281555176e-01 8.467275649309158325e-03 2.633371353149414062e+02
5.000000000000000000e+06 9.999849842516225218e-01 -4.488889398872455277e-03 3.143428581460095111e-03 8.279068841396046707e-01 4.491162576395646422e-03 9.999896580132725532e-01 -7.164671734197397600e-04 1.633942414063844356e-02 -3.140179930264023252e-03 7.305740639355689722e-04 9.999948027522655991e-01 -1.389161857309384376e-03 9.999952316284179688e-01 -3.097880631685256958e-03 -1.974549377337098122e-04 8.362496495246887207e-01 3.098212881013751030e-03 9.999937415122985840e-01 1.676753279753029346e-03 7.521360646933317184e-03 1.922589581226930022e-04 -1.677356893196702003e-03 9.999986290931701660e-01 -2.157985698431730270e-03 1.655366420745849609e+02
5.100000000000000000e+06 9.999835296809683749e-01 -2.666043806422120372e-03 -5.082575844397510013e-03 6.029426012790572997e-01 2.659743179788482282e-03 9.999956866049579673e-01 -1.246008706234376373e-03 5.861966031396098967e-03 5.085875835034067184e-03 1.232469837635574760e-03 9.999863073488006737e-01 3.781796055232336962e-03 9.999791383743286133e-01 -3.063634969294071198e-03 5.688567180186510086e-03 6.867650151252746582e-01 3.058695001527667046e-03 9.999949932098388672e-01 8.767086546868085861e-04 7.523347623646259308e-03 -5.691223777830600739e-03 -8.592897793278098106e-04 9.999833703041076660e-01 -8.039128035306930542e-03 2.939572334289550781e+02
5.200000000000000000e+06 9.999807597372682988e-01 -4.595358962999576691e-03 4.166873081422204673e-03 8.867031437303294350e-01 4.588669258736514933e-03 9.999881701492278063e-01 1.613591036498757949e-03 1.795408657729713649e-03 -4.174238817967654801e-03 -1.594439588169495759e-03 9.999900166965118853e-01 -9.088133973791186551e-03 9.998962283134460449e-01 -4.192914813756942749e-03 -1.377674378454685211e-02 7.982107996940612793e-01 4.182567819952964783e-03 9.999909400939941406e-01 -7.796096033416688442e-04 1.167044881731271744e-02 1.377988699823617935e-02 7.219056133180856705e-04 9.999047517776489258e-01 1.564406044781208038e-02 2.717516422271728516e+02
5.300000000000000000e+06 9.995957007848882414e-01 -2.847049641973416634e-03 2.829009156408643713e-02 5.611640410684595182e-01 2.817685809701275974e-03 9.999954495244985919e-01 1.077764804497633160e-03 5.692443279069525457e-03 -2.829303128061862183e-02 -9.976164754778235610e-04 9.995991742405161418e-01 -4.576225109995693714e-03 9.994519352912902832e-01 -2.708856947720050812e-03 -3.299570083618164062e-02 4.805008172988891602e-01 2.669075969606637955e-03 9.999957084655761719e-01 -1.249657128937542439e-03 7.585639134049415588e-03 3.299894556403160095e-02 1.160904299467802048e-03 9.994547963142395020e-01 2.439619041979312897e-02 2.230451107025146484e+02
5.400000000000000000e+06 9.997615413386530259e-01 -1.114876796184163625e-03 2.180865676492188543e-02 3.850487274253603931e-01 1.110670830332147890e-03 9.999993621987548487e-01 2.049692427089277937e-04 5.753171221299848738e-03 -2.180887137078606902e-02 -1.806981271001694973e-04 9.997621419506338425e-01 1.354046162915055820e-02 9.999476671218872070e-01 -1.245540915988385677e-03 -1.015020720660686493e-02 2.200762182474136353e-01 1.240042387507855892e-03 9.999990463256835938e-01 -5.479347892105579376e-04 3.378326306119561195e-03 1.015088241547346115e-02 5.353195010684430599e-04 9.999483227729797363e-01 -1.118030166253447533e-03 2.285478115081787109e+02
5.500000000000000000e+06 9.999499537745287769e-01 -8.290811338358634658e-04 -9.970083790582744479e-03 5.616097498394619775e-02 8.331398481937965506e-04 9.999995717574379217e-01 4.029428423525321197e-04 3.264549484890650471e-03 9.969745448659908180e-03 -4.112291506799572701e-04 9.999502162939286620e-01 7.702610595355708668e-03 9.998744130134582520e-01 -2.491280902177095413e-04 1.584621332585811615e-02 4.485590383410453796e-02 2.470204781275242567e-04 1.000000000000000000e+00 1.349365920759737492e-04 6.031474331393837929e-04 -1.584625802934169769e-02 -1.310054067289456725e-04 9.998744130134582520e-01 -1.481582503765821457e-02 1.377010345458984375e+02
5.600000000000000000e+06 9.995468761866410645e-01 9.554158376764097229e-04 -3.008536996788997719e-02 -7.509114467322723641e-02 -9.247296675902364578e-04 9.999990379966808840e-01 1.033866894090665909e-03 -3.836949089022636400e-02 3.008632879846887334e-02 -1.005577590211373818e-03 9.995467981205985453e-01 -5.650976790450372086e-03 9.990881085395812988e-01 1.888682277240150142e-06 4.269732162356376648e-02 -2.375233732163906097e-02 -2.794893407553900033e-05 9.999997615814208984e-01 6.097535951994359493e-04 -3.606507962103933096e-04 -4.269731044769287109e-02 -6.103907944634556770e-04 9.990878701210021973e-01 -3.982573002576828003e-02 1.990005970001220703e+02
5.700000000000000000e+06 9.993202252179865797e-01 3.870838191119371666e-04 -3.686377132618828822e-02 -8.037607245743379203e-02 -4.131852743072786556e-04 9.999996693336579145e-01 -7.004359383820132727e-04 -1.006586427932025518e-02 3.686348800916179613e-02 7.151913671620971705e-04 9.993200547137571776e-01 -3.439628248123507981e-03 9.998010993003845215e-01 -4.333845481596654281e-06 1.994115859270095825e-02 -1.175466272979974747e-02 4.122511654713889584e-06 1.000000000000000000e+00 1.063420586433494464e-05 -5.832364331581629813e-05 -1.994115673005580902e-02 -1.054987842508126050e-05 9.998011589050292969e-01 -2.329717390239238739e-02 2.561252117156982422e+02
5.800000000000000000e+06 9.999723415845718222e-01 7.899612486167712075e-04 7.395405809966659576e-03 3.651053966889475366e-02 -8.003439941472919586e-04 9.999986981956876519e-01 1.401091153759422220e-03 -2.897178884426515784e-03 -7.394289374878234428e-03 -1.406971270422527603e-03 9.999716720570062112e-01 -2.602388914448555256e-03 9.999163150787353516e-01 -9.251052688341587782e-06 -1.293687149882316589e-02 6.474396213889122009e-03 7.536050816270289943e-06 1.000000119209289551e+00 -1.326605997746810317e-04 5.543764928006567061e-05 1.293687801808118820e-02 1.325520133832469583e-04 9.999163150787353516e-01 1.429450418800115585e-02 2.349884510040283203e+02
5.900000000000000000e+06 9.998738371800639513e-01 -7.477226579541244866e-04 1.586665162035381590e-02 4.609517514456929616e-02 7.383898593540100383e-04 9.999995509410660732e-01 5.940522550675890901e-04 8.030124659217057273e-03 -1.586708868162327660e-02 -5.822615331015283495e-04 9.998739402886128724e-01 2.439709755730100436e-03 9.998431205749511719e-01 5.384336532188171986e-07 -1.771457120776176453e-02 9.618723765015602112e-03 -4.387402441352605820e-07 1.000000000000000000e+00 5.673715804732637480e-06 -5.358891030482482165e-06 1.771456189453601837e-02 -5.665068783855531365e-06 9.998430609703063965e-01 1.993670873343944550e-02 1.983292102813720703e+02
