0.000000000000000000e+00 9.998755105246470709e-01 -4.307631570017580254e-04 1.577269463911724900e-02 9.879561590922729675e-01 4.295997370076759894e-04 9.999999047459857682e-01 7.714976013141389740e-05 -4.701765405376396624e-03 -1.577272636997900310e-02 -7.036421032938438116e-05 9.998756003382298641e-01 1.417394331023111818e-02 9.998134970664978027e-01 -1.214988005813211203e-04 -1.931286044418811798e-02 1.374083518981933594e+00 1.278217241633683443e-04 9.999999403953552246e-01 3.268170403316617012e-04 4.923525266349315643e-04 1.931282505393028259e-02 -3.292254114057868719e-04 9.998134970664978027e-01 8.825133554637432098e-03 3.499443531036376953e+02
1.000000000000000000e+05 9.999891560207333496e-01 1.411130270248163708e-05 4.656999228298895621e-03 8.016635957585012129e-01 -1.022432911042220402e-05 9.999996516067228836e-01 -8.346747245670467540e-04 1.103157264774678320e-02 -4.657009384179369889e-03 8.346180586788621951e-04 9.999888077755129112e-01 2.744544279819874019e-02 9.999966621398925781e-01 -6.640128412982448936e-05 2.577159320935606956e-03 7.124302983283996582e-01 6.550299440277740359e-05 9.999999403953552246e-01 3.510183887556195259e-04 1.496914137533167377e-05 -2.577192150056362152e-03 -3.508481895551085472e-04 9.999966621398925781e-01 -1.989503577351570129e-02 4.233345985412597656e+02
2.000000000000000000e+05 9.996795790611514576e-01 1.303451947553011870e-04 -2.531249134813150919e-02 9.321631505152312425e-01 -1.353264380365486956e-04 9.999999718158542050e-01 -1.950770259108960578e-04 -5.194922321887359036e-03 2.531246520736762928e-02 1.984399684390795147e-04 9.996795685251874675e-01 3.247624112855330980e-02 9.992188215255737305e-01 -1.376254513161256909e-04 3.952055051922798157e-02 9.513050317764282227e-01 1.313979446422308683e-04 1.000000000000000000e+00 1.600319810677319765e-04 4.185472498647868633e-04 -3.952056542038917542e-02 -1.547132269479334354e-04 9.992187023162841797e-01 -6.467266380786895752e-02 4.408717155456542969e+02
3.000000000000000000e+05 9.994684093235181033e-01 -2.538397091615359792e-04 -3.260114000642640869e-02 5.967133921398135588e-01 2.487765808990273172e-04 9.999999563570718397e-01 -1.593614362598745875e-04 2.954942039634685189e-03 3.260117903587782945e-02 1.511663210619588072e-04 9.994684288531650029e-01 3.834560777097038940e-03 9.997086524963378906e-01 -1.399803441017866135e-04 2.413247339427471161e-02 6.812384128570556641e-01 1.270244829356670380e-04 9.999998807907104492e-01 5.387115525081753731e-04 3.013424066011793911e-05 -2.413255348801612854e-02 -5.354895256459712982e-04 9.997085928916931152e-01 -1.466826815158128738e-02 4.430410861968994141e+02
4.000000000000000000e+05 9.999764305585108204e-01 -6.689820029089235762e-04 -6.833065969208541694e-03 1.072695397018965879e+00 6.615088886919784014e-04 9.999991807362432761e-01 -1.095870810120413551e-03 -4.360158867870932500e-03 6.833793488974729963e-03 1.091324847181824546e-03 9.999760538516050401e-01 -1.605667325944462251e-02 9.999520778656005859e-01 -3.153230936732143164e-04 -9.785848669707775116e-03 1.129319310188293457e+00 3.290898457635194063e-04 9.999989867210388184e-01 1.406442956067621708e-03 -1.341974857496097684e-04 9.785399772226810455e-03 -1.409597112797200680e-03 9.999511837959289551e-01 6.626194715499877930e-02 4.105925559997558594e+02
5.000000000000000000e+05 9.997038017239309182e-01 -4.005895887133111423e-04 2.433409843616524126e-02 1.237572161352559874e+00 4.208304138492052521e-04 9.999995697564575403e-01 -8.266732501575397478e-04 -6.605597758426607485e-04 -2.433375680987924505e-02 8.366689196815092723e-04 9.997035401881082528e-01 -2.960904385284294713e-02 9.997751712799072266e-01 -3.910691302735358477e-04 -2.120350115001201630e-02 1.213713049888610840e+00 4.117395146749913692e-04 9.999994039535522461e-01 9.702965035103261471e-04 4.020787891931831837e-04 2.120311185717582703e-02 -9.788080351427197456e-04 9.997746944427490234e-01 6.380493938922882080e-02 4.603197574615478516e+02
6.000000000000000000e+05 9.999797504968028772e-01 -5.165154647996270066e-04 6.342854887710152982e-03 8.631976503080077689e-01 5.212233419716030738e-04 9.999995899169650260e-01 -7.406025450113555260e-04 1.020061460782406559e-02 -6.342469753945202161e-03 7.438935921999657429e-04 9.999796096419885094e-01 -1.821906616058533270e-03 9.999998211860656738e-01 -3.395810199435800314e-04 -4.265295283403247595e-04 8.499090671539306641e-01 3.399818087927997112e-04 9.999995827674865723e-01 9.436790132895112038e-04 1.077289416571147740e-04 4.262082511559128761e-04 -9.438243578188121319e-04 9.999994635581970215e-01 9.389640763401985168e-03 3.950712680816650391e+02
7.000000000000000000e+05 9.999769025318100413e-01 -5.948100488228095974e-04 -6.770568948977500126e-03 1.288833218110444712e+00 5.839216170957238538e-04 9.999985333643341967e-01 -1.610063578198440851e-03 -1.647519491209802935e-03 6.771516701015156507e-03 1.606072908236814371e-03 9.999757832524652779e-01 -1.210580782687565936e-04 9.999781847000122070e-01 -7.284073508344590664e-04 6.570578087121248245e-03 1.337008833885192871e+00 7.181456312537193298e-04 9.999985098838806152e-01 1.563611789606511593e-03 5.687581142410635948e-04 -6.571704521775245667e-03 -1.558858901262283325e-03 9.999771118164062500e-01 -1.151508069597184658e-03 5.513403415679931641e+02
8.000000000000000000e+05 9.999952640460639808e-01 -9.530454724898207268e-04 2.926361182470744830e-03 1.381097840458242576e+00 9.568600202042053032e-04 9.999986941000279517e-01 -1.302389012775143724e-03 -4.781562221325255484e-03 -2.925116124983712356e-03 1.305182962740955967e-03 9.999948700833866111e-01 -2.049023087734415383e-02 9.999654889106750488e-01 -5.979382549412548542e-04 -8.282691240310668945e-03 1.409244894981384277e+00 6.032967939972877502e-04 9.999995231628417969e-01 6.441181758418679237e-04 1.093474915251135826e-03 8.282300084829330444e-03 -6.490930099971592426e-04 9.999655485153198242e-01 1.521134749054908752e-02 5.340137481689453125e+02
9.000000000000000000e+05 9.999564086067613822e-01 -5.775519915106644116e-04 9.319190950116181676e-03 1.009478852990074227e+00 5.856834398278446463e-04 9.999994501736846342e-01 -8.698432253095538099e-04 -4.371089741731666849e-04 -9.318683446492680850e-03 8.752634034435398998e-04 9.999561970670508559e-01 -1.079941982335459738e-02 9.999378919601440430e-01 -4.946870030835270882e-04 -1.113191153854131699e-02 1.006351113319396973e+00 5.022072582505643368e-04 9.999996423721313477e-01 6.723459810018539429e-04 5.844261031597852707e-04 1.113157439976930618e-02 -6.778943352401256561e-04 9.999378323554992676e-01 9.228889830410480499e-03 5.687441825866699219e+02
1.000000000000000000e+06 9.998944017689475050e-01 -1.036720080462258907e-03 1.449518963634200547e-02 1.529535208861334761e+00 1.044859834928210966e-03 9.999993006830160125e-01 -5.539868268789500949e-04 1.053509701422625710e-03 -1.449460517034196691e-02 5.690737683006866525e-04 9.998947857529822958e-01 -7.157607450797360236e-03 9.999536871910095215e-01 -1.002493430860340595e-03 -9.573859162628650665e-03 1.497683405876159668e+00 1.002441393211483955e-03 9.999995827674865723e-01 -9.297739779867697507e-06 2.925397129729390144e-03 9.573857299983501434e-03 -3.002644461957970634e-07 9.999542236328125000e-01 -2.009826153516769409e-02 4.552075862884521484e+02
1.100000000000000000e+06 9.999922086085384354e-01 -1.140520457576986620e-03 3.779144784611326337e-03 1.452955094778402900e+00 1.139185827702745343e-03 9.999992880119543681e-01 3.552903518035231841e-04 4.209889929868691240e-03 -3.779547309820029295e-03 -3.509824354178438244e-04 9.999927958907818271e-01 5.542218446885743485e-03 9.999812841415405273e-01 -1.497522229328751564e-03 -5.939149763435125351e-03 1.419898629188537598e+00 1.495615695603191853e-03 9.999988079071044922e-01 -3.267091815359890461e-04 4.853751044720411301e-03 5.939633119851350784e-03 3.178205515723675489e-04 9.999822974205017090e-01 -3.796865418553352356e-02 5.304100513458251953e+02
1.200000000000000000e+06 9.999819869628836511e-01 -8.533322666549464364e-04 5.941176129838294899e-03 9.034318067144698761e-01 8.547667004815631296e-04 9.999996061492161248e-01 -2.389043746353077902e-04 1.062115844720743461e-02 -5.940969925089897852e-03 2.439783907594219453e-04 9.999823225192002729e-01 1.086797897954704800e-02 9.999947547912597656e-01 -8.315389277413487434e-04 -3.130094846710562706e-03 8.473050594329833984e-01 8.299660985358059406e-04 9.999995231628417969e-01 -5.018437514081597328e-04 2.853544894605875015e-03 3.130508353933691978e-03 4.992431495338678360e-04 9.999949932098388672e-01 -2.582977339625358582e-02 4.906938076019287109e+02
1.300000000000000000e+06 9.999006366769230825e-01 -1.128143872868143721e-03 -1.405147908535180762e-02 1.583922358381723239e+00 1.136992095088760297e-03 9.999991603514520877e-01 6.217277269556575415e-04 6.363461578123609692e-03 1.405076588872204192e-02 -6.376423706670081596e-04 9.999010798024710045e-01 3.499536975706832309e-02 9.997761845588684082e-01 -1.285874168388545513e-03 2.111545018851757050e-02 1.593875408172607422e+00 1.293566660024225712e-03 9.999991059303283691e-01 -3.503781044855713844e-04 4.318258259445428848e-03 -2.111497521400451660e-02 3.776137891691178083e-04 9.997770190238952637e-01 -6.837836652994155884e-02 6.073288917541503906e+02
1.400000000000000000e+06 9.997781135176094791e-01 -1.410748420099922594e-03 -2.101745750715678859e-02 1.172040618865484829e+00 1.404927728799293092e-03 9.999989705415499586e-01 -2.917086171538953230e-04 2.414153409016609689e-03 2.101784739802833521e-02 2.621158821142865569e-04 9.997790662871560707e-01 1.326435236685098024e-02 9.997993111610412598e-01 -1.467403955757617950e-03 1.997986063361167908e-02 1.213262557983398438e+00 1.467691152356564999e-03 9.999988675117492676e-01 3.560665504664939363e-07 4.388982430100440979e-03 -1.997983641922473907e-02 2.896828482334967703e-05 9.998003840446472168e-01 -3.057410381734371185e-02 5.505342483520507812e+02
1.500000000000000000e+06 9.999593756931495214e-01 -1.546105934017492781e-03 -8.880119357723830278e-03 8.263582431691991470e-01 1.547255497142098739e-03 9.999987954859491657e-01 1.225849794336857025e-04 -4.021181637677488478e-03 8.879919132131167125e-03 -1.363198129953821231e-04 9.999605634489369121e-01 -1.046260673846774632e-02 9.999873042106628418e-01 -1.488736248575150967e-03 4.812275059521198273e-03 8.617759346961975098e-01 1.488374429754912853e-03 9.999988675117492676e-01 7.873840513639152050e-05 3.970816731452941895e-03 -4.812394734472036362e-03 -7.157494110288098454e-05 9.999883770942687988e-01 4.288067109882831573e-03 4.665391445159912109e+02
1.600000000000000000e+06 9.999935596657854031e-01 -2.112284020096572706e-03 2.901531176782083925e-03 1.362963926269924020e+00 2.111319674651110541e-03 9.999977149220414807e-01 3.353802722958551118e-04 1.069492525686635033e-02 -2.902232964946971534e-03 -3.292520524746588798e-04 9.999957343093535123e-01 -2.168461643507772763e-02 9.999762177467346191e-01 -2.130314707756042480e-03 -6.554741412401199341e-03 1.387361645698547363e+00 2.124315360561013222e-03 9.999973773956298828e-01 -9.218799532391130924e-04 7.511144969612360001e-03 6.556692067533731461e-03 9.079337469302117825e-04 9.999781250953674316e-01 3.950654342770576477e-02 6.468501091003417969e+02
1.700000000000000000e+06 9.999859663711829771e-01 -5.881893497416782477e-04 5.265082523576359273e-03 9.524037800827013234e-01 5.819890387207697418e-04 9.999991355254959080e-01 1.179083126723765203e-03 8.880095944560274790e-03 -5.265771496184353841e-03 -1.176002359592138611e-03 9.999854442285648348e-01 -7.964926653760039804e-03 9.999933838844299316e-01 -6.978358142077922821e-04 -3.562693716958165169e-03 9.841151833534240723e-01 6.950231036171317101e-04 9.999994635581970215e-01 -7.909703417681157589e-04 2.885268069803714752e-03 3.563243430107831955e-03 7.884888909757137299e-04 9.999933838844299316e-01 2.135788649320602417e-02 5.996096134185791016e+02
1.800000000000000000e+06 9.999977958059882432e-01 -1.239577500485534046e-03 1.694647687725936826e-03 1.502682218182518126e+00 1.239098217578438231e-03 9.999991920342706786e-01 2.838422329973458880e-04 5.902408803034601102e-03 -1.694998162954392462e-03 -2.817417724247110104e-04 9.999985238003111787e-01 -9.078496848026943941e-03 9.999977946281433105e-01 -1.615092391148209572e-03 -1.352100400254130363e-03 1.496263384819030762e+00 1.615292974747717381e-03 9.999986886978149414e-01 1.477167825214564800e-04 4.591789562255144119e-03 1.351861283183097839e-03 -1.498999190516769886e-04 9.999990463256835938e-01 1.955123431980609894e-02 6.315820217132568359e+02
1.900000000000000000e+06 9.999957600557453086e-01 -1.423005161285250102e-03 2.540654805981039117e-03 1.015873959031814211e+00 1.420709230231018963e-03 9.999985810500580108e-01 9.052530881661010080e-04 -4.470799858784817692e-03 -2.541939380735779280e-03 -9.016397182097828566e-04 9.999963627883869943e-01 -6.563413520537451397e-03 9.999960660934448242e-01 -1.396580599248409271e-03 -2.443843055516481400e-03 1.008932828903198242e+00 1.394471619278192520e-03 9.999986290931701660e-01 -8.643209002912044525e-04 4.804252646863460541e-03 2.445046324282884598e-03 8.609091746620833874e-04 9.999966025352478027e-01 1.542670931667089462e-02 4.842212200164794922e+02
2.000000000000000000e+06 9.999911215065163672e-01 -1.615789304646875722e-03 3.891803317584083266e-03 1.022276733440417251e+00 1.612727698779825233e-03 9.999983877479859951e-01 7.896903181021960698e-04 6.834950196783077907e-03 -3.893073016186318278e-03 -7.834068878333816290e-04 9.999921150969836026e-01 6.105971114655393221e-04 9.999666213989257812e-01 -2.250179415568709373e-03 -7.855617441236972809e-03 9.898797273635864258e-01 2.247182419523596764e-03 9.999973773956298828e-01 -3.902715106960386038e-04 6.701353937387466431e-03 7.856476120650768280e-03 3.726055438164621592e-04 9.999690055847167969e-01 2.122751995921134949e-02 4.556126594543457031e+02
2.100000000000000000e+06 9.998404903165628577e-01 -3.469146471078122032e-03 1.752024389948650743e-02 1.384980277065047227e+00 3.447617896917832582e-03 9.999932646070609499e-01 1.258837300526430628e-03 1.199490386249099129e-02 -1.752449298473824149e-02 -1.198233397360889789e-03 9.998457162894449635e-01 8.508850805042912635e-03 9.999129772186279297e-01 -2.696487121284008026e-03 -1.291781384497880936e-02 1.273030757904052734e+00 2.670681802555918694e-03 9.999943375587463379e-01 -2.014465397223830223e-03 1.047016121447086334e-02 1.292316894978284836e-02 1.979790860787034035e-03 9.999145865440368652e-01 1.826911047101020813e-02 6.721789836883544922e+02
2.200000000000000000e+06 9.999443473784384029e-01 -1.221963543815885291e-03 -1.047897662019492242e-02 1.184793329866860256e+00 1.248772215357248083e-03 9.999959634956276933e-01 2.552167785496489618e-03 1.047695987772987933e-02 1.047581566576839991e-02 -2.565111605517239341e-03 9.999418370528297961e-01 2.331033445035500182e-02 9.998156428337097168e-01 -9.197989129461348057e-04 1.918008923530578613e-02 1.168562412261962891e+00 9.453634265810251236e-04 9.999986886978149414e-01 -1.323813921771943569e-03 4.632006399333477020e-03 -1.917884126305580139e-02 1.341701368801295757e-03 9.998151659965515137e-01 -3.176350146532058716e-02 5.206692218780517578e+02
2.300000000000000000e+06 9.999033298313076967e-01 -6.154231213414033215e-04 -1.389072520226729626e-02 7.327946521143270386e-01 6.149582981078186798e-04 9.999998102011952161e-01 -3.773413855621372484e-05 -1.779948523731026810e-03 1.389074578828558559e-02 2.918827406080435694e-05 9.999035185104060419e-01 7.235377284636298340e-03 9.999306797981262207e-01 -1.218526507727801800e-03 1.171177346259355545e-02 7.713088393211364746e-01 1.207130611874163151e-03 9.999988675117492676e-01 9.801342384889721870e-04 2.526833908632397652e-03 -1.171295717358589172e-02 -9.659287170507013798e-04 9.999308586120605469e-01 -3.638995811343193054e-03 5.268323421478271484e+02
2.400000000000000000e+06 9.999489963594806463e-01 -1.448408726647188154e-03 -9.995338504924395143e-03 1.159109385052342622e+00 1.441267087456416223e-03 9.999987009748916300e-01 -7.216631569142079646e-04 8.781874908847620703e-03 9.996370783942883781e-03 7.072203970508432079e-04 9.999497849444541897e-01 -2.781870589877100054e-04 9.999867677688598633e-01 -2.298750216141343117e-03 4.580191336572170258e-03 1.212010025978088379e+00 2.298045903444290161e-03 9.999973773956298828e-01 1.589658058946952224e-04 6.761653814464807510e-03 -4.580535925924777985e-03 -1.484382082708179951e-04 9.999895095825195312e-01 2.307481691241264343e-02 5.321369171142578125e+02
2.500000000000000000e+06 9.999805573429855210e-01 -3.286363512535939082e-03 5.299504776451908865e-03 1.296538461365850381e+00 3.285902069375544639e-03 9.999945968225386617e-01 9.577744401841113784e-05 6.843564705519461326e-03 -5.299790901784491234e-03 -7.836192813880844842e-05 9.999859529392427504e-01 -1.743027029571615413e-02 9.999638199806213379e-01 -3.397361375391483307e-03 -7.801881060004234314e-03 1.311677575111389160e+00 3.396115032956004143e-03 9.999941587448120117e-01 -1.717762352200224996e-04 1.062710862606763840e-02 7.802417501807212830e-03 1.452744327252730727e-04 9.999695420265197754e-01 3.962295129895210266e-02 4.965262413024902344e+02
2.600000000000000000e+06 9.999719199716330387e-01 -2.218930734898733916e-03 7.157905743965081377e-03 9.132699226674955151e-01 2.216202384720339803e-03 9.999974685305113020e-01 3.890752614504553179e-04 1.670141640042549763e-03 -7.158750955000907530e-03 -3.732009684266981184e-04 9.999743061728143534e-01 -1.522919847404643340e-02 9.999705553054809570e-01 -2.113759284839034081e-03 -7.375368382781744003e-03 9.283103942871093750e-01 2.111998153850436211e-03 9.999977350234985352e-01 -2.474797074683010578e-04 6.282548420131206512e-03 7.375869434326887131e-03 2.318949118489399552e-04 9.999727010726928711e-01 1.322069950401782990e-02 6.048610210418701172e+02
2.700000000000000000e+06 9.999382891941731577e-01 -3.587193368066964299e-03 1.051426874157010589e-02 1.468051458305591028e+00 3.586843171499604164e-03 9.999935658968067687e-01 5.216370163479882639e-05 3.179553718128553912e-03 -1.051438821296457951e-02 -1.444744953172356450e-05 9.999447221880708447e-01 -2.091243634472210108e-02 9.999386072158813477e-01 -3.639373695477843285e-03 -1.047368627041578293e-02 1.462025880813598633e+00 3.645573975518345833e-03 9.999931454658508301e-01 5.724924849346280098e-04 1.047299709171056747e-02 1.047153212130069733e-02 -6.106393993832170963e-04 9.999450445175170898e-01 7.830437272787094116e-03 6.769239902496337891e+02
2.800000000000000000e+06 9.999689715122640488e-01 -2.989795705025190958e-03 7.288150269252348032e-03 1.011966684181826670e+00 2.999307097202642738e-03 9.999946642398666041e-01 -1.294468513705144836e-03 5.531186191160055235e-03 -7.284241185028129430e-03 1.316287749132790492e-03 9.999726032331684999e-01 9.094912562308194500e-04 9.999658465385437012e-01 -3.433798439800739288e-03 -7.510077208280563354e-03 9.979084134101867676e-01 3.438350744545459747e-03 9.999939799308776855e-01 5.930421757511794567e-04 8.817348629236221313e-03 7.507998961955308914e-03 -6.188444676809012890e-04 9.999716281890869141e-01 -4.283076152205467224e-03 5.496039390563964844e+02
2.900000000000000000e+06 9.999606150353025358e-01 -6.137050609093095202e-03 6.411317184542016795e-03 1.520472118434425646e+00 6.138443560776263470e-03 9.999811400528253458e-01 -1.976089645947390675e-04 1.127204900340582003e-02 -6.409983531222069111e-03 2.369566904601907574e-04 9.999794277697197087e-01 1.601721624557913377e-03 9.999545812606811523e-01 -7.317928597331047058e-03 -6.113325711339712143e-03 1.467373728752136230e+00 7.319595199078321457e-03 9.999731779098510742e-01 2.511353523004800081e-04 2.115856111049652100e-02 6.111321970820426941e-03 -2.958708500955253839e-04 9.999812841415405273e-01 -3.195302560925483704e-02 5.038075447082519531e+02
3.000000000000000000e+06 9.999334940321323861e-01 -8.454645640610864918e-03 7.843881678296934709e-03 1.412081236148600372e+00 8.449394004019353255e-03 9.999640565291064709e-01 7.024178377637664474e-04 2.165763595219351301e-02 -7.849538435874074335e-03 -6.360950759647792134e-04 9.999689895838761444e-01 7.246764376411575677e-03 9.999405741691589355e-01 -9.855042211711406708e-03 -4.652827512472867966e-03 1.351368427276611328e+00 9.852222166955471039e-03 9.999512434005737305e-01 -6.294913473539054394e-04 2.962073870003223419e-02 4.658796358853578568e-03 5.836139316670596600e-04 9.999889135360717773e-01 -3.877608478069305420e-02 5.237495899200439453e+02
3.100000000000000000e+06 9.999587381976421385e-01 -8.643721621947392936e-03 -2.794276060369087818e-03 8.558381684050322402e-01 8.642988810200216698e-03 9.999626110738448759e-01 -2.742240055245537917e-04 1.002963921418028974e-02 2.796541901353619391e-03 2.500617938254556631e-04 9.999960584034784938e-01 1.192756501350682348e-02 9.999387264251708984e-01 -8.938793092966079712e-03 6.520765367895364761e-03 8.520226478576660156e-01 8.942530490458011627e-03 9.999598860740661621e-01 -5.438736989162862301e-04 2.516025677323341370e-02 -6.515629589557647705e-03 6.021519075147807598e-04 9.999786019325256348e-01 -3.453460708260536194e-02 5.189208984375000000e+02
3.200000000000000000e+06 9.997911622928065123e-01 -1.497728806238832894e-02 -1.390369172181504971e-02 1.216894937502109642e+00 1.499161006213649457e-02 9.998871903164345820e-01 9.264280063420694215e-04 3.244223481805639381e-02 1.388824787163147299e-02 -1.134673257958951614e-03 9.999029098305763918e-01 2.408420164822187848e-02 9.997345209121704102e-01 -1.626348868012428284e-02 1.632128655910491943e-02 1.219088196754455566e+00 1.626490242779254913e-02 9.998677372932434082e-01 4.603700654115527868e-05 4.774120077490806580e-02 -1.631987839937210083e-02 2.194387052441015840e-04 9.998668432235717773e-01 -3.837233036756515503e-02 6.477878093719482422e+02
3.300000000000000000e+06 9.998336597540878889e-01 -1.224509178462618308e-02 -1.351704664240993385e-02 7.907432123237292387e-01 1.223851618381163742e-02 9.999249446173875677e-01 -5.690813060456669263e-04 2.605748835049898418e-02 1.352300056812784368e-02 4.035580508308045052e-04 9.999084786101846145e-01 6.730413486094505120e-03 9.998213052749633789e-01 -1.289070397615432739e-02 1.383028365671634674e-02 8.542549014091491699e-01 1.289566606283187866e-02 9.999167323112487793e-01 -2.705384686123579741e-04 3.608945384621620178e-02 -1.382564753293991089e-02 4.488416016101837158e-04 9.999043345451354980e-01 -1.640178449451923370e-02 4.914765357971191406e+02
3.400000000000000000e+06 9.996373526550121902e-01 -2.316041859756057600e-02 -1.373892962587153384e-02 1.283817554867251021e+00 2.313999910015942726e-02 9.997308836568403745e-01 -1.643381987800870796e-03 4.690742788500566751e-02 1.377329367012484866e-02 1.324867200506372761e-03 9.999042659716866899e-01 -9.692862666337082739e-03 9.996665120124816895e-01 -2.479239925742149353e-02 7.219189312309026718e-03 1.347392320632934570e+00 2.478277869522571564e-02 9.996918439865112305e-01 1.413002959452569485e-03 7.253444194793701172e-02 -7.251994218677282333e-03 -1.233619521372020245e-03 9.999728202819824219e-01 5.368629470467567444e-03 7.345004081726074219e+02
3.500000000000000000e+06 9.998517666824175976e-01 -1.713357385728197374e-02 1.698619711835701882e-03 9.260448744354810025e-01 1.713184083034683183e-02 9.998527091182970450e-01 1.029610880747321025e-03 3.221104866673883682e-02 -1.716010434710213157e-03 -1.000357775576190189e-03 9.999980272943086446e-01 -1.634486800710076987e-02 9.997895956039428711e-01 -1.999265141785144806e-02 -4.580249078571796417e-03 9.627614021301269531e-01 2.000233344733715057e-02 9.997978210449218750e-01 2.063973341137170792e-03 5.318892374634742737e-02 4.538065288215875626e-03 -2.155155874788761139e-03 9.999874234199523926e-01 2.739976532757282257e-02 5.455317497253417969e+02
3.600000000000000000e+06 9.993075737445165085e-01 -3.642713504967640126e-02 7.578712880181312853e-03 1.507245205260102416e+00 3.647312180708864315e-02 9.993164971304576705e-01 -6.020793017315342714e-03 5.417834408054182649e-02 -7.354212567832376334e-03 6.293043380171127119e-03 9.999531554840568326e-01 -1.559828785555582471e-02 9.992828369140625000e-01 -3.743495792150497437e-02 -5.704153329133987427e-03 1.504525423049926758e+00 3.745874390006065369e-02 9.992897510528564453e-01 4.116870462894439697e-03 1.083585619926452637e-01 5.545980297029018402e-03 -4.327587783336639404e-03 9.999752640724182129e-01 3.674585372209548950e-02 6.568572521209716797e+02
3.700000000000000000e+06 9.996717165318601550e-01 -2.550970399480625983e-02 2.390432668284663345e-03 1.010867464051641962e+00 2.551271331233368952e-02 9.996737324515865275e-01 -1.236974436456243602e-03 4.532098293167756420e-02 -2.358097895955193687e-03 1.297554781556626950e-03 9.999963778563910610e-01 -5.017034725466253987e-03 9.996318817138671875e-01 -2.684648893773555756e-02 -3.904742421582341194e-03 1.023302912712097168e+00 2.685208059847354889e-02 9.996384382247924805e-01 1.388680771924555302e-03 7.252489775419235229e-02 3.866050392389297485e-03 -1.493019401095807552e-03 9.999913573265075684e-01 1.821366883814334869e-02 4.713244438171386719e+02
3.800000000000000000e+06 9.996153967486537395e-01 -2.729017550343783641e-02 4.930000408036903231e-03 1.055117878009854016e+00 2.729891598724534796e-02 9.996258450152306629e-01 -1.714398876449116631e-03 3.491000491938307110e-02 -4.881369577588127485e-03 1.848323180023214675e-03 9.999863778734534581e-01 -1.749116963246194825e-03 9.996170401573181152e-01 -2.702993899583816528e-02 -5.935101304203271866e-03 1.016068935394287109e+00 2.704377286136150360e-02 9.996317028999328613e-01 2.268481999635696411e-03 7.233038544654846191e-02 5.871597211807966232e-03 -2.428120467811822891e-03 9.999798536300659180e-01 1.455996930599212646e-02 5.286362171173095703e+02
3.900000000000000000e+06 9.991364080097828726e-01 -3.921489382775280447e-02 1.373427433054640219e-02 1.487347162217802499e+00 3.926210820254825290e-02 9.992238701004920731e-01 -3.185008773353550059e-03 7.501780132417687486e-02 -1.359871496870289874e-02 3.721494790137504574e-03 9.999006077744562182e-01 -1.488480413145833008e-03 9.991001486778259277e-01 -3.757593780755996704e-02 -1.966872438788414001e-02 1.389438033103942871e+00 3.760600462555885315e-02 9.992918968200683594e-01 1.162116881459951401e-03 1.101407706737518311e-01 1.961113326251506805e-02 -1.900733099319040775e-03 9.998059272766113281e-01 1.952568069100379944e-02 6.198222637176513672e+02
4.000000000000000000e+06 9.996065118613250977e-01 -2.303648414654633353e-02 1.600443196744303839e-02 8.593552891567184382e-01 2.303165754662027387e-02 9.997346181344585192e-01 4.858540973003953618e-04 4.796347092709321580e-02 -1.601137705164057748e-02 -1.170543231736508526e-04 9.998718028343411834e-01 1.144573891310824224e-02 9.997167587280273438e-01 -2.183536812663078308e-02 -9.469911456108093262e-03 7.873862981796264648e-01 2.182832732796669006e-02 9.997614026069641113e-01 -8.487033192068338394e-04 6.057726219296455383e-02 9.486171416938304901e-03 6.417505210265517235e-04 9.999547600746154785e-01 -4.982314072549343109e-03 6.138844490051269531e+02
4.100000000000000000e+06 9.993875100184231863e-01 -3.192220288575717962e-02 -1.433798389233304979e-02 1.099018828794428693e+00 3.189546667046000428e-02 9.994890258709963060e-01 -2.089585920872655180e-03 5.770782953270987142e-02 1.439736173921531137e-02 1.630989383070975338e-03 9.998950224141445187e-01 3.343013304826561449e-02 9.991050958633422852e-01 -3.185582906007766724e-02 2.782527729868888855e-02 1.112744927406311035e+00 3.174832090735435486e-02 9.994865655899047852e-01 4.295389633625745773e-03 8.871117234230041504e-02 -2.794781699776649475e-02 -3.408136544749140739e-03 9.996035695075988770e-01 -5.767989903688430786e-02 6.018259525299072266e+02
4.200000000000000000e+06 9.995045114510614503e-01 -2.308807105556544281e-02 -2.139328314934858116e-02 6.931435889605178646e-01 2.296658453173195183e-02 9.997187812250692973e-01 -5.907153359174038658e-03 2.870421520911842564e-02 2.152365173296230672e-02 5.412895786466952359e-03 9.997536861523856899e-01 9.329815923997330021e-03 9.995073080062866211e-01 -2.655254863202571869e-02 1.673558913171291351e-02 7.453822493553161621e-01 2.644992806017398834e-02 9.996301531791687012e-01 6.330841220915317535e-03 6.548490375280380249e-02 -1.689750142395496368e-02 -5.885071121156215668e-03 9.998399019241333008e-01 -1.914663240313529968e-02 6.253099441528320312e+02
4.300000000000000000e+06 9.995575309261974795e-01 -2.782589311787708394e-02 -1.051009233623455448e-02 7.475223938768774667e-01 2.779262372710463586e-02 9.996082685844636107e-01 -3.298400208376311375e-03 4.292988922417217273e-02 1.059775613454452467e-02 3.004837726652988435e-03 9.999393274169934287e-01 -6.703700058855048376e-03 9.995845556259155273e-01 -2.863407507538795471e-02 3.277164185419678688e-03 8.082947134971618652e-01 2.863369137048721313e-02 9.995899796485900879e-01 1.481214567320421338e-04 7.821039110422134399e-02 -3.280065488070249557e-03 -5.421810419647954404e-05 9.999946355819702148e-01 1.003969181329011917e-02 5.239362716674804688e+02
4.400000000000000000e+06 9.992828926087438113e-01 -3.708553260778155169e-02 7.639621109641814810e-03 1.273168688569579210e+00 3.703664872006894732e-02 9.992931319016804537e-01 6.443848672725654113e-03 9.277370360579832720e-02 -7.873194465268136544e-03 -6.156281777822078874e-03 9.999500552545532717e-01 -2.496169300390640652e-02 9.993636012077331543e-01 -3.339205309748649597e-02 -1.254231110215187073e-02 1.276730179786682129e+00 3.331837058067321777e-02 9.994266033172607422e-01 -6.031991448253393173e-03 1.057619452476501465e-01 1.273654401302337646e-02 5.610255990177392960e-03 9.999031424522399902e-01 4.164287075400352478e-02 5.453779697418212891e+02
4.500000000000000000e+06 9.997224442069466699e-01 -2.188769654599700618e-02 8.715692100960707386e-03 8.938839544369946433e-01 2.190686242549561707e-02 9.997577900787556482e-01 -2.109633976100547259e-03 2.885964226313748535e-02 -8.667406045571330458e-03 2.299981902767983619e-03 9.999597922695132590e-01 -8.613547684292946136e-03 9.997650384902954102e-01 -2.075276896357536316e-02 -6.254087667912244797e-03 8.925135731697082520e-01 2.076624706387519836e-02 9.997821450233459473e-01 2.097168937325477600e-03 5.509244650602340698e-02 6.209204439073801041e-03 -2.226543147116899490e-03 9.999783039093017578e-01 1.416085846722126007e-02 4.559383392333984375e+02
4.600000000000000000e+06 9.996033310450129772e-01 -2.812775061128114373e-02 1.417818487587412446e-03 1.395738565221456451e+00 2.812698812870467052e-02 9.996042039903891840e-01 5.548905731112645495e-04 6.586601836230868146e-02 -1.432865144344697616e-03 -5.147915014784672704e-04 9.999988409429223513e-01 -4.870081581345608868e-03 9.995961785316467285e-01 -2.824054658412933350e-02 3.160548629239201546e-03 1.415461421012878418e+00 2.824258618056774139e-02 9.996008872985839844e-01 -5.893610068596899509e-04 8.508810400962829590e-02 -3.142646746709942818e-03 6.783739663660526276e-04 9.999947547912597656e-01 3.744666464626789093e-04 5.099673271179199219e+02
4.700000000000000000e+06 9.993311718745736538e-01 -3.605167099794765601e-02 -6.122576095671680013e-03 1.449829601715123983e+00 3.601440771831596055e-02 9.993327073417114237e-01 -6.091179999328363501e-03 5.769506597849122231e-02 6.338087762918290236e-03 5.866605095031842201e-03 9.999627050986293897e-01 -1.246095980674022689e-03 9.991881251335144043e-01 -4.002568498253822327e-02 4.593086894601583481e-03 1.462384581565856934e+00 3.998890146613121033e-02 9.991692900657653809e-01 7.852640934288501740e-03 1.104133129119873047e-01 -4.903572145849466324e-03 -7.662585005164146423e-03 9.999585747718811035e-01 5.868603475391864777e-03 5.381677150726318359e+02
4.800000000000000000e+06 9.996142093715135735e-01 -2.771812231382489444e-02 -1.771473386650110121e-03 9.812289281704522637e-01 2.771590072501002935e-02 9.996150382182282801e-01 -1.266576081948344321e-03 4.204449572615395758e-02 1.805898547858033470e-03 1.216989468244272050e-03 9.999976288307234062e-01 -6.917454383170242027e-03 9.996353387832641602e-01 -2.698686346411705017e-02 -9.542798507027328014e-04 1.009656310081481934e+00 2.698417380452156067e-02 9.996323585510253906e-01 -2.654495416209101677e-03 7.656896859407424927e-02 1.025563571602106094e-03 2.627781825140118599e-03 9.999960064888000488e-01 1.776794530451297760e-02 5.186228752136230469e+02
4.900000000000000000e+06 9.993207639511969553e-01 -3.564388997591152325e-02 9.355417862463175083e-03 1.483253216347101056e+00 3.556960862069629553e-02 9.993352622860695034e-01 7.989774352458862278e-03 9.654248523282203676e-02 -9.633985601331818832e-03 -7.651578857845984377e-03 9.999243169672470399e-01 -5.922655972493137862e-03 9.993445277214050293e-01 -3.437096253037452698e-02 -1.136545930057764053e-02 1.435424685478210449e+00 3.430141508579254150e-02 9.993918538093566895e-01 -6.257940549403429031e-03 1.086548119783401489e-01 1.157363783568143845e-02 5.863982252776622772e-03 9.999158382415771484e-01 4.187874495983123779e-02 5.523073673248291016e+02
5.000000000000000000e+06 9.997798156088455457e-01 -2.021523307543406783e-02 5.627135403442702112e-03 9.112608278863073563e-01 2.020336542665865029e-02 9.997935623866772703e-01 2.157923908294741462e-03 4.950963591421442961e-02 -5.669596685805402755e-03 -2.043761694271794844e-03 9.999818391908711357e-01 1.035919312303230401e-02 9.998263120651245117e-01 -1.838614791631698608e-02 -3.031673375517129898e-03 8.885769844055175781e-01 1.837867498397827148e-02 9.998280405998229980e-01 -2.468339633196592331e-03 5.286939069628715515e-02 3.076534252613782883e-03 2.412190893664956093e-03 9.999923110008239746e-01 1.405104994773864746e-02 4.541308879852294922e+02
5.100000000000000000e+06 9.996805236048407206e-01 -2.523259620312779880e-02 -1.472010190698029792e-03 1.238550981239919802e+00 2.523471785108902243e-02 9.996805152169342401e-01 1.441010263949306152e-03 5.407420953866391017e-02 1.435179475726788443e-03 -1.477695657020984283e-03 9.999978783354580569e-01 2.106804060089723790e-02 9.996865987777709961e-01 -2.415868639945983887e-02 6.562471855431795120e-03 1.193031311035156250e+00 2.416497655212879181e-02 9.997076392173767090e-01 -8.891425095498561859e-04 7.170774787664413452e-02 -6.539072375744581223e-03 1.047445810399949551e-03 9.999781250953674316e-01 4.632077645510435104e-03 4.598345756530761719e+02
5.200000000000000000e+06 9.995172915497219090e-01 -2.321047135752986670e-02 -2.065085742698078222e-02 1.134936347224010600e+00 2.325153317674192796e-02 9.997281140687152012e-01 1.750470091333503108e-03 4.863180602129133639e-02 2.060461351346031325e-02 -2.229789221220068555e-03 9.997852159048911114e-01 1.563361778798683793e-02 9.994514584541320801e-01 -2.321183681488037109e-02 2.362164109945297241e-02 1.192740321159362793e+00 2.325415611267089844e-02 9.997283816337585449e-01 -1.512348419055342674e-03 7.005687803030014038e-02 -2.358012460172176361e-02 2.060820581391453743e-03 9.997198581695556641e-01 -7.014369592070579529e-03 4.709718227386474609e+02
5.300000000000000000e+06 9.997602779042396026e-01 -1.882991681060402003e-02 -1.117233000511902788e-02 8.115950850639299663e-01 1.879311105397097476e-02 9.998176459108676362e-01 -3.390265795493550317e-03 2.023804102943013716e-02 1.123413110795243829e-02 3.179490235354056216e-03 9.999318402471703005e-01 -5.248408542964029186e-03 9.997393488883972168e-01 -2.237003482878208160e-02 4.558474291115999222e-03 8.470009565353393555e-01 2.234068140387535095e-02 9.997300505638122559e-01 6.388961337506771088e-03 5.452024564146995544e-02 -4.700159188359975815e-03 -6.285457406193017960e-03 9.999691843986511230e-01 2.891626581549644470e-02 4.522807598114013672e+02
5.400000000000000000e+06 9.993390278952962724e-01 -3.562531680730306877e-02 7.234924164322751802e-03 1.341407134021951997e+00 3.564341458713772559e-02 9.993617183716131391e-01 -2.388064049783135152e-03 6.102296750015148014e-02 -7.145230706816238161e-03 2.644363007557439752e-03 9.999709760900216127e-01 -2.268223723899593161e-02 9.992853403091430664e-01 -3.548730537295341492e-02 -1.301409024745225906e-02 1.371861457824707031e+00 3.545096889138221741e-02 9.993668794631958008e-01 -3.012482542544603348e-03 1.084796339273452759e-01 1.311275269836187363e-02 2.548967022448778152e-03 9.999107718467712402e-01 7.741630077362060547e-02 4.955930709838867188e+02
5.500000000000000000e+06 9.997164104561628850e-01 -2.186156743600991756e-02 9.443015084470714193e-03 9.515524284987669779e-01 2.180900060192316955e-02 9.997462788216497920e-01 5.634312292483293488e-03 5.751578938745485758e-02 -9.563794089693967992e-03 -5.426771738769241467e-03 9.999395401678569106e-01 -1.108742133693413866e-02 9.997435212135314941e-01 -2.135487459599971771e-02 -7.542148232460021973e-03 9.586659669876098633e-01 2.132389508187770844e-02 9.997640252113342285e-01 -4.154792986810207367e-03 6.359314173460006714e-02 7.629089523106813431e-03 3.992899321019649506e-03 9.999629259109497070e-01 3.446287289261817932e-02 4.624707698822021484e+02
5.600000000000000000e+06 9.994708298623909970e-01 -3.203855163070506301e-02 5.620628398158733323e-03 1.477664044015519318e+00 3.202553822456967458e-02 9.994841927993362019e-01 2.390239671266643565e-03 6.725983189353987313e-02 -5.694309054676342276e-03 -2.208971178199546376e-03 9.999813474714034367e-01 -1.242625070561958686e-02 9.995024800300598145e-01 -3.131129965186119080e-02 -3.799049649387598038e-03 1.461850762367248535e+00 3.130587562918663025e-02 9.995087385177612305e-01 -1.470202347263693810e-03 9.586019068956375122e-02 3.843220649287104607e-03 1.350537408143281937e-03 9.999916553497314453e-01 2.615044079720973969e-02 4.868617057800292969e+02
5.700000000000000000e+06 9.997787722241840980e-01 -2.074128289764282443e-02 3.493679101306286245e-03 9.967216728323816666e-01 2.073746129863484472e-02 9.997843210208559039e-01 1.126561029654181987e-03 4.311080947176900574e-02 -3.516291909181777121e-03 -1.053861767910082214e-03 9.999932625105948381e-01 -4.380172528596328919e-03 9.997753500938415527e-01 -2.084189839661121368e-02 -3.843004582449793816e-03 1.003763437271118164e+00 2.084073424339294434e-02 9.997828006744384766e-01 -3.614559245761483908e-04 5.804891511797904968e-02 3.849703120067715645e-03 2.812840975821018219e-04 9.999925494194030762e-01 1.592610590159893036e-02 5.436944961547851562e+02
5.800000000000000000e+06 9.994091744167628022e-01 -3.211773022634790281e-02 1.223738112147254413e-02 1.487953752647017236e+00 3.211887598724275789e-02 9.994840505019739751e-01 1.029440811482907193e-04 6.823701725024078346e-02 -1.223437358105248542e-02 2.901676674976968475e-04 9.999251151490315959e-01 -1.731716846685915070e-03 9.993346333503723145e-01 -3.269263729453086853e-02 -1.617280580103397369e-02 1.419146895408630371e+00 3.266266360878944397e-02 9.994642138481140137e-01 -2.112665213644504547e-03 9.915959089994430542e-02 1.623320765793323517e-02 1.583012286573648453e-03 9.998670220375061035e-01 2.394630573689937592e-02 5.503642559051513672e+02
5.900000000000000000e+06 9.993157477690730595e-01 -3.487647093994938885e-02 1.231535770951274616e-02 1.342787149666569535e+00 3.483460683604922004e-02 9.993866152103616507e-01 3.597708291992512443e-03 7.579541349927210181e-02 -1.243327902511086845e-02 -3.166245908211308066e-03 9.999176908423674792e-01 8.076206892987072145e-03 9.992200136184692383e-01 -3.934056311845779419e-02 -3.435686929151415825e-03 1.297044873237609863e+00 3.933937102556228638e-02 9.992257952690124512e-01 -4.145739949308335781e-04 1.152704060077667236e-01 3.449341282248497009e-03 2.790899598039686680e-04 9.999939799308776855e-01 -1.580127701163291931e-02 5.664501190185546875e+02
