0.000000000000000000e+00 9.988595674884123143e-01 -4.760827565237022579e-02 3.607842328857609974e-03 1.589885668482491798e+00 4.760500722633981968e-02 9.988657517965897625e-01 9.864962310173455620e-04 6.113579270549562156e-02 -3.650715524674213053e-03 -8.136198385061734753e-04 9.999930051249940055e-01 -6.034165544885537052e-03 9.989378452301025391e-01 -5.857249489054083824e-04 4.607510939240455627e-02 1.572598457336425781e+00 4.151240282226353884e-04 9.999930262565612793e-01 3.712135134264826775e-03 -4.627818465232849121e-01 -4.607695713639259338e-02 -3.689065575599670410e-03 9.989310503005981445e-01 -5.486693978309631348e-01 4.324240684509277344e+02
1.000000000000000000e+06 9.938402306016157484e-01 -1.108052091139855866e-01 -1.949787407235446454e-03 3.779287211141792557e+00 1.108023869304446962e-01 9.938413248348691997e-01 -1.500700165924535607e-03 3.932516654969557823e-01 2.104064695655881966e-03 1.275415100237712891e-03 9.999969731094582315e-01 -3.830708432004070914e-03 9.935731291770935059e-01 9.487736970186233521e-04 1.131876856088638306e-01 3.813830375671386719e+00 -6.927350768819451332e-04 9.999971389770507812e-01 -2.301379572600126266e-03 -7.684413194656372070e-01 -1.131895408034324646e-01 2.208179794251918793e-03 9.935709238052368164e-01 -1.153706908226013184e+00 8.850049972534179688e+02
2.000000000000000000e+06 9.928853229191546559e-01 -1.190743632038955557e-01 -1.776494098841537104e-04 6.144745043303320386e+00 1.190744088896531078e-01 9.928852956275836528e-01 2.736313314609880340e-04 5.711657114105308519e-01 1.438030103045425030e-04 -2.928380313699925587e-04 9.999999467832894062e-01 -6.329576309795221546e-03 9.920935630798339844e-01 -1.893825974548235536e-04 1.255010515451431274e-01 6.436212062835693359e+00 2.308546536369249225e-04 9.999999403953552246e-01 -3.159077605232596397e-04 -5.934813618659973145e-01 -1.255009621381759644e-01 3.423824673518538475e-04 9.920934438705444336e-01 -1.189430117607116699e+00 6.722054481506347656e+02
3.000000000000000000e+06 9.828294228298559698e-01 -1.845159722313021444e-01 4.261589719227193299e-04 3.858337950870502908e+00 1.845160233498340518e-01 9.828295020709771901e-01 -8.358276372766293948e-05 -1.102034226488776802e+00 -4.034192552668969430e-04 1.607807582470169479e-04 9.999999057012215475e-01 -5.953518566394166468e-03 9.974149465560913086e-01 2.754036104306578636e-04 7.185503095388412476e-02 8.407774925231933594e+00 -2.739772025961428881e-04 9.999998807907104492e-01 -2.970827881654258817e-05 -3.064971417188644409e-02 -7.185503095388412476e-02 9.944923476723488420e-06 9.974150061607360840e-01 -4.988965690135955811e-01 2.780112981796264648e+03
4.000000000000000000e+06 9.949501521044132879e-01 -1.003690621643256869e-01 4.961730126968519599e-04 2.113513536134190129e+00 1.003692594631420548e-01 9.949501794434789659e-01 -3.901028190052031473e-04 -1.572404763745150202e-01 -4.545131739265324410e-04 4.379333769555664754e-04 9.999998008160461138e-01 -4.007718047823439177e-03 9.997159838676452637e-01 5.075128283351659775e-04 2.382613718509674072e-02 8.828862190246582031e+00 -5.056177615188062191e-04 9.999999403953552246e-01 -8.556125249015167356e-05 2.829135954380035400e-01 -2.382617630064487457e-02 7.348945655394345522e-05 9.997161030769348145e-01 1.084396094083786011e-01 3.204230546951293945e+03
5.000000000000000000e+06 9.999988025803382419e-01 -1.514875165002742751e-03 3.162137319225683191e-04 7.720211833611792862e+00 1.514974222913948029e-03 9.999988033604203519e-01 -3.132584099427180788e-04 3.319996687508579986e-02 -3.157388061432506014e-04 3.137370904937328633e-04 9.999999009390172500e-01 -1.487832860491394155e-02 9.999998211860656738e-01 -4.065636312589049339e-05 6.077716825529932976e-04 8.638327598571777344e+00 4.065362372784875333e-05 1.000000000000000000e+00 4.508313850237755105e-06 3.212577104568481445e-01 -6.077711586840450764e-04 -4.482308213482610881e-06 9.999998211860656738e-01 3.121312856674194336e-01 1.261017799377441406e+03
6.000000000000000000e+06 9.999973832362211157e-01 2.287685436190494553e-03 -4.006897888676665487e-06 5.356385908968158915e+00 -2.287687371171727956e-03 9.999972159557724005e-01 -5.784178386909619640e-04 -6.659538605863478747e-03 2.683648667689631417e-06 5.784254916378101397e-04 9.999998327083603478e-01 -1.349007029152214654e-02 9.999549984931945801e-01 1.604723729542456567e-05 -9.492843411862850189e-03 8.550990104675292969e+00 -1.603597957000602037e-05 1.000000000000000000e+00 1.265360424440586939e-06 2.719955444335937500e-01 9.492839686572551727e-03 -1.113812800213054288e-06 9.999549984931945801e-01 3.149231374263763428e-01 1.027719259262084961e+03
7.000000000000000000e+06 9.999613211076100461e-01 8.754989001967989487e-03 8.405095469749329293e-04 4.286704262500646401e+00 -8.754921449979947978e-03 9.999616714113148674e-01 -8.401603591733754824e-05 2.747764101893136052e-03 -8.412128909006662096e-04 7.665419120840150362e-05 9.999996432424399506e-01 -1.294623705608398401e-02 9.996827840805053711e-01 -6.201925221830606461e-03 -2.441212162375450134e-02 8.360537528991699219e+00 4.768369719386100769e-03 9.982848167419433594e-01 -5.834934115409851074e-02 6.793304532766342163e-02 2.473212964832782745e-02 5.821442604064941406e-02 9.979976415634155273e-01 4.919719398021697998e-01 8.251991271972656250e+02
8.000000000000000000e+06 9.982509739318895514e-01 1.106543612331638803e-02 -5.807365295411365952e-02 1.050183244088337631e+00 -1.095842738027059254e-02 9.999376199790744879e-01 2.160791506634080622e-03 1.245374484794227465e-01 5.809394041881962845e-02 -1.520616317356534523e-03 9.983099627934352016e-01 1.577072989845981210e-01 9.903966188430786133e-01 -7.575516356155276299e-04 -1.382530182600021362e-01 8.395058631896972656e+00 7.032149005681276321e-04 9.999996423721313477e-01 -4.418703902047127485e-04 -5.886808633804321289e-01 1.382533460855484009e-01 3.404059971217066050e-04 9.903969168663024902e-01 5.566191077232360840e-01 3.851444721221923828e+02
9.000000000000000000e+06 9.989546287168288297e-01 4.558794777176449625e-02 3.374727126978476020e-03 5.617022260911834763e+00 -4.559146464929243747e-02 9.989596950899709560e-01 9.725928667601353326e-04 -8.293947428151333956e-02 -3.326877868965220746e-03 -1.125434898617654490e-03 9.999938326209486528e-01 -1.838043659476595870e-02 9.719302058219909668e-01 -6.318497471511363983e-04 -2.352685332298278809e-01 8.114486694335937500e+00 3.151243319734930992e-03 9.999417066574096680e-01 1.033275853842496872e-02 -2.510388851165771484e+00 2.352482825517654419e-01 -1.078411750495433807e-02 9.718754887580871582e-01 -5.315758585929870605e-01 2.817184925079345703e+02
1.000000000000000000e+07 9.759220904718779455e-01 2.180826673443600483e-01 4.002940540254863386e-03 8.050965500583050272e+00 -2.180891069237652358e-01 9.759280675610418898e-01 1.244342302092183144e-03 -1.189697957676683071e+00 -3.635212537682997163e-03 -2.087378868213510177e-03 9.999912140010362993e-01 -2.535399610583144100e-02 9.787724018096923828e-01 -8.040152490139007568e-03 -2.047921270132064819e-01 6.878951072692871094e+00 8.401611819863319397e-03 9.999642968177795410e-01 8.955432567745447159e-04 -4.127103328704833984e+00 2.047775685787200928e-01 -2.597108716145157814e-03 9.788051247596740723e-01 -2.122253656387329102e+00 4.664330482482910156e+02
1.100000000000000000e+07 9.847884333996551609e-01 1.737496934073126664e-01 1.668976667824088097e-03 6.859922520469139862e+00 -1.737495977055787399e-01 9.847898435587963961e-01 -2.032746686068867938e-04 -6.087014802840434724e-01 -1.678910182957684630e-03 -8.980148216722251987e-05 9.999985865971467991e-01 -5.899784703300563551e-03 9.749886989593505859e-01 -4.360883031040430069e-03 -2.222119569778442383e-01 5.350905895233154297e+00 -5.296258255839347839e-03 9.990676641464233398e-01 -4.284468293190002441e-02 -5.694717884063720703e+00 2.221916764974594116e-01 4.294997081160545349e-02 9.740564823150634766e-01 -2.701567649841308594e+00 3.420975208282470703e+02
1.200000000000000000e+07 9.670917703898066486e-01 -2.544251327676867458e-01 -1.165959027811869393e-03 3.249105138449223329e+00 2.543843476017013105e-01 9.670011317141435914e-01 -1.405044336746974834e-02 1.757524000687874288e+00 4.702269618639755115e-03 1.329146642438779925e-02 9.999006078509617979e-01 2.491059482357589894e-01 9.851278662681579590e-01 -5.015816539525985718e-02 -1.643386036157608032e-01 4.370875358581542969e+00 4.162608087062835693e-02 9.976205825805664062e-01 -5.495846271514892578e-02 -6.777201175689697266e+00 1.667041182518005371e-01 4.730039462447166443e-02 9.848718047142028809e-01 -2.608761548995971680e+00 4.154965877532958984e+02
1.300000000000000000e+07 9.840578586235566583e-01 1.712043459672373258e-01 -4.815810215478449202e-02 7.234017027896749497e+00 -1.721044563290939911e-01 9.849617464084681195e-01 -1.517940129410532552e-02 -9.238125324570275465e-01 4.483510893136240932e-02 2.322563312185508752e-02 9.987243778807053385e-01 2.463977060112826356e-01 9.840053915977478027e-01 -1.684554852545261383e-02 -1.773402690887451172e-01 2.940590381622314453e+00 2.158173173666000366e-02 9.994591474533081055e-01 2.481155656278133392e-02 -7.771524429321289062e+00 1.768264323472976685e-01 -2.824210375547409058e-02 9.838367700576782227e-01 -1.683874011039733887e+00 4.057765007019042969e+02
1.400000000000000000e+07 9.815309563454041042e-01 1.882733657588278597e-01 -3.391344101560489488e-02 9.680906259471523612e+00 -1.858374416037354149e-01 9.804582106130850239e-01 6.454566243804006620e-02 -9.622665874186653312e-01 4.540294080623534512e-02 -5.705117866643789892e-02 9.973383257345099784e-01 2.802465959875953261e-01 9.904728531837463379e-01 -1.919047161936759949e-02 -1.363644599914550781e-01 1.811619281768798828e+00 1.699238643050193787e-02 9.997066259384155273e-01 -1.726517453789710999e-02 -7.897638797760009766e+00 1.366557180881500244e-01 1.478352677077054977e-02 9.905083179473876953e-01 -1.184328675270080566e+00 7.659263610839843750e+02
1.500000000000000000e+07 9.898805389263916066e-01 1.406081792859786017e-01 1.912742985030929307e-02 7.210354812382320233e+00 -1.411475095027513449e-01 9.895157706337966985e-01 3.059281334192717750e-02 -4.608629444332674741e-01 -1.462529370532851362e-02 -3.298301964474111697e-02 9.993488986330787416e-01 -1.135353778501125566e-01 9.981130361557006836e-01 -5.826757755130529404e-03 -6.112629920244216919e-02 1.477759242057800293e+00 5.826612934470176697e-03 9.999829530715942383e-01 -1.804254279704764485e-04 -8.307816505432128906e+00 6.112641841173171997e-02 -1.760135783115401864e-04 9.981300234794616699e-01 -6.057074666023254395e-01 2.368392944335937500e+02
1.600000000000000000e+07 9.954427745542646644e-01 9.532145624030100017e-02 -2.739081586203149371e-03 7.329464978152357091e+00 -9.531663661943659549e-02 9.954453046905562541e-01 1.839606774303589919e-03 -4.660215927201690200e-01 2.901959900786426315e-03 -1.570143227278470973e-03 9.999945566246749573e-01 3.399607259804427600e-02 9.999298453330993652e-01 -1.459944644011557102e-03 -1.175001263618469238e-02 1.402799606323242188e+00 1.459937542676925659e-03 9.999989271163940430e-01 -9.133184903475921601e-06 -8.219105720520019531e+00 1.175001822412014008e-02 -8.031636753003112972e-06 9.999309182167053223e-01 -4.765228629112243652e-01 1.766185760498046875e+02
1.700000000000000000e+07 9.989778842480314669e-01 4.451247939763825628e-02 -7.862948632757481640e-03 9.824617163300606748e+00 -4.450354339966720169e-02 9.990083703588334973e-01 1.307890615350160938e-03 -3.783518835604233188e-01 7.913368953896408528e-03 -9.566247240230834519e-04 9.999682312258409977e-01 4.219062582119702254e-02 9.999806880950927734e-01 5.689742974936962128e-03 -2.536667743697762489e-03 1.370103001594543457e+00 -5.607295781373977661e-03 9.994910955429077148e-01 3.140333667397499084e-02 -8.385302543640136719e+00 2.713947091251611710e-03 -3.138850629329681396e-02 9.995036125183105469e-01 -3.684110641479492188e-01 3.445587158203125000e+02
1.800000000000000000e+07 9.999639786449585621e-01 7.513959082955261326e-03 3.947382860155208492e-03 7.560757994817191907e+00 -7.485289389161591846e-03 9.999458602316515510e-01 -7.228211974121236810e-03 -4.379357628873714603e-02 -4.001481638778050728e-03 7.198404301093323278e-03 9.999660849849921762e-01 -2.501520959006830330e-02 9.999384284019470215e-01 6.073805503547191620e-03 9.281900711357593536e-03 1.415103435516357422e+00 -6.279753055423498154e-03 9.997310638427734375e-01 2.232325822114944458e-02 -8.237361907958984375e+00 -9.143768809735774994e-03 -2.238018251955509186e-02 9.997076988220214844e-01 -6.704520583152770996e-01 1.979990005493164062e+02
1.900000000000000000e+07 9.999988218007961338e-01 -1.535038378344322739e-03 -7.361829366556862735e-06 7.168193469290278230e+00 1.534271546260799861e-03 9.996295849900089792e-01 -2.717239083195763585e-02 -1.156095133560075400e-01 4.906976519288489935e-05 2.717234752242306609e-02 9.996307623929341357e-01 -1.497753828104353424e-02 9.997615218162536621e-01 -4.937098361551761627e-03 2.127470448613166809e-02 1.269533514976501465e+00 4.325927235186100006e-03 9.995793104171752930e-01 2.867795340716838837e-02 -8.554980278015136719e+00 -2.140739187598228455e-02 -2.857908047735691071e-02 9.993622303009033203e-01 -1.266220569610595703e+00 2.294733524322509766e+02
2.000000000000000000e+07 9.993369471474297105e-01 -1.408290023198704478e-02 3.357585422757345534e-02 9.825777977768245464e+00 1.473286813860993742e-02 9.997073000354106398e-01 -1.919001960185799313e-02 -4.051899540654652770e-02 -3.329577544472714368e-02 1.967196423759612692e-02 9.992519227705138896e-01 -7.806867727694503933e-02 9.997679591178894043e-01 -3.329129656776785851e-03 2.128413133323192596e-02 1.084367752075195312e+00 3.578543430194258690e-03 9.999252557754516602e-01 -1.169067993760108948e-02 -8.285146713256835938e+00 -2.124354429543018341e-02 1.176413055509328842e-02 9.997051358222961426e-01 -1.662446618080139160e+00 2.258932590484619141e+02
2.100000000000000000e+07 9.992357329634512508e-01 -2.350292236518152639e-02 3.123399765144820039e-02 8.823057831243371396e+00 2.213071757387192334e-02 9.988049959461217098e-01 4.357535327146950382e-02 2.464839333217214157e-01 -3.222082104261060620e-02 -4.285081928463097684e-02 9.985617787488043628e-01 -2.296944943534984795e-01 9.993067979812622070e-01 -3.058417933061718941e-03 -3.710184991359710693e-02 9.923141002655029297e-01 3.098474116995930672e-03 9.999946951866149902e-01 1.022243872284889221e-03 -8.303777694702148438e+00 3.709859028458595276e-02 -1.136489678174257278e-03 9.993109703063964844e-01 -1.486602067947387695e+00 1.677291393280029297e+02
2.200000000000000000e+07 9.999412283359205844e-01 -1.070194847819322913e-02 1.734408492946284052e-03 7.627401475926038010e+00 1.069703604962916714e-02 9.999388162855968876e-01 2.817286835276561468e-03 1.297803930456859108e-02 -1.764452833951815061e-03 -2.798568228467233823e-03 9.999945273460587591e-01 -2.372364347122422543e-02 9.876176118850708008e-01 -1.953014871105551720e-03 -1.568681299686431885e-01 1.415356099605560303e-01 9.283680468797683716e-03 9.988977313041687012e-01 4.601231589913368225e-02 -8.811591148376464844e+00 1.566052734851837158e-01 -4.689889028668403625e-02 9.865471720695495605e-01 -5.969791412353515625e-01 1.130375862121582031e+02
2.300000000000000000e+07 9.924525645798087936e-01 1.015063995120965151e-01 6.880667058542438985e-02 9.585946201247024234e+00 -1.025710918555138434e-01 9.946519307528370879e-01 1.211229809827149215e-02 -3.907097395661483508e-01 -6.720921197669403602e-02 -1.907845663947433171e-02 9.975564817681892293e-01 -1.676829978283169431e-01 9.964281320571899414e-01 -1.979666849365457892e-04 -8.444591611623764038e-02 -8.579935878515243530e-02 1.047863261192105711e-04 9.999992847442626953e-01 -1.107863849028944969e-03 -8.610786437988281250e+00 8.444608747959136963e-02 1.095057348720729351e-03 9.964274168014526367e-01 2.355320565402507782e-02 1.314845085144042969e+02
2.400000000000000000e+07 9.925268649649432451e-01 1.217968802204099088e-01 -7.479457964080915046e-03 7.101965134351214459e+00 -1.218018599521240725e-01 9.925544125507245186e-01 -2.122222637626387668e-04 -5.855390931115326270e-01 7.397920996096568613e-03 1.121648189586877927e-03 9.999720059433034880e-01 5.509864383072618499e-02 9.996212124824523926e-01 -4.755335248773917556e-05 -2.752011269330978394e-02 -1.773094944655895233e-02 3.500853563309647143e-05 9.999999403953552246e-01 -4.563229449559003115e-04 -8.952512741088867188e+00 2.752013877034187317e-02 4.551876627374440432e-04 9.996212124824523926e-01 4.246769845485687256e-01 1.427147388458251953e+02
2.500000000000000000e+07 9.977319368851156334e-01 6.731254971215182292e-02 -5.263767345289031450e-05 8.598676691951878226e+00 -6.731252977754877131e-02 9.977318892706809050e-01 3.169657777619589475e-04 -3.970542699922617325e-01 7.385406005361813979e-05 -3.127037044110178013e-04 9.999999483809841605e-01 -1.971381132426634764e-02 9.999989271163940430e-01 -8.252519364759791642e-06 -1.511339680291712284e-03 2.228734083473682404e-02 8.404274922213517129e-06 1.000000000000000000e+00 1.003918805508874357e-04 -8.794437408447265625e+00 1.511331414803862572e-03 -1.004050282062962651e-04 9.999988675117492676e-01 4.784493744373321533e-01 1.230640411376953125e+02
2.600000000000000000e+07 9.998439858503765931e-01 1.766178018868396968e-02 2.558894262540180602e-04 9.018228929597823296e+00 -1.766187230953051440e-02 9.998439513161585523e-01 3.623299778835963026e-04 -1.371466526902116179e-01 -2.494501026206914231e-04 -3.667929356520712911e-04 9.999999016187894885e-01 -1.967907072582938260e-02 9.999684095382690430e-01 1.986337520065717399e-05 7.947434671223163605e-03 3.085850924253463745e-02 -1.936931403179187328e-05 9.999999403953552246e-01 -6.224271783139556646e-05 -8.814928054809570312e+00 -7.947440259158611298e-03 6.208749255165457726e-05 9.999683499336242676e-01 4.435817003250122070e-01 2.721624374389648438e+02
2.700000000000000000e+07 9.997915584825514124e-01 -2.039693472144135308e-02 -8.970178372561946663e-04 -2.592034079650886724e+00 2.039979648441879109e-02 9.997864361397780231e-01 3.306117710498187971e-03 1.876125362277462905e-02 8.293915995417496488e-04 -3.323727559628667470e-03 9.999941324551279154e-01 2.451265925918473879e-02 9.997653365135192871e-01 4.657704630517400801e-05 2.166399359703063965e-02 3.370867669582366943e-02 -4.642908970708958805e-05 1.000000000000000000e+00 -7.333525445574196056e-06 -8.838628768920898438e+00 -2.166399359703063965e-02 6.325895355985267088e-06 9.997653365135192871e-01 2.877322137355804443e-01 5.343623161315917969e+02
2.800000000000000000e+07 9.998705460276204882e-01 -1.607860549745744952e-02 6.079734247678725018e-04 8.686157997395476116e+00 1.607935771568829580e-02 9.998699332891414215e-01 -1.253299572723650442e-03 5.873452169862790340e-02 -5.877430382642677854e-04 1.262913150293854458e-03 9.999990298037773062e-01 -2.062853655831214592e-02 9.996240139007568359e-01 3.467333954176865518e-05 2.741911634802818298e-02 2.371865697205066681e-02 -5.664254786097444594e-05 9.999996423721313477e-01 8.004606352187693119e-04 -8.905088424682617188e+00 -2.741907723248004913e-02 -8.017133222892880440e-04 9.996235966682434082e-01 5.597666278481483459e-02 1.810276508331298828e+02
2.900000000000000000e+07 9.987158590128064617e-01 -5.056626202337836246e-02 -3.112250198017837803e-03 5.775859374106449451e+00 5.055606238389182688e-02 9.987158612348692177e-01 -3.273083275665312174e-03 -1.058878495232166983e-01 3.273761223433407225e-03 3.111537060111262912e-03 9.999898003602714081e-01 -1.816865937475741974e-02 9.998563528060913086e-01 4.484498276724480093e-05 1.695067994296550751e-02 1.506408955901861191e-02 -1.845637962105683982e-05 9.999987483024597168e-01 -1.556940842419862747e-03 -7.564334392547607422e+00 -1.695072092115879059e-02 1.556404051370918751e-03 9.998551607131958008e-01 -1.010517030954360962e-01 1.925980091094970703e+03
3.000000000000000000e+07 9.885639621216799622e-01 -1.508009309078077731e-01 -6.099439517693307179e-04 8.785336538841304943e+00 1.508020677632604112e-01 9.885598218065015930e-01 2.866194030903809319e-03 4.753003896259767602e-01 1.707413562503464941e-04 -2.925396936546287817e-03 9.999957064408591112e-01 -1.386953405018227954e-02 9.851722717285156250e-01 4.172171466052532196e-04 1.715674400329589844e-01 1.835201680660247803e-01 -5.336349713616073132e-04 9.999997019767761230e-01 6.324342102743685246e-04 -3.604959726333618164e+00 -1.715671867132186890e-01 -7.146107964217662811e-04 9.851721525192260742e-01 -5.361214876174926758e-01 1.248964786529541016e+03
3.100000000000000000e+07 9.964544876667089657e-01 -8.413354817593621249e-02 -8.955668427652459739e-06 8.224944800829289138e-01 8.413350335507928379e-02 9.964540559880959991e-01 -9.316212069970428687e-04 1.787443336459740573e-01 8.730450982942837914e-05 9.275646607579745651e-04 9.999995660007672260e-01 -3.237964368493851611e-03 9.986621737480163574e-01 1.269971980946138501e-04 5.170926451683044434e-02 9.060639142990112305e-02 -1.589848980074748397e-04 9.999998211860656738e-01 6.144971703179180622e-04 -5.061853528022766113e-01 -5.170908942818641663e-02 -6.218954222276806831e-04 9.986619949340820312e-01 -1.979684680700302124e-01 3.032147884368896484e+02
3.200000000000000000e+07 9.999653131859397304e-01 8.326228527991154024e-03 -2.152752772472960724e-04 -5.612484530619936685e-01 -8.326321080482795151e-03 9.999652419849933693e-01 -4.326651802814635776e-04 -9.512582723945350177e-03 2.116653255388510168e-04 4.344426235838557749e-04 9.999998832286914885e-01 -2.463723919591445655e-03 9.999383091926574707e-01 3.484223998384550214e-05 -1.111005339771509171e-02 -5.343882739543914795e-02 -3.664852920337580144e-05 1.000000000000000000e+00 -1.623738789930939674e-04 6.269580125808715820e-01 1.111002359539270401e-02 1.627710589673370123e-04 9.999382495880126953e-01 1.672051101922988892e-01 3.499276638031005859e+02
3.300000000000000000e+07 9.964049896480547952e-01 8.471473122150847967e-02 7.147856512702311120e-04 -3.471455333935599796e+00 -8.471587004816268085e-02 9.964036107890318350e-01 1.750933625911580901e-03 9.267232035169689630e-02 -5.638851323600472653e-04 -1.805192689746160312e-03 9.999982116548560285e-01 1.470301405353620708e-02 9.968757629394531250e-01 -3.199493803549557924e-04 -7.898413389921188354e-02 -2.522347271442413330e-01 2.949651388917118311e-04 9.999998211860656738e-01 -3.279859374742954969e-04 3.483750343322753906e+00 7.898416370153427124e-02 3.036639536730945110e-04 9.968758225440979004e-01 7.120231389999389648e-01 3.339917659759521484e+02
3.400000000000000000e+07 9.999547845134291180e-01 -9.821550432027605602e-04 -9.458556981523277493e-03 -4.253721210523162988e+00 6.532545625091990818e-04 9.993970977407561351e-01 -3.471331568476814650e-02 -1.025127241774807102e-01 9.486948254216013079e-03 3.470556725980603052e-02 9.993525511119671911e-01 -2.314418456352909312e-02 9.999809265136718750e-01 6.029396783560514450e-03 1.356674358248710632e-03 -1.558652371168136597e-01 -6.066698580980300903e-03 9.995489120483398438e-01 2.941679209470748901e-02 4.279673099517822266e+00 -1.178603037260472775e-03 -2.942446433007717133e-02 9.995663166046142578e-01 7.668839693069458008e-01 3.145418167114257812e+02
3.500000000000000000e+07 9.999965044466864184e-01 2.604374915200588069e-03 -4.564271130419177581e-04 -3.763453721206837521e+00 -2.619691422747952043e-03 9.992898281232027724e-01 -3.758958135373947212e-02 -9.054343616822642382e-02 3.582056085918567637e-04 3.759064565554695592e-02 9.992931577109598340e-01 1.072265628023963933e-02 9.999845623970031738e-01 5.436633247882127762e-03 -1.198678743094205856e-03 -1.665464341640472412e-01 -5.393366795033216476e-03 9.994225502014160156e-01 3.354749083518981934e-02 3.619574546813964844e+00 1.380291883833706379e-03 -3.354050591588020325e-02 9.994364380836486816e-01 7.636678814888000488e-01 1.574437618255615234e+02
3.600000000000000000e+07 9.999998840514617848e-01 -4.780570622000876848e-04 5.795263944197012799e-05 -2.676950961309982890e-01 4.782334201140258701e-04 9.999951353138550880e-01 -3.082311051907040203e-03 -1.578335982291518072e-02 -5.647883695430642136e-05 3.082338409406543828e-03 9.999952479887446177e-01 4.989350286603504853e-03 9.999999403953552246e-01 3.431272343732416630e-04 2.712142304517328739e-04 -8.483893238008022308e-03 -3.438172861933708191e-04 9.999967217445373535e-01 2.554668113589286804e-03 1.429932266473770142e-01 -2.702718484215438366e-04 -2.554765203967690468e-03 9.999967217445373535e-01 3.680385276675224304e-02 1.094436645507812500e+02
3.700000000000000000e+07 9.935926777526900011e-01 -1.129922990422954215e-01 -2.516162430298385204e-03 2.262104113828872887e+00 1.130051024690029993e-01 9.928475309103714785e-01 3.851788131698290901e-02 3.855043792365055455e-01 -1.854058307952985603e-03 -3.855542403236588561e-02 9.992547431688654225e-01 -8.824014847310508031e-03 9.920104146003723145e-01 -4.473836161196231842e-03 1.260764747858047485e-01 3.206785321235656738e-01 1.082414202392101288e-02 9.987040758132934570e-01 -4.972871392965316772e-02 -2.241912126541137695e+00 -1.256906986236572266e-01 5.069607496261596680e-02 9.907733201980590820e-01 -9.023452997207641602e-01 2.480316162109375000e+02
3.800000000000000000e+07 9.685147049161857424e-01 -2.484078298689430808e-01 1.651715535180675251e-02 4.739904593917215081e+00 2.477685302641878806e-01 9.682432279229760130e-01 3.340369728069293720e-02 1.396192867968562235e+00 -2.429036376503467681e-02 -2.825954070925749614e-02 9.993054470916608034e-01 -1.048143738338675052e-01 9.720620512962341309e-01 -8.111643604934215546e-03 2.345836162567138672e-01 1.032941937446594238e+00 1.072084624320268631e-02 9.998940229415893555e-01 -9.849563241004943848e-03 -4.206350803375244141e+00 -2.344788014888763428e-01 1.208932604640722275e-02 9.720460176467895508e-01 -2.607442617416381836e+00 4.037327766418457031e+02
3.900000000000000000e+07 9.247204574937017973e-01 3.806439949407384726e-01 -1.491512049568419641e-03 7.509205803193646389e+00 -3.806460277186117791e-01 9.247196683496272662e-01 -1.461694016283086352e-03 -1.533568451860526594e+00 8.228454780774148956e-04 1.919396496415766212e-03 9.999978194188269276e-01 -1.189834696820033823e-02 9.157657623291015625e-01 1.337277935817837715e-04 -4.017128348350524902e-01 7.553420662879943848e-01 4.134130140300840139e-04 9.999991059303283691e-01 1.275331480428576469e-03 -7.407611370086669922e+00 4.017126262187957764e-01 -1.333978143520653248e-03 9.157648086547851562e-01 -2.097573995590209961e+00 9.712455272674560547e+02
4.000000000000000000e+07 9.819045746905497030e-01 1.893609146108079233e-01 2.418722706085383624e-03 -1.261102145558214538e+00 -1.893763085883010955e-01 9.818337370080901794e-01 1.179519470789391032e-02 -1.532275704374867764e-01 -1.412346954027801020e-04 -1.203980442062395004e-02 9.999275089536611150e-01 9.684764856843292719e-03 9.910464882850646973e-01 -6.572556449100375175e-04 -1.335157752037048340e-01 -1.910521537065505981e-01 2.083832368953153491e-04 9.999942779541015625e-01 -3.375888802111148834e-03 -8.600005149841308594e+00 1.335172504186630249e-01 3.317839931696653366e-03 9.910408854484558105e-01 5.533114075660705566e-01 1.115889072418212891e+03
4.100000000000000000e+07 9.982841226770781118e-01 -5.854925012940504631e-02 8.920314685104314576e-04 7.809650244046968837e+00 5.854982307947032005e-02 9.982842886349049261e-01 -6.303031527159105819e-04 4.708717375552388118e-01 -8.535972230361693874e-04 6.814499144922050392e-04 9.999994034987195191e-01 -1.348338265644544003e-02 9.985552430152893066e-01 9.887647320283576846e-05 5.373350530862808228e-02 4.736088961362838745e-02 -1.235511590493842959e-04 9.999998807907104492e-01 4.558832733891904354e-04 -7.988320350646972656e+00 -5.373345315456390381e-02 -4.618633538484573364e-04 9.985552430152893066e-01 -2.115758359432220459e-01 6.809422969818115234e+02
4.200000000000000000e+07 9.996394217745969701e-01 -2.684725007012076642e-02 -5.015952768403050994e-04 6.516063906087157243e+00 2.684777512191603363e-02 9.996389596609391859e-01 1.071120440654899997e-03 1.149054235405151808e-01 4.726575423860032688e-04 -1.084200935142039550e-03 9.999993005513453381e-01 -1.114531870508892950e-02 9.996398091316223145e-01 6.988003588048741221e-05 2.683709375560283661e-02 3.395527601242065430e-02 -4.766311758430674672e-05 9.999997019767761230e-01 -8.284834329970180988e-04 -6.184807300567626953e+00 -2.683714032173156738e-02 8.269065292552113533e-04 9.996395111083984375e-01 -2.624447643756866455e-01 4.354391098022460938e+02
4.300000000000000000e+07 9.999999356700371989e-01 -1.849937020291467519e-04 3.073064457783856963e-04 1.452951415338363139e+00 1.848718282319803123e-04 9.999999042780072234e-01 3.965682584033695859e-04 -9.370331497353556098e-04 -3.073797789926296107e-04 -3.965114205876897288e-04 9.999998741481743725e-01 -3.005410565529435373e-03 1.000000000000000000e+00 9.885263352771289647e-06 -1.639962283661589026e-05 3.692526370286941528e-03 -9.870857866189908236e-06 9.999995827674865723e-01 8.781459182500839233e-04 -1.409235119819641113e+00 1.639422407606616616e-05 -8.781459764577448368e-04 9.999996423721313477e-01 -6.940123438835144043e-02 2.246847152709960938e+02
4.400000000000000000e+07 9.999999189658679288e-01 7.252859613686064052e-05 3.959897224770285809e-04 8.271133623416616620e-01 -7.246779434198800192e-05 9.999999855844774466e-01 -1.535560602923519537e-04 -2.067528133898909385e-04 -3.960008539741111284e-04 1.535273513472998688e-04 9.999999098063339087e-01 -1.040281984723085296e-03 1.000000000000000000e+00 -2.167550761100756063e-08 -3.808254041359759867e-05 2.231142017990350723e-03 2.188472691955212213e-08 1.000000000000000000e+00 5.549075467570219189e-06 -8.180831670761108398e-01 3.808259134530089796e-05 -5.548757599171949551e-06 1.000000000000000000e+00 -4.131886735558509827e-02 1.633503437042236328e+02
4.500000000000000000e+07 9.999998444857324253e-01 2.072145797026117315e-04 5.177746893838147159e-04 8.883530133047239374e-01 -2.066890817996827221e-04 9.999994637670409636e-01 -1.014763644333852672e-03 6.811132179563105611e-04 -5.179846855580190782e-04 1.014656468148499848e-03 9.999993510818481202e-01 -3.142893089071486200e-03 9.999999403953552246e-01 1.987174869100272190e-07 -4.101439117221161723e-05 2.581688575446605682e-03 -1.915176142119889846e-07 1.000000000000000000e+00 1.750494411680847406e-04 -9.377266168594360352e-01 4.101426020497456193e-05 -1.750495139276608825e-04 1.000000000000000000e+00 -4.746223613619804382e-02 1.631221771240234375e+02
4.600000000000000000e+07 9.999999963167599537e-01 -8.358448444076776529e-05 -1.949651337683509978e-05 1.607465445160265904e+00 8.358781344045988554e-05 9.999999819184779426e-01 1.708101899276044048e-04 -1.102987005763481478e-04 1.948223594264613510e-05 -1.708118189693923444e-04 9.999999852218823815e-01 -3.945396273885979320e-03 1.000000000000000000e+00 -4.246946900821058080e-07 -3.396228203200735152e-05 4.246709868311882019e-03 4.194112364075408550e-07 9.999998807907104492e-01 -1.564951817272230983e-04 -1.567911982536315918e+00 3.396697502466849983e-05 1.564948906889185309e-04 1.000000000000000000e+00 -7.937322556972503662e-02 2.172539234161376953e+02
4.700000000000000000e+07 9.999999579307407016e-01 1.066611426294520731e-04 -2.697441704430947893e-04 1.286695504703721182e+00 -1.067061526865234635e-04 9.999999803869142889e-01 -1.668531331104263372e-04 1.158358268308937525e-03 2.697263684067503905e-04 1.668819094536762304e-04 9.999999496990560344e-01 -1.634120150972447841e-03 1.000000000000000000e+00 5.210839617575402372e-07 1.331844123342307284e-05 3.607035614550113678e-03 -5.213256031311175320e-07 1.000000119209289551e+00 1.548593172628898174e-05 -1.312525272369384766e+00 -1.331735165877034888e-05 -1.548612090118695050e-05 9.999999403953552246e-01 -6.627640128135681152e-02 1.703696250915527344e+02
4.800000000000000000e+07 9.999800464052619464e-01 6.303169113213404756e-03 4.205359202498628419e-04 1.121200201093949689e+00 -6.302658187789781166e-03 9.999794115445198583e-01 -1.205399039164460747e-03 -1.060088169011494559e-02 -4.281250960575495672e-04 1.202724492959513121e-03 9.999991850810160399e-01 -2.380333405347743320e-03 9.999495148658752441e-01 1.337299545411951840e-05 -1.005315128713846207e-02 -8.005380630493164062e-03 -4.026525857625529170e-06 9.999995827674865723e-01 9.297274518758058548e-04 -1.127053022384643555e+00 1.005315408110618591e-02 -9.296392672695219517e-04 9.999490976333618164e-01 -3.897150978446006775e-02 1.472535133361816406e+02
4.900000000000000000e+07 9.738959003349784149e-01 2.269949669248060853e-01 2.455636944119959702e-04 2.487200715325062372e+00 -2.269950789816013725e-01 9.738957041210085652e-01 6.257897263343294549e-04 -6.594180248378903597e-01 -9.710230884478241007e-05 -6.651957991568163957e-04 9.999997740428197002e-01 -2.502958883697431209e-03 9.716159105300903320e-01 -4.302388988435268402e-04 -2.365634292364120483e-01 -2.617078721523284912e-01 3.324355348013341427e-04 9.999998211860656738e-01 -4.533208848442882299e-04 -2.637276887893676758e+00 2.365635931491851807e-01 3.618115733843296766e-04 9.716159105300903320e-01 5.696747899055480957e-01 3.906829357147216797e+02
5.000000000000000000e+07 9.940655045079398455e-01 1.087820437508864729e-01 -4.895965228834673385e-04 3.550905196198067326e+00 -1.087821736481572321e-01 9.940655801932051228e-01 -2.469241354753335706e-04 -4.588617368464947832e-01 4.598301394723022448e-04 2.987181392763177011e-04 9.999998496618467403e-01 -3.850324010174224765e-03 9.952499866485595703e-01 -1.195567674585618079e-04 -9.735168516635894775e-02 1.933660954236984253e-01 1.023782824631780386e-04 9.999999403953552246e-01 -1.814522838685661554e-04 -4.687318801879882812e+00 9.735167026519775391e-02 1.706238981569185853e-04 9.952499866485595703e-01 1.465984344482421875e+00 1.317999362945556641e+02
5.100000000000000000e+07 9.999999125149159340e-01 2.289927374369492524e-04 -3.500464064135264380e-04 8.654918625602243676e-01 -2.283158927514141476e-04 9.999981068411704088e-01 1.932404183427890478e-03 -8.548947469735366234e-01 3.504882502438792032e-04 -1.932324093213563625e-03 9.999980716389333946e-01 1.360956050227711501e-03 9.981933832168579102e-01 2.773861342575401068e-04 6.008386239409446716e-02 6.343960762023925781e-01 -2.303158980794250965e-04 9.999996423721313477e-01 -7.903288351371884346e-04 -7.267694950103759766e+00 -6.008406728506088257e-02 7.750629447400569916e-04 9.981930255889892578e-01 1.908577084541320801e+00 1.721062660217285156e+02
5.200000000000000000e+07 9.991449071402146442e-01 -4.134545871709136705e-02 8.705886120239066995e-05 4.501486789474451022e+00 4.134543926501912242e-02 9.991448887144624980e-01 2.144941651541017354e-04 1.511930321192702931e-01 -9.585277583810634125e-05 -2.107112658666876698e-04 9.999999732065035785e-01 -8.937073701292578068e-03 9.840536713600158691e-01 -5.060015246272087097e-02 1.705223023891448975e-01 3.406243026256561279e-01 9.376154281198978424e-03 9.721068143844604492e-01 2.343512922525405884e-01 -8.572113037109375000e+00 -1.776240766048431396e-01 -2.290153801441192627e-01 9.570797681808471680e-01 1.523440837860107422e+00 3.118278980255126953e+02
5.300000000000000000e+07 9.866179415202119829e-01 -1.460927662040946984e-01 7.240125090946541997e-02 -2.677135949376043267e-01 1.518853287949187003e-01 9.849688251608929024e-01 -8.226335975408478884e-02 -1.556963496952252779e+00 -5.929489326475834154e-02 9.215919446265934123e-02 9.939772625712897103e-01 -7.892146026687012206e-02 9.966779947280883789e-01 -2.973236376419663429e-03 8.138860017061233521e-02 -1.116734072566032410e-01 3.091453807428479195e-03 9.999942779541015625e-01 -1.326498109847307205e-03 -8.362297058105468750e+00 -8.138419687747955322e-02 1.573704765178263187e-03 9.966815710067749023e-01 -1.690213203430175781e+00 3.035297393798828125e+02
5.400000000000000000e+07 9.917250298456543600e-01 -1.245248994586633795e-01 -3.122522365725970139e-02 7.786505806800633422e+00 1.178115522278620347e-01 9.793933202104526670e-01 -1.640401246305537575e-01 8.829391459503213579e-02 5.100885549880387199e-02 1.590040054273968440e-01 9.859593414125892297e-01 2.260238140566378229e-01 9.998533725738525391e-01 -2.670360263437032700e-03 1.691823452711105347e-02 2.674436271190643311e-01 4.800974857062101364e-03 9.918683171272277832e-01 -1.271778941154479980e-01 -8.416342735290527344e+00 -1.644104532897472382e-02 1.272404342889785767e-01 9.917355775833129883e-01 -2.545214414596557617e+00 2.645604610443115234e+02
5.500000000000000000e+07 9.995555435016335588e-01 -2.716110365067132479e-02 -1.228779490516265088e-02 -7.867543855338393399e+00 2.818106365843706801e-02 9.953319092269433677e-01 9.230502762973916142e-02 5.924025120472493633e-01 9.723327940215223744e-03 -9.261028519082144250e-02 9.956549562828689304e-01 3.931569496357011778e-02 9.997532963752746582e-01 -5.321539938449859619e-03 2.156340889632701874e-02 2.370581775903701782e-01 7.584781851619482040e-03 9.943078160285949707e-01 -1.062753945589065552e-01 -8.373411178588867188e+00 -2.087513171136379242e-02 1.064127236604690552e-01 9.941028952598571777e-01 -1.704219579696655273e+00 1.212717771530151367e+03
5.600000000000000000e+07 9.997261902375824683e-01 -2.052172873804709516e-02 1.124291788865222630e-02 8.917607418838510824e+00 1.838952545402550154e-02 9.861522122629990950e-01 1.648200218491928659e-01 4.813951320115278931e-01 -1.446962012717377399e-02 -1.645681405934778241e-01 9.862595790130408435e-01 -3.061213414885742556e-02 9.958668351173400879e-01 7.153329534048680216e-06 -9.082539379596710205e-02 -7.408040761947631836e-02 1.843298523453995585e-04 9.999977946281433105e-01 2.099868142977356911e-03 -8.257416725158691406e+00 9.082520753145217896e-02 -2.107931068167090416e-03 9.958646893501281738e-01 -2.696819603443145752e-01 4.637365341186523438e+02
5.700000000000000000e+07 9.999772891931451024e-01 7.915476405087377119e-04 6.692873094704526564e-03 7.440739423826538967e+00 -8.420695239688604644e-04 9.999711501060769558e-01 7.549163824314164030e-03 2.476893574035294449e-02 -6.686704483212756178e-03 -7.554628241173476019e-03 9.999491064925714046e-01 -5.788473044159447162e-02 4.873347580432891846e-01 5.643145646899938583e-03 -8.731969594955444336e-01 -1.068932652473449707e+00 8.630657196044921875e-02 9.947714805603027344e-01 5.459688603878021240e-02 -5.946161746978759766e+00 8.689395785331726074e-01 -1.019695997238159180e-01 4.842996895313262939e-01 4.315411567687988281e+00 8.936595916748046875e+01
5.800000000000000000e+07 7.452093685175356086e-01 6.659875904578849148e-01 -3.351904577693506221e-02 7.914623397378152347e+00 -6.654820915253146785e-01 7.395671543952704319e-01 -1.008662976359037955e-01 -3.098306492627092457e+00 -4.238611721765075946e-02 9.747283465552118720e-02 9.943351867310283865e-01 -1.734169996532848868e-01 8.914481401443481445e-01 1.592153459787368774e-01 -4.242293834686279297e-01 6.973581314086914062e+00 -1.431872099637985229e-01 9.872430562973022461e-01 6.963273137807846069e-02 -2.336499214172363281e+00 4.299040138721466064e-01 -1.329753547906875610e-03 9.028736352920532227e-01 4.653379440307617188e+00 3.214304447174072266e+02
5.900000000000000000e+07 7.654204858165101211e-01 6.422887009188666951e-01 3.995878582204679536e-02 5.764140962034631777e+00 -6.435113921039278262e-01 7.634425861957420123e-01 5.521327571537163609e-02 -3.325402804197413076e+00 4.956624343476102347e-03 -6.797530621270871098e-02 9.976746912798810651e-01 2.942512303419849221e-02 9.950854182243347168e-01 -1.501034293323755264e-02 -9.787619113922119141e-02 8.869394302368164062e+00 1.484398450702428818e-02 9.998868107795715332e-01 -2.427825704216957092e-03 7.907281517982482910e-01 9.790156036615371704e-02 9.630147251300513744e-04 9.951956868171691895e-01 1.102624535560607910e+00 2.141287326812744141e+02
