0.000000000000000000e+00 9.979276060915833746e-01 6.434665744713209679e-02 2.599429224147958032e-05 1.765353176613681185e+00 -6.434665867974620479e-02 9.979276051106229506e-01 4.974865813350743445e-05 -1.488545698361363745e-01 -2.273926193971407357e-05 -5.131820516792370552e-05 9.999999984246839002e-01 -3.721745497697008433e-03 9.975789785385131836e-01 -2.491419727448374033e-04 -6.954257935285568237e-02 1.617106795310974121e+00 2.465613652020692825e-04 1.000000000000000000e+00 -4.569588418235071003e-05 -5.715907216072082520e-01 6.954260915517807007e-02 2.843813854269683361e-05 9.975789189338684082e-01 7.011662721633911133e-01 2.663834095001220703e+02
1.000000000000000000e+06 9.891588008435232560e-01 1.454784817798612795e-01 -2.002193928743295839e-02 3.921085371181897372e+00 -1.459199864343497521e-01 9.890357969454572906e-01 -2.270572437654150288e-02 -6.034523603989593310e-01 1.649922036952856941e-02 2.538116820579494268e-02 9.995416809856940699e-01 1.606124319553918489e-02 9.879322052001953125e-01 -2.905835583806037903e-02 -1.521367877721786499e-01 3.675478935241699219e+00 2.715819329023361206e-02 9.995252490043640137e-01 -1.455335691571235657e-02 -7.110769748687744141e-01 1.524873971939086914e-01 1.024596672505140305e-02 9.882523417472839355e-01 1.249396562576293945e+00 4.009287357330322266e+02
2.000000000000000000e+06 9.877429093680637484e-01 1.558014888236533002e-01 9.478453114621594733e-03 6.395675826794427365e+00 -1.554978284072484618e-01 9.874650638325223051e-01 -2.707716881179392243e-02 -8.276735663252120512e-01 -1.357830452387026945e-02 2.527140262362794973e-02 9.995884082239506752e-01 -7.166962645284337408e-02 9.884483218193054199e-01 -2.637242712080478668e-02 -1.492459625005722046e-01 6.108596324920654297e+00 2.980690076947212219e-02 9.993386864662170410e-01 2.082194387912750244e-02 -4.520285427570343018e-01 1.485981941223144531e-01 -2.502997405827045441e-02 9.885808229446411133e-01 1.066000103950500488e+00 5.922572612762451172e+02
3.000000000000000000e+06 9.972784844440691909e-01 7.334570016709243689e-02 7.485501448767900752e-03 8.490521380405532170e+00 -7.352016139800650329e-02 9.969400024616054123e-01 2.655969427281293718e-02 -4.563047655609236419e-01 -5.514556460097641728e-03 -2.703774692634713581e-02 9.996192024507107865e-01 5.406500230738015998e-04 9.971483349800109863e-01 3.459689021110534668e-02 -6.706976145505905151e-02 8.750980377197265625e+00 -3.371875733137130737e-02 9.993308186531066895e-01 1.418138202279806137e-02 -2.529744505882263184e-01 6.751550734043121338e-02 -1.187942922115325928e-02 9.976474642753601074e-01 2.232798635959625244e-01 9.075877666473388672e+02
4.000000000000000000e+06 9.998365390254548846e-01 1.303538385745983512e-02 -1.252892642203817623e-02 8.578269528902124463e+00 -1.268557890187815666e-02 9.995384122542206873e-01 2.760504512287275183e-02 -2.967451002256594333e-02 1.288298558271313773e-02 -2.744159609061200961e-02 9.995403881216983200e-01 6.529457641382627187e-02 9.997234344482421875e-01 2.038140036165714264e-02 -1.173251401633024216e-02 8.259156227111816406e+00 -2.053988911211490631e-02 9.996971487998962402e-01 -1.355069782584905624e-02 2.347638756036758423e-01 1.145278848707675934e-02 1.378793269395828247e-02 9.998393058776855469e-01 -3.572852015495300293e-01 1.021657705307006836e+03
5.000000000000000000e+06 9.999966913871267682e-01 2.463327432318022491e-03 7.411023955786223694e-04 -1.071589719270685670e+01 -2.461770312828251428e-03 9.999947759210983111e-01 -2.094711779523813957e-03 -1.731314915464017279e+00 -7.462584849905342472e-04 2.092880425057253371e-03 9.999975314718532182e-01 3.053445337370121193e-02 9.999946355819702148e-01 6.316634971881285310e-05 3.258788026869297028e-03 8.625802040100097656e+00 -6.511130777653306723e-05 9.999998807907104492e-01 5.967202014289796352e-04 4.820711016654968262e-01 -3.258748212829232216e-03 -5.969289341010153294e-04 9.999945163726806641e-01 -4.954405426979064941e-01 3.302213430404663086e+03
6.000000000000000000e+06 9.998552546264496410e-01 -1.700259710867619428e-02 -6.176466932245947136e-04 8.446487301460910757e+00 1.700229167379305531e-02 9.998553273454366952e-01 -4.964441449332705368e-04 9.003543191651050548e-02 6.259981764211652259e-04 4.858708777105069307e-04 9.999996860278373978e-01 -1.474955415842161242e-02 9.998334050178527832e-01 1.228501350851729512e-04 1.825420744717121124e-02 8.357178688049316406e+00 -1.225034648086875677e-04 1.000000000000000000e+00 -2.010951357078738511e-05 3.603762090206146240e-01 -1.825420930981636047e-02 1.786935899872332811e-05 9.998334646224975586e-01 -4.512158930301666260e-01 1.438673734664916992e+03
7.000000000000000000e+06 9.992278342371753164e-01 -3.928931293994827184e-02 -2.918465192818946218e-04 -1.869256810821873671e+00 3.928965858251970422e-02 9.992270280596515786e-01 1.291945643268056299e-03 -4.414906495181237234e-01 2.408612734318399244e-04 -1.302414597175976640e-03 9.999991228506472929e-01 6.994817098041620357e-03 9.996327161788940430e-01 5.012700421502813697e-05 2.710094861686229706e-02 8.662172317504882812e+00 -5.013365807826630771e-05 9.999998807907104492e-01 -4.342221586739469785e-07 1.531070619821548462e-01 -2.710095047950744629e-02 -9.242979217560787220e-07 9.996327161788940430e-01 -3.090434968471527100e-01 1.042517423629760742e+03
8.000000000000000000e+06 9.997828464834328521e-01 -2.083318665194726360e-02 -4.880690623342085876e-04 8.309906707949846094e+00 2.083264308927360725e-02 9.997823789388591287e-01 -1.093501381105218759e-03 1.193302609932607172e-01 5.107439666036804778e-04 1.083096154856415423e-03 9.999992830214028405e-01 -1.716261275128721717e-02 9.997766017913818359e-01 -3.285219136159867048e-04 2.113424800336360931e-02 8.618624687194824219e+00 3.285057318862527609e-04 9.999999403953552246e-01 4.241243914293590933e-06 -5.004040524363517761e-02 -2.113424427807331085e-02 2.702348183447611518e-06 9.997766017913818359e-01 -7.396538555622100830e-02 4.767842292785644531e+02
9.000000000000000000e+06 9.999546426318511871e-01 -9.062053764367992981e-03 -2.931187571336517188e-03 8.654089883413998763e+00 9.062486581858633997e-03 9.999589257917831375e-01 1.344109252670270410e-04 4.270872856665167139e-02 2.929849136096600998e-03 -1.609686767753544480e-04 9.999956950272960166e-01 -1.396173284540523467e-02 9.999710917472839355e-01 2.817540371324867010e-04 7.606971077620983124e-03 8.390414237976074219e+00 -2.817229542415589094e-04 1.000000000000000000e+00 -5.165466973267029971e-06 -1.532827168703079224e-01 -7.606966886669397354e-03 3.021539214387303218e-06 9.999710321426391602e-01 1.054303348064422607e-01 8.401050567626953125e+02
1.000000000000000000e+07 9.999967345362403837e-01 -2.532823646340715343e-03 -3.401782362952499765e-04 8.372362341071138303e+00 2.532483015515531004e-03 9.999962952000711613e-01 -9.980560647447826554e-04 1.983837217253879917e-02 3.427048760041036648e-04 9.971913100232075462e-04 9.999994440812750573e-01 -1.520182954036332183e-02 9.999976158142089844e-01 -1.690131648501846939e-05 2.169168554246425629e-03 8.637023925781250000e+00 1.690067074378021061e-05 1.000000000000000000e+00 3.137565727229230106e-07 -1.905927360057830811e-01 -2.169167157262563705e-03 -2.766287252597976476e-07 9.999976158142089844e-01 1.744178384542465210e-01 1.114496707916259766e+03
1.100000000000000000e+07 9.985048172791646248e-01 5.461420334831262879e-02 -2.327802167556437818e-03 -1.312830560793400103e+01 -5.464667421609286507e-02 9.983522528974028143e-01 -1.750771635023868136e-02 4.827898699735066579e+00 1.367796557362914184e-03 1.760874576196048980e-02 9.998440184375101403e-01 9.457804057304010359e-02 9.999999403953552246e-01 -1.252513629879103974e-05 -2.313884469913318753e-04 8.392682075500488281e+00 1.252531274076318368e-05 1.000000000000000000e+00 7.901593903625325765e-07 -1.867353171110153198e-01 2.313813456567004323e-04 -7.927490059955744073e-07 1.000000000000000000e+00 1.877587586641311646e-01 3.977339744567871094e+03
1.200000000000000000e+07 9.999933654326094157e-01 2.925597879579924353e-03 -2.170246025368215148e-03 8.310361147732816534e+00 -2.918080551285137745e-03 9.999897602489327131e-01 3.458930929995052139e-03 -1.170334856044162077e-02 2.180343243583567330e-03 -3.452575028766566648e-03 9.999916628797517193e-01 -3.057422931996525706e-02 9.999955296516418457e-01 -7.997821739991195500e-06 -3.014694200828671455e-03 8.567396163940429688e+00 7.998097316885832697e-06 1.000000000000000000e+00 7.905471477442915784e-08 -1.751309633255004883e-01 3.014696296304464340e-03 -1.036813017663007486e-07 9.999954104423522949e-01 1.897249668836593628e-01 7.951691150665283203e+02
1.300000000000000000e+07 9.999835710994687821e-01 5.717163279675055616e-03 -4.142163530112747999e-04 8.529223900199330188e+00 -5.717566954364727318e-03 9.999831743624738589e-01 -9.800102409456869224e-04 -3.597688861035450159e-02 4.086065049938215508e-04 9.823624501868538032e-04 9.999994340022101413e-01 -1.097172363038413818e-02 9.999773502349853516e-01 -6.768244202248752117e-05 -6.734962575137615204e-03 8.365343093872070312e+00 6.768474850105121732e-05 1.000000000000000000e+00 1.151240383023832692e-07 -1.245496943593025208e-01 6.734959781169891357e-03 -5.710759864996362012e-07 9.999773502349853516e-01 1.599145829677581787e-01 1.042778491973876953e+03
1.400000000000000000e+07 9.998568747898111120e-01 1.690067096267842267e-02 -7.728237594100492323e-04 8.412086386059540288e+00 -1.690133011722654011e-02 9.998567971883181027e-01 -8.544920051231685897e-04 -1.502491772313535312e-01 7.582716006559412497e-04 8.674314552555559060e-04 9.999993362932046992e-01 -1.535201455396278600e-02 9.999591112136840820e-01 1.196255543618462980e-04 -9.044489823281764984e-03 8.322718620300292969e+00 -1.196398734464310110e-04 9.999998807907104492e-01 -1.043525799104827456e-06 -5.340691655874252319e-02 9.044490754604339600e-03 2.125514583894982934e-06 9.999591112136840820e-01 1.029006913304328918e-01 4.317013502120971680e+03
1.500000000000000000e+07 9.999846582758304958e-01 3.289381092058970332e-03 -4.456813323646198824e-03 8.667836421975840366e+00 -3.262683079886225402e-03 9.999767702522742718e-01 5.984467808457925864e-03 -4.348978719850828123e-02 4.476394988252207358e-03 -5.969834826982234680e-03 9.999721610925215165e-01 -3.218845292098367061e-02 9.999643564224243164e-01 -1.477118348702788353e-04 -8.442909456789493561e-03 8.615908622741699219e+00 1.477170153521001339e-04 1.000000119209289551e+00 -1.097199220367883754e-08 1.908065192401409149e-02 8.442910388112068176e-03 -1.235986587744264398e-06 9.999643564224243164e-01 2.833995036780834198e-02 1.250394821166992188e+03
1.600000000000000000e+07 9.991535322209104120e-01 -4.108741365099780052e-02 2.010843094297455700e-03 -1.563210338430656154e-01 4.109192287037815444e-02 9.991528255895451016e-01 -2.254992515085840667e-03 -6.142993565789042210e-01 -1.916487749237291054e-03 2.335713145915035809e-03 9.999954357489871937e-01 2.711064971075495197e-03 9.999923706054687500e-01 3.091090547968633473e-05 -3.898934694007039070e-03 8.591289520263671875e+00 -3.091221515205688775e-05 1.000000000000000000e+00 -2.752456396137858974e-07 6.667771190404891968e-02 3.898934461176395416e-03 3.958896854783233721e-07 9.999923706054687500e-01 -4.436973482370376587e-02 1.204240560531616211e+03
1.700000000000000000e+07 9.999961891883459852e-01 2.454198381890038572e-03 -1.264325546709746872e-03 8.286243191473740666e+00 -2.452877387184344490e-03 9.999964453483183302e-01 1.045314905216761453e-03 -1.452151226745092630e-02 1.266886462621764735e-03 -1.042209686174974800e-03 9.999986543979251241e-01 -1.800202368789132618e-02 9.999979734420776367e-01 1.779334183993341867e-06 -2.012018579989671707e-03 8.251249313354492188e+00 -1.654126208450179547e-06 1.000000000000000000e+00 6.222775846254080534e-05 8.873075246810913086e-02 2.012026030570268631e-03 -6.222372030606493354e-05 9.999979734420776367e-01 -7.487868517637252808e-02 7.314622402191162109e+02
1.800000000000000000e+07 9.999995977478489673e-01 -2.529870533718387229e-04 -8.605240794305878561e-04 7.096851553495557852e+00 2.530827861535254303e-04 9.999999617982432421e-01 1.111423206248303024e-04 -1.381155703270743303e-03 8.604959289888564023e-04 -1.113600597491672340e-04 9.999996235727758309e-01 -1.131438804616763209e-02 9.999998807907104492e-01 8.517818059772253036e-06 -4.666037275455892086e-04 7.022802352905273438e+00 -8.666362191434018314e-06 9.999999403953552246e-01 -3.183251828886568546e-04 7.977469265460968018e-02 4.665879823733121157e-04 3.183290536981076002e-04 9.999998807907104492e-01 -7.788541167974472046e-02 8.988573551177978516e+02
1.900000000000000000e+07 9.999999382055781982e-01 2.561602629605450629e-04 -2.407711769580715710e-04 5.167813851529309055e+00 -2.559785089446226327e-04 9.999996825187921212e-01 7.546107062822348050e-04 8.597479106069138817e-04 2.409644017947015738e-04 -7.545490274046279125e-04 9.999996862959119603e-01 -1.502050878059945499e-02 1.000000000000000000e+00 2.440161779304617085e-07 -9.561141632730141282e-05 5.016169071197509766e+00 -2.881801890453061787e-07 9.999998807907104492e-01 -4.620873369276523590e-04 5.742075294256210327e-02 9.561722981743514538e-05 4.620873951353132725e-04 9.999998807907104492e-01 -5.801266804337501526e-02 4.949781894683837891e+02
2.000000000000000000e+07 9.999991773292217223e-01 8.075336960220728033e-04 9.966093565701315739e-04 2.992314106551232089e-01 -8.072666729288407485e-04 9.999996381664769673e-01 -2.683047408788362788e-04 -2.097115375569695659e-03 -9.968256610825190333e-04 2.674999906328781184e-04 9.999994673910364007e-01 2.584293177171850201e-03 1.000000000000000000e+00 3.990268737652513664e-07 -1.970426092157140374e-05 2.044678479433059692e-01 -3.822959797616931610e-07 9.999996423721313477e-01 8.498930255882441998e-04 3.087674500420689583e-03 1.970211633306462318e-05 -8.498933166265487671e-04 9.999997019767761230e-01 -2.261831192299723625e-03 2.491405010223388672e+02
2.100000000000000000e+07 9.999997966411333650e-01 4.465377521548480593e-04 4.553259579326637157e-04 -3.220646839504592851e-02 -4.469256074743451130e-04 9.999995371141188194e-01 8.520733827573166849e-04 -2.649489200276637819e-03 -4.549452642356989701e-04 -8.522767063109870297e-04 9.999995333245024209e-01 -7.236217915917340319e-04 1.000000000000000000e+00 -6.980814504231602768e-08 -1.235452518066892935e-09 -2.999341231770813465e-04 6.980987876659128233e-08 1.000000000000000000e+00 -1.136223654611967504e-04 -1.236141397384926677e-04 -1.320233367074763464e-10 1.136216815211810172e-04 9.999999403953552246e-01 7.425580861308844760e-06 2.813405990600585938e+02
2.200000000000000000e+07 9.999966723406108482e-01 2.407616311629804436e-03 9.266560316408765366e-04 1.048031613528722927e-01 -2.407624735693258185e-03 9.999971016355622133e-01 7.975405804635697589e-06 -1.042030036639299446e-03 -9.266341441368813230e-04 -1.020641924845961846e-05 9.999995706224037439e-01 1.199250633367721129e-03 1.000000000000000000e+00 4.134561616686571739e-12 3.923703861818950145e-10 -9.993463027058169246e-05 1.857547156587196128e-21 1.000000000000000000e+00 -1.982596040761563927e-05 -1.981558125407900661e-05 2.985088552538621467e-19 1.982730464078485966e-05 1.000000000000000000e+00 6.203414159244857728e-06 2.645809650421142578e+02
2.300000000000000000e+07 9.999966098384417412e-01 2.274961343704752417e-03 1.266831680999954291e-03 -3.940632360545631707e-02 -2.274690318606513786e-03 9.999973897031153580e-01 -2.153390584534681598e-04 -7.878776913119719255e-03 -1.267318262226935612e-03 2.124566786591955728e-04 9.999991743829500512e-01 3.240880484471632319e-03 1.000000000000000000e+00 -4.976873405580783949e-13 8.498127201939098541e-11 -3.483543764559726696e-08 1.870707931328277246e-21 9.999998807907104492e-01 -4.293990969017613679e-06 -4.300065029383404180e-06 9.669696899786968794e-19 4.293484380468726158e-06 1.000000000000000000e+00 -2.991096835103235207e-06 2.612226009368896484e+02
2.400000000000000000e+07 9.999974483189705277e-01 -1.991841876656361490e-03 -1.065796174778149783e-03 4.619366496116283222e-03 1.993767249893229395e-03 9.999963770869860769e-01 1.808509069810579004e-03 4.316399896931084369e-03 1.062190049391756493e-03 -1.810629404580628345e-03 9.999977966843018873e-01 -5.789063372802232335e-03 1.000000000000000000e+00 4.907260091132382193e-22 1.507267212293353789e-18 -1.164013951893139165e-08 2.576891164972333600e-21 1.000000000000000000e+00 -2.988691441094172749e-19 -2.029011625381826889e-09 -7.068693896556918935e-20 -6.845545124214547237e-20 1.000000000000000000e+00 -9.999301937568816356e-07 1.693265438079833984e+02
2.500000000000000000e+07 9.999997905523836383e-01 3.185776209965127397e-04 -5.633857368256024994e-04 1.482451830682260906e-02 -3.190866203097386883e-04 9.999995408398134611e-01 -9.036060485346295978e-04 3.905477531405767452e-04 5.630976094760422592e-04 9.037856281271909337e-04 9.999994330461495773e-01 6.250157170518230070e-04 1.000000000000000000e+00 4.907260091132382193e-22 1.507267212293353789e-18 1.164013951893139165e-08 2.576891164972333600e-21 1.000000000000000000e+00 -2.988691441094172749e-19 2.029018730809184490e-09 -7.068693896556918935e-20 -6.845545124214547237e-20 1.000000000000000000e+00 9.999301937568816356e-07 2.212889194488525391e+02
2.600000000000000000e+07 9.999998291100579140e-01 5.788356591421519757e-04 8.203130236461851936e-05 2.853997229698920085e-03 -5.788664406082366740e-04 9.999997618759701723e-01 3.757148481573104179e-04 -3.446806522249235786e-04 -8.181380567921158972e-05 -3.757622691194400827e-04 9.999999260546064139e-01 1.970793661522092077e-03 1.000000000000000000e+00 6.980851452453862294e-08 -1.896542783930144083e-10 8.998687262646853924e-04 -6.980985745030920953e-08 1.000000119209289551e+00 9.582980965205933899e-06 1.956734195118770003e-05 1.416391309794207132e-10 -9.582644452166277915e-06 1.000000000000000000e+00 -1.651545426284428686e-05 1.637582778930664062e+02
2.700000000000000000e+07 9.999996438716745040e-01 -3.516492472752354918e-04 7.672022752344239338e-04 1.105163303533067243e+00 3.514837896976807105e-04 9.999999149473955962e-01 2.157877362308704841e-04 1.989878264617227048e-03 -7.672780915768892280e-04 -2.155180002195812355e-04 9.999996824181105470e-01 -1.710481118559076426e-03 9.999999403953552246e-01 2.779770724714580865e-08 -3.989870037912623957e-06 1.171716213226318359e+00 -2.682182476121397485e-08 9.999999403953552246e-01 2.415183262201026082e-04 1.387721113860607147e-02 4.000955414085183293e-06 -2.415190101601183414e-04 9.999999403953552246e-01 -1.367051992565393448e-02 3.047316074371337891e+02
2.800000000000000000e+07 9.999999133720840483e-01 3.984344671091111299e-04 -1.204400252970985551e-04 3.387518885049375150e+00 -3.983356102218826140e-04 9.999995847018249284e-01 8.197102654340994747e-04 -8.261691395691017972e-04 1.207665761013679474e-04 -8.196622188733357697e-04 9.999996567845815809e-01 -7.690236535591926312e-03 1.000000000000000000e+00 1.040099959936924279e-06 5.840880476171150804e-06 3.430372476577758789e+00 -1.040079382619296666e-06 1.000000000000000000e+00 -5.624818186333868653e-06 3.992155566811561584e-02 -5.848928140039788559e-06 5.625261565000982955e-06 1.000000000000000000e+00 -4.001039266586303711e-02 6.469438076019287109e+02
2.900000000000000000e+07 9.999992248499750547e-01 -1.096240355455083615e-03 -5.903867648112489817e-04 4.437098010718853125e+00 1.095866270407735077e-03 9.999991988275197530e-01 -6.335782791987818081e-04 6.557952325309047634e-03 5.910808458876178843e-04 6.329308031385110726e-04 9.999996250109456364e-01 -6.772238925104270835e-03 9.999998807907104492e-01 6.693774707855482120e-07 3.643229720182716846e-04 4.429563522338867188e+00 -7.720035455349716358e-07 1.000000000000000000e+00 2.816628257278352976e-04 5.094239115715026855e-02 -3.643222444225102663e-04 -2.816632913891226053e-04 9.999998807907104492e-01 -5.160438269376754761e-02 2.888736724853515625e+02
3.000000000000000000e+07 9.999986942027041525e-01 -1.549326321014144478e-03 -4.595441629690508959e-04 5.379512651971013248e+00 1.549236093751535457e-03 9.999987806009835722e-01 -1.966318173539108262e-04 4.061482591760580581e-03 4.598482494515259019e-04 1.959196181886709541e-04 9.999998750775375145e-01 -8.119334605282186104e-03 9.999995231628417969e-01 7.528377864218782634e-06 1.055141678079962730e-03 5.453707695007324219e+00 -7.291791916941292584e-06 9.999999403953552246e-01 -2.242178743472322822e-04 5.717813596129417419e-02 -1.055141678079962730e-03 2.242097252747043967e-04 9.999994635581970215e-01 -6.157490611076354980e-02 3.532259464263916016e+02
3.100000000000000000e+07 9.999970833763699440e-01 -2.368388325028026979e-03 -4.732604942386908591e-04 7.759145725833191953e+00 2.368296715244795885e-03 9.999971767559124869e-01 -1.940383281017897706e-04 -7.187218728782892533e-04 4.737187162196829335e-04 1.929169408910562367e-04 9.999998691868073886e-01 -1.356101477466772898e-02 9.999970197677612305e-01 1.715397411317098886e-05 2.437281655147671700e-03 7.823626518249511719e+00 -1.574380621605087072e-05 9.999998211860656738e-01 -5.785970133729279041e-04 6.740249693393707275e-02 -2.437291899695992470e-03 5.785571411252021790e-04 9.999969005584716797e-01 -8.010670542716979980e-02 3.915359973907470703e+02
3.200000000000000000e+07 9.999900418050300388e-01 -4.454759417022354992e-03 -2.672252061559148256e-04 8.572903512926393077e+00 4.454835359254913883e-03 9.999900367668125289e-01 2.842692927453513148e-04 2.007721393665979140e-02 2.659561924200447140e-04 -2.854569062335777217e-04 9.999999238908263699e-01 -2.230285418654754173e-02 9.999926090240478516e-01 1.805735882953740656e-05 3.854626324027776718e-03 8.568593978881835938e+00 -1.921717012010049075e-05 1.000000000000000000e+00 3.008491476066410542e-04 4.600523784756660461e-02 -3.854620968922972679e-03 -3.009204228874295950e-04 9.999924898147583008e-01 -6.669410318136215210e-02 8.622164726257324219e+02
3.300000000000000000e+07 9.999942934488630364e-01 -3.378299804776372251e-03 -1.265457794225029544e-05 8.295988868222000434e+00 3.378316236673078836e-03 9.999928967564467586e-01 1.671351565471101757e-03 2.821057345998368576e-02 7.008161386357401728e-06 -1.671384778984056014e-03 9.999986032109275946e-01 -1.955250010115078263e-02 9.999878406524658203e-01 9.017043339554220438e-06 4.932673647999763489e-03 8.334368705749511719e+00 -8.925953807192854583e-06 1.000000000000000000e+00 -1.848970532591920346e-05 -4.690695204772055149e-04 -4.932673182338476181e-03 1.844469261413905770e-05 9.999877810478210449e-01 -3.274405002593994141e-02 8.595368862152099609e+02
3.400000000000000000e+07 9.999865974970097993e-01 -5.149947672311830545e-03 5.318508492315508025e-04 8.605489672910641374e+00 5.150730415549534952e-03 9.999856381989655763e-01 -1.481003711573088697e-03 1.281635502737597104e-02 -5.242161192783731860e-04 1.483723282762088643e-03 9.999987618805737943e-01 -1.984841291960036391e-02 9.999970197677612305e-01 -4.374797208583913743e-05 2.435296541079878807e-03 8.634132385253906250e+00 4.376879223855212331e-05 9.999999403953552246e-01 -8.494873327435925603e-06 -2.259946055710315704e-02 -2.435296773910522461e-03 8.602200068708043545e-06 9.999970793724060059e-01 8.722867816686630249e-03 8.881843090057373047e+02
3.500000000000000000e+07 9.999996770813281977e-01 -6.896498424943643896e-04 -4.125776702678082331e-04 7.952771132502959084e+00 6.896846874226922070e-04 9.999997586125271010e-01 8.432033918578643779e-05 1.401855728360822801e-04 4.125194191680883944e-04 -8.460486045873073433e-05 9.999999113348693180e-01 -1.375601514753512639e-02 9.999990463256835938e-01 2.911003684857860208e-05 1.375986495986580849e-03 7.604731082916259766e+00 -2.864312045858241618e-05 1.000000000000000000e+00 -3.393491206225007772e-04 -3.376412391662597656e-02 -1.375997089780867100e-03 3.393079095985740423e-04 9.999990463256835938e-01 2.615278959274291992e-02 1.055831193923950195e+03
3.600000000000000000e+07 9.999950230568369625e-01 -3.154609923498721998e-03 4.793523348778456149e-05 6.625702755941712319e+00 3.154542860302894224e-03 9.999941265683208735e-01 1.340032911382024435e-03 -2.729950996758548614e-04 -5.216223306352626185e-05 -1.339875028365832173e-03 9.999991010066008323e-01 -2.222163818338423330e-02 9.999997615814208984e-01 -7.532339623139705509e-06 6.966992514207959175e-04 6.786518573760986328e+00 7.232074949570233002e-06 9.999998807907104492e-01 4.309876239858567715e-04 -3.510285913944244385e-02 -6.967023364268243313e-04 -4.309822106733918190e-04 9.999996423721313477e-01 3.283559903502464294e-02 7.230019569396972656e+02
3.700000000000000000e+07 9.999995530425594970e-01 3.988160956765167560e-04 -8.572399914232237735e-04 4.641147160837761021e+00 -4.023656312650027958e-04 9.999913306599022000e-01 -4.144479091140873019e-03 -1.830529090123355620e-03 8.555796747484509896e-04 4.144822162645401750e-03 9.999910441762266400e-01 3.183197115797587254e-03 9.999999403953552246e-01 4.180833457212429494e-06 3.195596218574792147e-04 4.315454959869384766e+00 -3.918437869288027287e-06 9.999997019767761230e-01 -8.211261592805385590e-04 -2.519640699028968811e-02 -3.195620665792375803e-04 8.211256936192512512e-04 9.999996423721313477e-01 2.371792308986186981e-02 4.188313484191894531e+02
3.800000000000000000e+07 9.999936324668602383e-01 -3.428453959555942659e-03 9.903177171925656424e-04 1.473069507888719321e-01 3.426508874286562402e-03 9.999922103217782077e-01 1.959166327497101085e-03 1.243916124318048509e-02 -9.970269144891474172e-04 -1.955760519994261155e-03 9.999975904661571047e-01 -2.409091376581788246e-03 1.000000000000000000e+00 6.781034471714519896e-07 1.678915941738523543e-05 5.711515620350837708e-02 -6.921119393155095167e-07 9.999995827674865723e-01 8.347513503395020962e-04 5.670848186127841473e-04 -1.678845001151785254e-05 -8.347522816620767117e-04 9.999995827674865723e-01 4.474013112485408783e-04 2.456402778625488281e+02
3.900000000000000000e+07 9.999995959393821465e-01 -2.783256982708923904e-04 -8.547841120156376852e-04 2.399481724255073632e-03 2.775397306965139699e-04 9.999995387699777138e-01 -9.194735068626219395e-04 2.465857803446805732e-03 8.550396308693818375e-04 9.192358987873362405e-04 9.999992119559855119e-01 2.864807068187453327e-04 1.000000000000000000e+00 -1.396297051314832061e-07 -7.655637235259860063e-10 -3.000307187903672457e-04 1.396197433223278495e-07 1.000000119209289551e+00 -8.297204476548358798e-05 -8.296983287436887622e-05 -2.689127809318847540e-10 8.297264139400795102e-05 1.000000119209289551e+00 4.304730282456148416e-06 1.500227451324462891e+02
4.000000000000000000e+07 9.999998701258034917e-01 -5.068423290451564344e-04 5.347176514823954389e-05 -6.749866716499406012e-03 5.068367326695518565e-04 9.999998660853648413e-01 1.046220747893944470e-04 -2.647234071318912193e-03 -5.352478488364342812e-05 -1.045949597469487388e-04 9.999999930974958762e-01 7.847317771698681657e-04 1.000000000000000000e+00 6.981439071296335896e-08 9.257080102464954052e-10 1.847533326326811220e-08 -6.980985745030920953e-08 9.999999403953552246e-01 -1.726116533973254263e-05 -1.726719165162649006e-05 1.402486876633801671e-10 1.726186928863171488e-05 9.999999403953552246e-01 -3.065263172175036743e-06 1.575036048889160156e+02
4.100000000000000000e+07 9.999994622152514889e-01 8.009364483312609272e-04 -6.588398998695201925e-04 2.428798583983822201e-01 -8.019621412606328876e-04 9.999984647008215433e-01 -1.558028473439552900e-03 -6.042343252825008691e-03 6.575910065612473269e-04 1.558556000212449420e-03 9.999985692376076596e-01 9.243684446567344170e-06 1.000000000000000000e+00 -1.589845908256393159e-07 -1.064605044120980892e-06 2.759941220283508301e-01 1.592375014070057659e-07 1.000000000000000000e+00 2.371735026827082038e-04 -1.374043989926576614e-03 1.064661319105653092e-06 -2.371745213167741895e-04 1.000000000000000000e+00 1.637846231460571289e-03 2.113208770751953125e+02
4.200000000000000000e+07 9.999970657873580304e-01 -2.383802257427778716e-03 -4.311652487269653574e-04 2.110168834396328741e+00 2.384263606067618148e-03 9.999965823228885720e-01 1.072674041342504530e-03 9.298211669244448724e-03 4.286067323421271493e-04 -1.073698905499512711e-03 9.999993317332412923e-01 -2.308202683339945476e-03 9.999999403953552246e-01 7.444087657404452330e-08 -7.190993073891149834e-06 2.297353982925415039e+00 -7.440731764063457376e-08 1.000000000000000000e+00 5.915774181630695239e-06 -1.335490681231021881e-02 7.190021733549656346e-06 -5.915656402066815645e-06 9.999999403953552246e-01 1.344292704015970230e-02 3.704142570495605469e+02
4.300000000000000000e+07 9.999995756710511330e-01 3.795051281069243532e-04 -8.394245500786373356e-04 4.428083381751358516e+00 -3.814974977074916582e-04 9.999971078410796466e-01 -2.374609259510019124e-03 -3.143068575383170310e-04 8.385209459382025931e-04 2.374928490259937356e-03 9.999968282936148034e-01 -5.203108496878873675e-03 1.000000000000000000e+00 -1.538930121114390204e-07 2.263760688947513700e-05 4.308450222015380859e+00 1.690759319217249868e-07 9.999998211860656738e-01 -6.702399114146828651e-04 -2.577040717005729675e-02 -2.263653732370585203e-05 6.702400278300046921e-04 9.999998211860656738e-01 2.513924427330493927e-02 5.279784202575683594e+02
4.400000000000000000e+07 9.998514039046005886e-01 1.722117138782411350e-02 7.754779367292839861e-04 4.382350849133320736e+00 -1.722102793596142628e-02 9.998516888054383989e-01 -1.912844523730518938e-04 -4.301516113768742017e-02 -7.786570670082738031e-04 1.779015010381819212e-04 9.999996810220630472e-01 -7.275554148104476648e-03 9.998512268066406250e-01 -1.767825451679527760e-04 -1.724629662930965424e-02 4.419556617736816406e+00 1.892403961392119527e-04 9.999997019767761230e-01 7.207207381725311279e-04 1.901137456297874451e-02 1.724616624414920807e-02 -7.238776306621730328e-04 9.998509883880615234e-01 2.591619081795215607e-02 3.309235572814941406e+02
4.500000000000000000e+07 9.327790267899730425e-01 3.604487291998076381e-01 -2.826649254362740161e-05 6.269395825370756903e+00 -3.604481697962724773e-01 9.327774351165808442e-01 -1.836689372348679090e-03 -1.260230843269289469e+00 -6.356660037832868437e-04 1.723413930758797537e-03 9.999983128851543945e-01 -7.916326769744823008e-03 9.099026918411254883e-01 -4.304407630115747452e-03 -4.147994816303253174e-01 6.063101768493652344e+00 3.766224486753344536e-03 9.999907016754150391e-01 -2.115406095981597900e-03 1.642387866973876953e+00 4.148047566413879395e-01 3.625868121162056923e-04 9.099103808403015137e-01 -1.674207299947738647e-01 3.769626855850219727e+03
4.600000000000000000e+07 9.643648406349807356e-01 2.644276653269215238e-01 -8.857988305572878432e-03 -2.318671315367986097e-01 -2.644705966071018710e-01 9.643851739267349510e-01 -4.066920282537656375e-03 -5.912228535172555866e+00 7.467106357328749319e-03 6.264672382058187813e-03 9.999524969730280155e-01 -8.750367431664073624e-04 6.529031991958618164e-01 -3.614657744765281677e-02 -7.565783262252807617e-01 3.045904636383056641e+00 8.573516272008419037e-03 9.991493821144104004e-01 -4.033706709742546082e-02 7.026799201965332031e+00 7.573927640914916992e-01 1.984966732561588287e-02 6.526576876640319824e-01 -2.176449060440063477e+00 2.895424365997314453e+03
4.700000000000000000e+07 9.556180784017144214e-01 2.932304382744145843e-01 2.846046909679485204e-02 3.192484871404408953e+00 -2.936448890114950472e-01 9.558443809168818417e-01 1.158441310768824548e-02 -1.024710116894393952e+00 -2.380687693171062644e-02 -1.942754588252407905e-02 9.995277900447494535e-01 -5.628965904813899856e-02 9.681659936904907227e-01 1.073729712516069412e-02 -2.500786483287811279e-01 -2.040430158376693726e-01 3.760467516258358955e-03 9.983428716659545898e-01 5.742296949028968811e-02 2.916088342666625977e+00 2.502808570861816406e-01 -5.653538554906845093e-02 9.665212631225585938e-01 -9.680581837892532349e-02 5.551497936248779297e+02
4.800000000000000000e+07 9.997151887807523840e-01 1.317069005254507472e-02 -1.990161412058266341e-02 2.632152922259923145e+00 -1.317024288872057323e-02 9.999132568013978650e-01 1.535417659068735534e-04 -3.835220959036503285e-02 1.990191004192538166e-02 1.086110563563446067e-04 9.998019314745902886e-01 7.754508053542318036e-02 9.999236464500427246e-01 -1.276871898880926892e-05 -1.235275249928236008e-02 -2.685246430337429047e-02 -1.499133213656023145e-04 9.999132752418518066e-01 -1.316868048161268234e-02 2.698367357254028320e+00 1.235185004770755768e-02 1.316952984780073166e-02 9.998369216918945312e-01 1.865387707948684692e-02 4.066996574401855469e+02
4.900000000000000000e+07 9.999187206887111268e-01 1.272584902788590280e-02 -7.776778064901549879e-04 5.004046665133633276e+00 -1.272524906617217288e-02 9.999187330190990597e-01 7.716175759450991708e-04 -5.933956121525436889e-02 7.874340957414485654e-04 -7.616587156191262581e-04 9.999993999115928123e-01 -7.155685028119490631e-04 9.998884201049804688e-01 -2.448482337058521807e-05 -1.494148466736078262e-02 -1.564354822039604187e-02 2.269314245495479554e-05 9.999999403953552246e-01 -1.200824190163984895e-04 4.889400482177734375e+00 1.494148746132850647e-02 1.197304300148971379e-04 9.998883605003356934e-01 1.786067709326744080e-02 5.607542991638183594e+02
5.000000000000000000e+07 9.999433814950779986e-01 1.063254173217654391e-02 4.276219150506015251e-04 7.396694910302358039e+00 -1.063242582363860440e-02 9.999434370545714490e-01 -2.724198875285851118e-04 -5.803866690325380773e-02 -4.304942433183789698e-04 2.678578052295044198e-04 9.999998714634430463e-01 -1.492407955389236929e-02 9.999333024024963379e-01 -1.981651439564302564e-05 -1.154866162687540054e-02 -1.050026342272758484e-02 1.453443383070407435e-05 9.999998807907104492e-01 -4.574593622237443924e-04 7.676620960235595703e+00 1.154866255819797516e-02 4.572602338157594204e-04 9.999331831932067871e-01 1.163266152143478394e-01 4.982481002807617188e+02
5.100000000000000000e+07 9.999785652400354774e-01 6.547432998032051699e-03 -1.347650772567831629e-05 8.598581035356305691e+00 -6.547424003582394403e-03 9.999783945740140512e-01 5.844861801518881454e-04 -3.834761632559336580e-02 1.730310066280827574e-05 -5.843854154207463961e-04 9.999998290971298109e-01 -1.266689905194882775e-02 9.999847412109375000e-01 -1.341653569397749379e-05 -5.517896730452775955e-03 -1.552210072986781597e-03 1.342160703643457964e-05 1.000000000000000000e+00 8.778541200626932550e-07 8.566077232360839844e+00 5.517903249710798264e-03 -9.514177463643136434e-07 9.999848604202270508e-01 1.896674633026123047e-01 7.658040523529052734e+02
5.200000000000000000e+07 9.999997099467090589e-01 7.423408776623870728e-04 1.704010536511734125e-04 8.119437866528386394e+00 -7.421902212712195484e-04 9.999993351775771089e-01 -8.824953707775139026e-04 1.119545132887205799e-03 -1.710560527528080051e-04 8.823686448111131607e-04 9.999995960826191244e-01 -1.307311856567244801e-02 1.000000000000000000e+00 -1.026646287982657668e-07 -2.644500054884701967e-04 4.813699051737785339e-03 7.000964785675023450e-08 1.000000000000000000e+00 -1.234231021953746676e-04 8.096248626708984375e+00 2.644527412485331297e-04 1.234231312992051244e-04 9.999999403953552246e-01 1.882134974002838135e-01 9.060032367706298828e+02
5.300000000000000000e+07 9.999981957808622424e-01 -8.547326244956732471e-04 -1.696427764714334091e-03 6.808321346977867172e+00 8.539562070333687549e-04 9.999995303371741473e-01 -4.583494602419393256e-04 1.089025546934072226e-02 1.696818734202364815e-03 4.568999582596098229e-04 9.999984560231136577e-01 -1.480418761750370259e-02 9.999989867210388184e-01 2.877236056519905105e-06 1.419206382706761360e-03 5.560716614127159119e-03 -2.903042513935361058e-06 9.999999403953552246e-01 1.818213058868423104e-05 6.757932662963867188e+00 -1.419213367626070976e-03 -1.818629607441835105e-05 9.999989867210388184e-01 1.506715714931488037e-01 9.237585067749023438e+02
5.400000000000000000e+07 9.999982982229419504e-01 -1.839482698714254780e-03 -1.409064272600641027e-04 6.037360647496525345e+00 1.839277166803152943e-03 9.999972643093449909e-01 -1.445141283606927920e-03 9.547440573594816529e-03 1.435643541720604908e-04 1.444879658324330855e-03 9.999989458554690014e-01 -1.518677812192949575e-02 9.999929666519165039e-01 9.763019988895393908e-06 3.750097937881946564e-03 6.685979198664426804e-03 -7.965187251102179289e-06 9.999998807907104492e-01 -4.794223932549357414e-04 5.963572502136230469e+00 -3.750095842406153679e-03 4.793886619154363871e-04 9.999928474426269531e-01 1.135345101356506348e-01 7.393670082092285156e+02
5.500000000000000000e+07 9.999996412426424008e-01 -3.181035561810428717e-04 7.850635095579976998e-04 1.630116796354338371e+00 3.188577604669867727e-04 9.999994876406458344e-01 -9.607539613368872196e-04 8.165781471998988933e-03 -7.847574880716488193e-04 9.610039402518167143e-04 9.999992303132596572e-01 -5.139065497625799894e-03 9.999983310699462891e-01 3.363912810527835973e-06 1.813477836549282074e-03 2.435907488688826561e-03 -4.851343419431941584e-06 9.999995827674865723e-01 8.202146273106336594e-04 1.484981536865234375e+00 -1.813474693335592747e-03 -8.202209137380123138e-04 9.999980330467224121e-01 2.188006043434143066e-02 4.411122798919677734e+02
5.600000000000000000e+07 9.999942602061884234e-01 -3.277397784853176409e-03 8.591963907044175000e-04 9.650635041319262086e-01 3.275673564630037816e-03 9.999926338199045528e-01 2.000567076703734914e-03 -2.340474411329078756e-04 -8.657467158147050647e-04 -1.997741146957352030e-03 9.999976297536578018e-01 -5.088803018359910196e-03 9.999997615814208984e-01 1.200270389745128341e-06 6.926909554749727249e-04 1.055772998370230198e-03 -1.201559484798053745e-06 1.000000119209289551e+00 1.849334466896834783e-06 1.058432102203369141e+00 -6.926899077370762825e-04 -1.850368334999075159e-06 9.999997615814208984e-01 1.621242798864841461e-02 4.733936786651611328e+02
5.700000000000000000e+07 9.999999357220777929e-01 3.509392983813642490e-04 7.346733422826909104e-05 3.223775258862625392e+00 -3.509549275969062426e-04 9.999999157665335758e-01 2.128322456003357073e-04 -2.332805183855056128e-02 -7.339263684091693345e-05 -2.128580156428860079e-04 9.999999746524927957e-01 -3.378983014771823421e-03 9.999963045120239258e-01 4.697158146882429719e-06 2.722942968830466270e-03 3.555834060534834862e-03 -4.714614533440908417e-06 1.000000000000000000e+00 6.397308879968477413e-06 3.233386754989624023e+00 -2.722950419411063194e-03 -6.411378308257553726e-06 9.999962449073791504e-01 4.296161606907844543e-02 7.851266860961914062e+02
5.800000000000000000e+07 9.999934111395094583e-01 -3.603575337761037809e-03 4.380894351173638106e-04 5.123472045557056376e+00 3.603900528465714057e-03 9.999932293205079370e-01 -7.437836532672951074e-04 2.945238511893430097e-02 -4.354061885246659830e-04 7.453575833273032216e-04 9.999996274316925726e-01 -1.353488543020281779e-02 9.999817013740539551e-01 1.067752509698038921e-05 6.039740052074193954e-03 6.851727142930030823e-03 -1.066719323716824874e-05 1.000000000000000000e+00 -1.742703148011059966e-06 5.234479427337646484e+00 -6.039734929800033569e-03 1.678937337601382751e-06 9.999817609786987305e-01 4.185146465897560120e-02 4.635252952575683594e+02
5.900000000000000000e+07 9.999583069273536573e-01 -9.043314927537246875e-03 -1.266041903628013646e-03 7.695841714122357402e+00 9.043605363757058896e-03 9.999590807053200248e-01 2.238682558497924750e-04 3.781907213952152846e-02 1.263965586946353640e-03 -2.353085054447296267e-04 9.999991735101095847e-01 -1.279058710466068373e-02 9.999582171440124512e-01 1.753878132149111480e-05 9.143810719251632690e-03 9.288877248764038086e-03 -1.644079202378634363e-05 9.999998807907104492e-01 -1.201539489557035267e-04 7.674797534942626953e+00 -9.143812581896781921e-03 1.199989637825638056e-04 9.999582171440124512e-01 3.593387780711054802e-03 7.201299667358398438e+02
