0.000000000000000000e+00 9.987829095178174521e-01 -4.929579606331734726e-02 -1.619921481755994550e-03 1.327875788463681372e+00 4.929422399376939129e-02 9.987838036781439000e-01 -9.964893733099202278e-04 1.000577618062118701e-01 1.667074076134135614e-03 9.154237832040699107e-04 9.999981914300254404e-01 -6.744800370907601088e-03 9.983962774276733398e-01 1.470292452722787857e-03 5.659260228276252747e-02 1.573197841644287109e+00 -1.382897957228124142e-03 9.999977946281433105e-01 -1.583416829816997051e-03 -1.369055956602096558e-01 -5.659483745694160461e-02 1.502614933997392654e-03 9.983960986137390137e-01 -2.565782368183135986e-01 2.031321525573730469e+02
1.000000000000000000e+06 9.919957031680365356e-01 -1.262700158207310519e-01 6.387493915267699685e-04 3.661855559576212560e+00 1.262715021340775345e-01 9.919892337537246085e-01 -3.587180717784158642e-03 4.000541148441792982e-01 -1.806791534748712082e-04 3.639123703684431655e-03 9.999933620448252514e-01 -1.504713192943512960e-02 9.910874962806701660e-01 4.331080242991447449e-03 1.331418454647064209e-01 3.979603052139282227e+00 -4.374839365482330322e-03 9.999904036521911621e-01 3.613314038375392556e-05 1.127471216022968292e-02 -1.331404298543930054e-01 -6.182860233820974827e-04 9.910969138145446777e-01 -4.340890347957611084e-01 2.436339855194091797e+02
2.000000000000000000e+06 9.969909299518733281e-01 -7.749647826039368637e-02 -1.838872191088876135e-03 6.111097951704996589e+00 7.749762568726954737e-02 9.969923787249589386e-01 5.610500724699146215e-04 4.104513537572865300e-01 1.789862155220718794e-03 -7.018700622530810000e-04 9.999981518842327999e-01 -2.450178665413208640e-02 9.978964924812316895e-01 -6.172381807118654251e-03 6.453338265419006348e-02 6.269675731658935547e+00 6.286298856139183044e-03 9.999789595603942871e-01 -1.562324003316462040e-03 5.274381041526794434e-01 -6.452238559722900391e-02 1.964714610949158669e-03 9.979143738746643066e-01 1.408298760652542114e-01 2.798430919647216797e+02
3.000000000000000000e+06 9.958221998225113003e-01 9.049699006421148273e-02 1.218364190102115031e-02 7.649134158662979743e+00 -9.089391345998200367e-02 9.951593253072373857e-01 3.736594371849095292e-02 -8.479445274372859886e-02 -8.743159416573033360e-03 -3.831725516477062915e-02 9.992273740846245866e-01 -4.671584394850653021e-02 9.761703610420227051e-01 -4.903027415275573730e-02 -2.113937884569168091e-01 8.177631378173828125e+00 5.089864507317543030e-02 9.986981153488159180e-01 3.402722766622900963e-03 3.353506922721862793e-01 2.109517604112625122e-01 -1.408129557967185974e-02 9.773949980735778809e-01 7.106974720954895020e-01 3.907506465911865234e+02
4.000000000000000000e+06 9.927139276296897963e-01 -1.204235848908873779e-01 -4.149468889178949994e-03 -3.871000012503998722e+00 1.204220861985903362e-01 9.927225941728249348e-01 -6.100609444421880266e-04 1.870659907388942278e+00 4.192737246036806580e-03 1.059282959996060578e-04 9.999912048281133226e-01 4.468898357070327787e-02 6.136478781700134277e-01 2.375577576458454132e-02 -7.892224192619323730e-01 4.913951396942138672e+00 -1.442961301654577255e-02 9.997177124023437500e-01 1.887220516800880432e-02 -5.893166065216064453e+00 7.894480228424072266e-01 -1.927196426549926400e-04 6.138174533843994141e-01 -1.113116621971130371e+00 2.277474403381347656e+03
5.000000000000000000e+06 8.405285274046916388e-01 5.412545860859120372e-01 -2.356411805836285817e-02 7.422197767316749406e+00 -5.417289694610680773e-01 8.391563951923206588e-01 -4.843829120106045438e-02 -3.632223969204924074e+00 -6.443466888996812053e-03 5.347913096524283677e-02 9.985481782496289371e-01 -5.030617192469270804e-02 9.637612104415893555e-01 6.509571522474288940e-02 -2.587021589279174805e-01 9.641503542661666870e-02 -3.519491106271743774e-02 9.923208951950073242e-01 1.185778602957725525e-01 -5.859921455383300781e+00 2.644344568252563477e-01 -1.051757484674453735e-01 9.586513638496398926e-01 -5.335501432418823242e-01 5.454053878784179688e+02
6.000000000000000000e+06 9.887566338897015861e-01 -1.492327543802189904e-01 -9.481769834783285167e-03 -7.406495557931732643e-01 1.492069185619076532e-01 9.888002175823777939e-01 -3.380112764795413852e-03 -1.564230618729903488e-01 9.879999613705893816e-03 1.927363259925463611e-03 9.999493341557348369e-01 -1.834191311293500298e-02 9.996916055679321289e-01 -2.040445618331432343e-02 1.415452826768159866e-02 2.510976046323776245e-02 2.156939730048179626e-02 9.959110617637634277e-01 -8.772564679384231567e-02 2.128352820873260498e-01 -1.230665761977434158e-02 8.800389617681503296e-02 9.960440993309020996e-01 -1.707824319601058960e-01 2.162847518920898438e+02
7.000000000000000000e+06 9.992531705852044643e-01 3.818662570950178553e-02 -5.906157154910295949e-03 7.571466351949971418e-01 -3.818859024897357929e-02 9.992705254838715190e-01 -2.201680792097599230e-04 -1.096257107855633933e-01 5.893441287743576493e-03 4.455514667469198989e-04 9.999825342643131609e-01 -1.223646087650515600e-02 9.995406866073608398e-01 3.016941773239523172e-04 -3.030207194387912750e-02 5.015297327190637589e-03 -1.238474796991795301e-04 9.999828338623046875e-01 5.870812572538852692e-03 -6.172069311141967773e-01 3.030331991612911224e-02 -5.864366423338651657e-03 9.995235800743103027e-01 -1.060483306646347046e-01 2.210533618927001953e+02
8.000000000000000000e+06 9.999732352048793516e-01 -3.961589159943268434e-03 6.150990588093164721e-03 2.853646954729409727e-02 3.955146947026397936e-03 9.999916174646261702e-01 1.059156791090124731e-03 -1.717146153117298304e-02 -6.155134971259240174e-03 -1.034800371329925792e-03 9.999805215611337061e-01 -3.655586375280865143e-03 9.999985098838806152e-01 -5.252200062386691570e-04 1.596870948560535908e-03 6.801898125559091568e-04 5.302492645569145679e-04 9.999948143959045410e-01 -3.151515033096075058e-03 -6.364575237967073917e-04 -1.595135894604027271e-03 3.152360673993825912e-03 9.999937415122985840e-01 -2.070702146738767624e-03 1.516177654266357422e+02
9.000000000000000000e+06 9.999994640222793496e-01 -9.597058848282509665e-04 -3.884839361732073289e-04 6.493085602624521467e-03 9.600073494032434519e-04 9.999992376688163764e-01 7.765614432769106686e-04 -1.870992921753170460e-03 3.877383694327448597e-04 -7.769339744911297682e-04 9.999996230162070399e-01 8.083902263748883208e-04 9.999991059303283691e-01 2.057715755654498935e-05 1.396267558448016644e-03 6.644980167038738728e-04 -2.058967947959899902e-05 1.000000000000000000e+00 9.656551810621749610e-06 -1.920277136377990246e-03 -1.396324252709746361e-03 -9.686107659945264459e-06 9.999990463256835938e-01 3.304049838334321976e-03 1.109614372253417969e+02
1.000000000000000000e+07 9.999994175713478040e-01 7.783278709118752678e-04 7.477049489268067835e-04 4.772394053723056501e-03 -7.778328793135198945e-04 9.999994783145930155e-01 -6.620774530504342555e-04 1.162546789481233621e-03 -7.482198721944575536e-04 6.614954779442548194e-04 9.999995012952535012e-01 -2.017579777607310821e-03 9.999990463256835938e-01 3.013915011251810938e-05 1.395291765220463276e-03 5.197349819354712963e-04 -3.013973946508485824e-05 1.000000000000000000e+00 -1.343824322930231574e-07 -1.831617322750389576e-03 -1.395277678966522217e-03 9.238463150040843175e-08 9.999990463256835938e-01 3.370829625055193901e-03 1.291797161102294922e+02
1.100000000000000000e+07 9.999988694102284192e-01 -1.377657970208840364e-03 -6.026912825691833637e-04 -8.915275029437088466e-03 1.378354973274553003e-03 9.999983800466235584e-01 1.157601700134725225e-03 3.165078535573705165e-03 6.010955270288873865e-04 -1.158431113888761833e-03 9.999991483603982712e-01 -1.072818210549573775e-03 9.999990463256835938e-01 3.030464540643151850e-05 1.384823000989854336e-03 4.910786519758403301e-04 -3.031147389265242964e-05 9.999999403953552246e-01 5.314841928338864818e-06 -1.826265710406005383e-03 -1.384823815897107124e-03 -5.355786925065331161e-06 9.999989867210388184e-01 3.366010263562202454e-03 9.331560134887695312e+01
1.200000000000000000e+07 9.999915443782201319e-01 -4.063275020255534969e-03 6.332204765020242382e-04 3.706061647948697378e-03 4.064139527125174706e-03 9.999908028918582659e-01 -1.370000584158378261e-03 -2.791787253369786698e-02 -6.276479635534781658e-04 1.372562496319537466e-03 9.999988610644651166e-01 7.751379990272903257e-04 9.999991655349731445e-01 2.724773366935551167e-05 1.259909360669553280e-03 4.056449979543685913e-04 -2.725348531384952366e-05 1.000000000000000000e+00 4.235647793393582106e-06 -1.724853646010160446e-03 -1.259904936887323856e-03 -4.270043064025230706e-06 9.999992251396179199e-01 3.067256649956107140e-03 1.253337860107421875e+02
1.300000000000000000e+07 9.999972720042998864e-01 -1.446806025678892089e-03 -1.833776508310760740e-03 4.117993052641991808e-02 1.450152384086630030e-03 9.999972835208572608e-01 1.824831216615544795e-03 1.105680557014015325e-02 1.831131350095077225e-03 -1.827485493859241049e-03 9.999966536217750335e-01 -8.166213944309379247e-03 9.999992251396179199e-01 1.778544719854835421e-05 1.279167947359383106e-03 5.859414231963455677e-04 -1.776509816409088671e-05 1.000000000000000000e+00 -1.581336437084246427e-05 -1.743289758451282978e-03 -1.279165386222302914e-03 1.579070340085308999e-05 9.999992251396179199e-01 3.006539540365338326e-03 8.555388450622558594e+01
1.400000000000000000e+07 9.999994029450548494e-01 8.248716500371344957e-04 7.167260948265533971e-04 -1.539865717228608259e-02 -8.256980014471564490e-04 9.999989939186736398e-01 1.153422928058333826e-03 9.633060407115884988e-03 -7.157739478679550843e-04 -1.154014038705554034e-03 9.999990779592018431e-01 -9.310039643334341950e-04 9.999992847442626953e-01 2.778969792416319251e-05 1.203757361508905888e-03 3.910181112587451935e-04 -2.780647992040030658e-05 1.000000000000000000e+00 1.380240792059339583e-05 -1.614261767826974392e-03 -1.203800784423947334e-03 -1.383598191750934348e-05 9.999992847442626953e-01 2.975769806653261185e-03 1.978895664215087891e+02
1.500000000000000000e+07 9.999998931079825404e-01 -4.422462019232767990e-04 -1.349159745246742738e-04 2.477378573208027183e-04 4.422364857804293226e-04 9.999998996187332567e-01 -7.203758634142195020e-05 -1.732998410096301669e-03 1.349478193305930979e-04 7.197791387472958599e-05 9.999999883041328363e-01 -1.694892809156500790e-04 9.999994039535522461e-01 1.466720004827948287e-05 1.046944060362875462e-03 4.295874387025833130e-04 -1.465508739784127101e-05 1.000000000000000000e+00 -1.188924215966835618e-05 -1.335117965936660767e-03 -1.046946039423346519e-03 1.187368616228923202e-05 9.999994635581970215e-01 2.513514831662178040e-03 1.644914150238037109e+02
1.600000000000000000e+07 9.999974661448933766e-01 -2.250738027567241849e-03 -4.338345438664163603e-05 1.392234711149485660e-03 2.250728090475131310e-03 9.999974411717709177e-01 -2.277563904200063211e-04 -9.609218931974724057e-03 4.389596334477363453e-05 2.276581689588635232e-04 9.999999731224509247e-01 -1.457414162543341283e-04 9.999994635581970215e-01 2.264926843054126948e-05 1.086659613065421581e-03 3.996556624770164490e-04 -2.264962131448555738e-05 1.000000000000000000e+00 5.417043666966492310e-07 -1.523790648207068443e-03 -1.086566830053925514e-03 -5.660969009113614447e-07 9.999994039535522461e-01 2.596404170617461205e-03 2.098872661590576172e+02
1.700000000000000000e+07 9.999988545474960411e-01 -1.513571815369723792e-03 -2.013877828944239653e-06 -3.089097202299541985e-03 1.513571947826377944e-03 9.999988522724280182e-01 6.748174050468097054e-05 -3.001084383988033427e-03 1.911737057081150319e-06 -6.748471135654057350e-05 9.999999977210795032e-01 -7.682231002936959897e-05 9.999990463256835938e-01 3.121959525742568076e-05 1.408187323249876499e-03 4.542618989944458008e-04 -3.123434362350963056e-05 1.000000000000000000e+00 1.112224072130629793e-05 -1.921531162224709988e-03 -1.408262294717133045e-03 -1.116585008276160806e-05 9.999990463256835938e-01 3.452419536188244820e-03 1.563606262207031250e+02
1.800000000000000000e+07 9.999978555945467917e-01 -1.869702843776353471e-03 8.905153474863733692e-04 -3.581551800273740163e-03 1.869431739075040275e-03 9.999982060462414557e-01 3.051708892525683984e-04 -1.873900117298512788e-02 -8.910843288224920165e-04 -3.035054771877248561e-04 9.999995569264740203e-01 -2.229010739822097700e-03 9.999994039535522461e-01 2.265963121317327023e-05 1.113623729906976223e-03 3.661861992441117764e-04 -2.266301999043207616e-05 1.000000000000000000e+00 3.386602884347666986e-06 -1.422074390575289726e-03 -1.113648526370525360e-03 -3.412136948099941947e-06 9.999993443489074707e-01 2.684448612853884697e-03 1.895191669464111328e+02
1.900000000000000000e+07 9.999989160327791282e-01 9.074531772412359164e-04 -1.159509378132789377e-03 6.177240257135471410e-03 -9.063461441963111811e-04 9.999991333398056126e-01 9.549116736528726534e-04 7.928210695259618745e-03 1.160374910864407595e-03 -9.538597217058894301e-04 9.999988718402124110e-01 -1.425907054153271840e-03 9.999991655349731445e-01 -1.090343430405482650e-04 1.235795672982931137e-03 3.576442541088908911e-04 1.088148565031588078e-04 1.000000000000000000e+00 1.761277526384219527e-04 -2.637822180986404419e-03 -1.235761330462992191e-03 -1.759938750183209777e-04 9.999992251396179199e-01 9.766329312697052956e-04 1.195731163024902344e+02
2.000000000000000000e+07 9.999993089954701819e-01 -1.158645367525198457e-03 1.988705467964988654e-04 1.759093356416777153e-03 1.158683517566291236e-03 9.999993103274756878e-01 -1.918256475048162719e-04 -5.803633796889437133e-03 -1.986481517430928627e-04 1.920559429771274030e-04 9.999999618267124690e-01 -8.303715034522099296e-04 9.999995231628417969e-01 -3.312678381917066872e-05 9.664865210652351379e-04 3.634407476056367159e-04 3.303017001599073410e-05 1.000000000000000000e+00 1.007314422167837620e-04 -1.715740538202226162e-03 -9.665270918048918247e-04 -1.006984311970882118e-04 9.999995827674865723e-01 1.579538453370332718e-03 1.183648109436035156e+02
2.100000000000000000e+07 9.999991686730992368e-01 -7.243036905356940898e-04 1.066788298753000358e-03 1.006526368365040329e-02 7.237207776417724442e-04 9.999995886718189286e-01 5.467032368417853875e-04 -1.122246059023234051e-02 -1.067183839124982150e-03 -5.459307254955251187e-04 9.999992815388900613e-01 -1.855309510660581827e-03 9.999995827674865723e-01 2.491822669981047511e-05 9.895886760205030441e-04 3.764895373024046421e-04 -2.496006163710262626e-05 9.999999403953552246e-01 4.322364475228823721e-05 -1.379768480546772480e-03 -9.896345436573028564e-04 -4.324922701925970614e-05 9.999994635581970215e-01 2.410081680864095688e-03 1.393806934356689453e+02
2.200000000000000000e+07 9.999638312478591473e-01 -8.292170546649348800e-03 -1.891058890751210787e-03 6.074630132951508443e-03 8.296393750630516942e-03 9.999630833968802257e-01 2.236446766250607242e-03 -3.836181944693872747e-02 1.872444081276412485e-03 -2.252054845925145331e-03 9.999957110918693548e-01 8.773542923690541215e-03 9.999990463256835938e-01 3.083650881308130920e-05 1.314651337452232838e-03 3.935294516850262880e-04 -3.086557990172877908e-05 1.000000119209289551e+00 2.059682628896553069e-05 -1.811282243579626083e-03 -1.314588007517158985e-03 -2.063728425127919763e-05 9.999991655349731445e-01 3.254385897889733315e-03 1.771094799041748047e+02
2.300000000000000000e+07 9.999956439299365618e-01 2.006364836365176398e-03 2.164860571709610864e-03 -9.413002979525896333e-03 -2.002906448867039502e-03 9.999967165801016966e-01 -1.598497661213885233e-03 3.086671440774275965e-02 -2.168060633061804233e-03 1.594154684846101457e-03 9.999963790854105028e-01 -1.138056347887277976e-02 9.999992251396179199e-01 2.008201045100577176e-05 1.281487755477428436e-03 4.225195443723350763e-04 -2.005861097131855786e-05 9.999999403953552246e-01 -1.713995879981666803e-05 -1.747169997543096542e-03 -1.281499979086220264e-03 1.711440017970744520e-05 9.999991655349731445e-01 3.065009601414203644e-03 9.292745590209960938e+01
2.400000000000000000e+07 9.999940604460162419e-01 -3.246524532451568277e-03 -1.157216984587566399e-03 -3.674290604914126797e-03 3.245677362928003819e-03 9.999944639808300284e-01 -7.332026652983156430e-04 -1.305797075840262056e-02 1.159590938652305678e-03 7.294423574306324685e-04 9.999990616309109015e-01 -1.354281694829734045e-03 9.999991655349731445e-01 2.656850301718804985e-05 1.307290745899081230e-03 4.733190289698541164e-04 -2.657450386323034763e-05 1.000000000000000000e+00 4.669255758926738054e-06 -1.725171227008104324e-03 -1.307268510572612286e-03 -4.704026196122867987e-06 9.999991059303283691e-01 3.071955172345042229e-03 8.819055557250976562e+01
2.500000000000000000e+07 9.999982355705460124e-01 -1.878452575366583660e-03 1.648383517673231182e-05 1.664508781525379441e-02 1.878445275330638785e-03 9.999981423078927456e-01 4.322315478744927241e-04 -1.523159245419628167e-02 -1.729573101910133418e-05 -4.321998212501116710e-04 9.999999064520816994e-01 -3.899586151853769059e-04 9.999990463256835938e-01 2.561915425758343190e-05 1.398607506416738033e-03 4.857832391280680895e-04 -2.561556539149023592e-05 9.999999403953552246e-01 -3.006244696734938771e-06 -1.935663749463856220e-03 -1.398574328050017357e-03 2.969980414491146803e-06 9.999991059303283691e-01 3.359456546604633331e-03 9.756374359130859375e+01
2.600000000000000000e+07 9.999990448978681723e-01 1.052754511504725874e-03 8.954949971828549951e-04 2.982552993864738197e-03 -1.052193836653690434e-03 9.999992502885461931e-01 -6.263469290853808510e-04 -4.336073542064443863e-03 -8.961537153753605222e-04 6.254040965433037107e-04 9.999994028889389597e-01 -5.780684429205851596e-05 9.999989867210388184e-01 2.247692464152351022e-05 1.399596803821623325e-03 4.891169373877346516e-04 -2.247266820631921291e-05 1.000000000000000000e+00 -3.750615633180132136e-06 -1.935591106303036213e-03 -1.399629749357700348e-03 3.719838787219487131e-06 9.999990463256835938e-01 3.256185911595821381e-03 1.132602691650390625e+02
2.700000000000000000e+07 9.999901704572639050e-01 -4.401568035544718011e-03 5.340296628116274072e-04 1.113806860575548927e-03 4.400950368793926648e-03 9.999896518332068718e-01 1.152329099282387980e-03 -2.693655606363420246e-02 -5.390961915134335602e-04 -1.149967534372762839e-03 9.999991934746578215e-01 -4.706640838710048243e-03 9.999992847442626953e-01 8.787900878814980388e-05 1.238251221366226673e-03 8.667683578096330166e-04 -8.910988253774121404e-05 9.999994635581970215e-01 9.962869808077812195e-04 -2.531792735680937767e-03 -1.238249824382364750e-03 -9.963992051780223846e-04 9.999986886978149414e-01 3.289482090622186661e-03 1.032767295837402344e+02
2.800000000000000000e+07 9.999097906430639560e-01 -4.246517969586116256e-03 1.274274936102864561e-02 -3.691490835362516015e-02 4.264029955540793101e-03 9.999900012086840873e-01 -1.347416488779042782e-03 -2.349647870863245600e-02 -1.273690012060487743e-02 1.401630404195439335e-03 9.999179000335616241e-01 3.603934161439013677e-03 9.999998211860656738e-01 1.672405342105776072e-04 5.276688607409596443e-04 -9.410993009805679321e-02 -1.735668483888730407e-04 9.999278783798217773e-01 1.200884114950895309e-02 1.127699375152587891e+00 -5.255837459117174149e-04 -1.200893335044384003e-02 9.999277591705322266e-01 3.203593492507934570e-01 1.253845691680908203e+02
2.900000000000000000e+07 9.999926982560525257e-01 -2.052677683380310820e-04 -3.815927111817960481e-03 -2.114035187646550185e+00 2.150920963950925984e-04 9.999966632835667335e-01 2.574326537726857444e-03 1.193609505725254545e-02 3.815385952887885915e-03 -2.575128516415813636e-03 9.999894057154578020e-01 1.339645016591381986e-02 9.999700784683227539e-01 -7.733308244496583939e-03 3.009144165844190866e-05 -2.718843221664428711e-01 7.732049562036991119e-03 9.997204542160034180e-01 -2.234751731157302856e-02 3.115062952041625977e+00 1.427218521712347865e-04 2.234708704054355621e-02 9.997501969337463379e-01 8.400217890739440918e-01 1.896693706512451172e+02
3.000000000000000000e+07 9.999300462087820085e-01 1.588420737874620021e-03 1.172090476297065961e-02 -3.059101506528398851e+00 -1.864873489527315133e-03 9.997194303763685674e-01 2.361319069539197929e-02 6.407645468617897966e-02 -1.168010855134474571e-02 -2.363339686774582060e-02 9.996524584157837623e-01 1.344163265929788388e-02 9.998557567596435547e-01 5.557207623496651649e-04 -1.697451807558536530e-02 -2.891554832458496094e-01 -5.416236235760152340e-04 9.999994635581970215e-01 8.350785356014966965e-04 3.420245885848999023e+00 1.697498932480812073e-02 -8.257640874944627285e-04 9.998555779457092285e-01 9.421335458755493164e-01 1.703526973724365234e+02
3.100000000000000000e+07 9.999303941804857931e-01 1.054983823297947314e-02 5.282774585043384027e-03 -4.159702562095285217e+00 -1.053610072018844324e-02 9.999410572949585241e-01 -2.621548674847842125e-03 -1.600794709887589512e-02 -5.310120118458743453e-03 2.565706354693864186e-03 9.999826097364038491e-01 3.504309585838418731e-03 9.999781250953674316e-01 6.625059526413679123e-03 -1.662465729168616235e-05 -2.525482177734375000e-01 -6.621059495955705643e-03 9.994553923606872559e-01 3.233002126216888428e-02 3.693085670471191406e+00 2.308769180672243237e-04 -3.232920169830322266e-02 9.994773268699645996e-01 1.028029203414916992e+00 2.094020843505859375e+02
3.200000000000000000e+07 9.999613626599844762e-01 -1.143229862618104498e-03 8.715859835275776776e-03 -3.023830783630286234e+00 1.027642925909221091e-03 9.999116252910515978e-01 1.325464287804269115e-02 1.819428477934684901e-02 -8.730242677256116676e-03 -1.324517396219609087e-02 9.998741661976807693e-01 4.576347224828486437e-02 9.999884366989135742e-01 -4.805048927664756775e-03 1.205056469189003110e-04 1.244779489934444427e-02 4.804837051779031754e-03 9.999868869781494141e-01 1.729301759041845798e-03 5.281424522399902344e-01 -1.288711209781467915e-04 -1.728705014102160931e-03 9.999984502792358398e-01 1.066443100571632385e-01 1.757733821868896484e+02
3.300000000000000000e+07 9.999487206498665071e-01 1.341255385850199846e-03 1.003778385328412195e-02 1.149968998408676391e-01 -1.224357432206617854e-03 9.999314696732045649e-01 -1.164289079495290161e-02 -6.694619529759225640e-02 -1.005271205066195217e-02 1.163000391981560896e-02 9.998818360132619709e-01 -4.106416847530418995e-03 9.996990561485290527e-01 4.690508358180522919e-03 -2.407936751842498779e-02 -1.649954169988632202e-02 -4.684944637119770050e-03 9.999889731407165527e-01 2.875947684515267611e-04 -1.010288596153259277e+00 2.408045157790184021e-02 -1.746915077092126012e-04 9.997100234031677246e-01 -2.073176205158233643e-01 1.127395629882812500e+02
3.400000000000000000e+07 9.988351661292770300e-01 4.698588173381514771e-02 -1.098352498952946850e-02 1.771082365544578208e+00 -4.722667024265386759e-02 9.986239364435454124e-01 -2.280077147356005321e-02 -1.790959193357763157e-01 9.897096609173530388e-03 2.329292767545149134e-02 9.996796922009644204e-01 7.968576327738516665e-03 9.995349049568176270e-01 -7.177722640335559845e-03 -2.963651530444622040e-02 1.380614787340164185e-01 5.823796149343252182e-03 9.989464282989501953e-01 -4.552067071199417114e-02 -3.245897293090820312e+00 2.993204444646835327e-02 4.532688856124877930e-02 9.985237121582031250e-01 -8.407862782478332520e-01 1.535696983337402344e+02
3.500000000000000000e+07 9.998723524362921333e-01 5.003922550271704996e-03 -1.517364796698794475e-02 3.796830294406094986e+00 -4.612885441414525320e-03 9.996591295434222868e-01 2.569719845414671425e-02 3.740196919558144706e-02 1.529706250950099711e-02 -2.562392396956985827e-02 9.995546080124798616e-01 1.870163899375121286e-02 9.999394416809082031e-01 -2.320097701158374548e-04 -1.100944168865680695e-02 2.316489815711975098e-01 2.562726440373808146e-04 9.999976158142089844e-01 2.202499890699982643e-03 -5.610406875610351562e+00 1.100891456007957458e-02 -2.205184660851955414e-03 9.999369382858276367e-01 -1.071806073188781738e+00 2.030262947082519531e+02
3.600000000000000000e+07 9.993576200838337753e-01 3.552452769351886752e-02 -4.728119343684633949e-03 6.644700239315243451e+00 -3.549206162096450040e-02 9.993469458992528809e-01 6.781982286145924431e-03 -8.574209687153305781e-02 4.965958343499563346e-03 -6.609814973836180413e-03 9.999658242178791623e-01 -2.091591530980362046e-02 9.941799640655517578e-01 3.784066764637827873e-03 -1.076646894216537476e-01 1.012098193168640137e-01 -1.552678644657135010e-03 9.997823834419250488e-01 2.080162614583969116e-02 -8.098102569580078125e+00 1.077199727296829224e-01 -2.051339484751224518e-02 9.939695596694946289e-01 -8.868302702903747559e-01 2.939391136169433594e+02
3.700000000000000000e+07 9.935447882246095652e-01 1.123570878935589018e-01 -1.564092682019642758e-02 8.087851998399244735e+00 -1.127412068374609166e-01 9.932753110107445105e-01 -2.633584662283940808e-02 -7.056720152837256954e-01 1.257672741807324551e-02 2.792922012137013382e-02 9.995307822127658115e-01 -2.574225494256736704e-02 9.945222735404968262e-01 1.950829639099538326e-03 -1.045063436031341553e-01 -5.342831462621688843e-02 1.614077016711235046e-03 9.994199275970458984e-01 3.401643782854080200e-02 -8.768627166748046875e+00 1.045120730996131897e-01 -3.399879112839698792e-02 9.939423799514770508e-01 -1.960414946079254150e-01 4.627542495727539062e+02
3.800000000000000000e+07 9.981136165197851406e-01 5.748982100247365667e-02 2.154365333221462328e-02 -8.559080403601911913e-01 -5.720135013991365508e-02 9.982676164595868373e-01 -1.377575661320856217e-02 1.292465492267389285e-02 -2.229829724364853008e-02 1.251744419595701881e-02 9.996729962997075170e-01 -7.063017379747882005e-03 9.995157718658447266e-01 8.083345019258558750e-04 -3.110547736287117004e-02 -7.925164699554443359e-02 -2.220195950940251350e-03 9.989672899246215820e-01 -4.538175463676452637e-02 -8.467323303222656250e+00 3.103666938841342926e-02 4.542884603142738342e-02 9.984852671623229980e-01 -1.951306164264678955e-01 3.463947772979736328e+02
3.900000000000000000e+07 9.997778172021407617e-01 2.089059339164485787e-02 -2.810576145135412762e-03 7.454210117709129335e+00 -2.074833055356918934e-02 9.988340069396596244e-01 4.359051915386551179e-02 7.647741839660465724e-03 3.717930844228738933e-03 -4.352251932745453133e-02 9.990455281425509870e-01 6.855915923926513174e-03 9.999926686286926270e-01 -7.797322905389592052e-05 -3.821779508143663406e-03 1.508241798728704453e-02 8.881210669642314315e-05 9.999959468841552734e-01 2.835990628227591515e-03 -7.397014141082763672e+00 3.821545280516147614e-03 -2.836310071870684624e-03 9.999887347221374512e-01 3.802928328514099121e-01 2.449309825897216797e+02
4.000000000000000000e+07 9.999899806600970331e-01 4.436295210611783044e-03 -5.982175382650992222e-04 7.330179791427749336e+00 -4.436627573944080909e-03 9.999900038768586574e-01 -5.554116764798836241e-04 -3.258449309118299775e-02 5.957475882486358782e-04 5.580601800469947625e-04 9.999996668267677746e-01 2.554454303500214990e-02 9.999991655349731445e-01 -5.847113584422913846e-07 1.288172323256731033e-03 1.715223863720893860e-02 1.599619395165063906e-06 9.999997615814208984e-01 -7.879004115238785744e-04 -6.259615421295166016e+00 -1.288165920414030552e-03 7.879025652073323727e-04 9.999988675117492676e-01 2.968443334102630615e-01 3.418426513671875000e+02
4.100000000000000000e+07 9.999954374870098084e-01 -1.459673166264577066e-03 -2.644685125259345349e-03 5.180797537113187801e+00 1.453082234004367604e-03 9.999958383570995979e-01 -2.492352403449968074e-03 -4.354081586832154148e-03 2.648312138948460265e-03 2.488498087089700914e-03 9.999933968882421809e-01 3.057520417699299831e-02 9.999835491180419922e-01 -2.010574644373264164e-05 5.740516353398561478e-03 1.829891651868820190e-02 1.655030246183741838e-05 9.999997615814208984e-01 6.194030283950269222e-04 -5.522253036499023438e+00 -5.740531720221042633e-03 -6.192986620590090752e-04 9.999833703041076660e-01 2.408612668514251709e-01 1.763668060302734375e+02
4.200000000000000000e+07 9.999697986694937590e-01 -7.728581297738850060e-03 -8.190116094666159783e-04 6.526483282477124170e+00 7.727471830344004138e-03 9.999692323689394202e-01 -1.349257049361584021e-03 2.277780431682939477e-02 8.294142532171197959e-04 1.342887410862620258e-03 9.999987543619234254e-01 8.731961094331436649e-03 9.999504089355468750e-01 6.416250835172832012e-05 9.952790103852748871e-03 1.597198657691478729e-02 2.809227771649602801e-05 9.999570846557617188e-01 -9.268825873732566833e-03 -4.626473903656005859e+00 -9.952957741916179657e-03 9.268646128475666046e-03 9.999074339866638184e-01 1.534724831581115723e-01 2.437462806701660156e+02
4.300000000000000000e+07 9.999058806368205099e-01 -7.613974359469117582e-03 -1.141303037575466459e-02 4.594503926562127916e+00 7.623030035336326136e-03 9.999706629078950471e-01 7.501577337462575403e-04 3.345417198987971769e-02 1.140698386888103211e-02 -8.370890027266566363e-04 9.999345878611343164e-01 3.753040893548542038e-03 9.998584985733032227e-01 9.328620944870635867e-05 1.682468317449092865e-02 2.194383926689624786e-02 -1.072082523023709655e-04 9.999996423721313477e-01 8.265804499387741089e-04 -6.653840541839599609e+00 -1.682459563016891479e-02 -8.282666676677763462e-04 9.998581409454345703e-01 1.905478686094284058e-01 1.584844589233398438e+02
4.400000000000000000e+07 9.998749099490561454e-01 -1.580755650022993772e-02 5.344266638218285155e-04 6.797340238243264388e+00 1.580816483066928985e-02 9.998743773318169437e-01 -1.153897741469315065e-03 8.075696578480694166e-02 -5.161192239746071947e-04 1.162201705133650764e-03 9.999991914537447180e-01 -5.314796665022072236e-02 9.995208382606506348e-01 4.702707519754767418e-05 3.095304779708385468e-02 3.103604912757873535e-02 -1.812491973396390676e-04 9.999905824661254883e-01 4.333521239459514618e-03 -8.744668960571289062e+00 -3.095256164669990540e-02 -4.337055142968893051e-03 9.995114207267761230e-01 2.493240684270858765e-02 2.526347637176513672e+02
4.500000000000000000e+07 9.996137675247735999e-01 -2.675367729904238115e-02 7.520407296577940812e-03 8.107568544439587299e+00 2.672901392278472996e-02 9.996370654098383213e-01 3.361141699208688126e-03 1.238439727390843043e-01 -7.607600781014893336e-03 -3.158830445795372463e-03 9.999660725247488946e-01 -5.306087451162932317e-02 9.999813437461853027e-01 -1.749277907947544008e-05 6.109918933361768723e-03 8.520158939063549042e-03 -2.692956513783428818e-05 9.999735355377197266e-01 7.270364556461572647e-03 -8.409962654113769531e+00 -6.109878886491060257e-03 -7.270392961800098419e-03 9.999548792839050293e-01 -1.426585465669631958e-01 3.191754817962646484e+02
4.600000000000000000e+07 9.999351783208523248e-01 -1.076940216505870192e-02 3.695826491144195338e-03 9.030020774863652733e+00 1.076870739473939284e-02 9.999419941901540598e-01 2.078366293942692671e-04 4.705286055872869716e-02 -3.697850387982103398e-03 -1.680238830101053022e-04 9.999931488117720368e-01 -1.273199239959775389e-03 9.999994635581970215e-01 -6.206258262864139397e-07 1.012135297060012817e-03 3.907874692231416702e-03 3.446173877819092013e-06 9.999961853027343750e-01 -2.791604027152061462e-03 -7.507771492004394531e+00 -1.012132503092288971e-03 2.791605656966567039e-03 9.999956488609313965e-01 -2.002071291208267212e-01 2.320096731185913086e+03
4.700000000000000000e+07 9.999980960117816897e-01 -1.067333722426724082e-03 -1.633637516871011552e-03 7.186006007476331447e+00 1.067157235358182597e-03 9.999994246578326473e-01 -1.089010502086526445e-04 1.984349149468095288e-03 1.633752810733757289e-03 1.071574947662545953e-04 9.999986596836141217e-01 3.027628302384795245e-02 1.000000119209289551e+00 -1.690921067165618297e-06 2.646391840244177729e-05 5.346862599253654480e-03 6.488676831395423505e-07 9.992265105247497559e-01 3.932235762476921082e-02 -5.537610054016113281e+00 -2.651286558830179274e-05 -3.932235762476921082e-02 9.992265701293945312e-01 -1.349434703588485718e-01 3.676481246948242188e+02
4.800000000000000000e+07 9.991274505265153039e-01 -1.008017548972394610e-03 4.175310174115062778e-02 5.044407642546444137e+00 9.780184103499647147e-04 9.999992487463131852e-01 7.389091949576659466e-04 9.274017195322281854e-04 -4.175381520741461294e-02 -6.974291579365920341e-04 9.991276857880552198e-01 1.347666220112837474e-02 1.000000000000000000e+00 2.075295526537956903e-07 1.770126254996284842e-05 -2.589029958471655846e-03 4.805693833986879326e-07 9.992442727088928223e-01 -3.887010365724563599e-02 5.196654424071311951e-02 -1.768999027262907475e-05 3.887009993195533752e-02 9.992442131042480469e-01 5.031078122556209564e-03 1.133720874786376953e+02
4.900000000000000000e+07 9.993651511238584861e-01 -1.386453082432031417e-03 -3.560017509841477412e-02 -5.097422685504324896e-02 1.408642242547093401e-03 9.999988289330767888e-01 5.982135970109111935e-04 -3.703597852132123336e-02 3.559930401314172210e-02 -6.479817322668563655e-04 9.993659338167649731e-01 4.302538025666042924e-03 1.000000000000000000e+00 2.933731924059657103e-09 1.067575916557927940e-09 -2.341847139177843928e-04 -2.959883227404702666e-09 9.999974370002746582e-01 -2.281597349792718887e-03 4.417708143591880798e-03 -9.967171185620848917e-12 2.281598048284649849e-03 9.999974370002746582e-01 2.150578802684322000e-04 9.267759323120117188e+01
5.000000000000000000e+07 9.999978967000217045e-01 1.401659273453410718e-03 -1.497313198338547742e-03 -2.628395931037527319e-02 -1.398709816068398771e-03 9.999970831875538702e-01 1.969067605491713752e-03 -4.946570879149667088e-03 1.500068792826069137e-03 -1.966969157283616522e-03 9.999969404082950097e-01 5.721044961961668741e-04 1.000000000000000000e+00 -1.834651874865755872e-09 3.499612155621889542e-09 -3.098911838605999947e-05 1.849898900729840534e-09 9.999999403953552246e-01 -4.018622857984155416e-04 7.981377420946955681e-04 2.008637613876151917e-12 4.018616746179759502e-04 9.999998807907104492e-01 5.095987489767139778e-07 7.930207252502441406e+01
5.100000000000000000e+07 9.999980304649080942e-01 1.760485526658624048e-03 9.163825703026155529e-04 -6.895627346524805905e-03 -1.760764681397891402e-03 9.999984036721702996e-01 3.039092759994826477e-04 7.118839811414942251e-03 -9.158460795738013237e-04 -3.055222115039362926e-04 9.999995339409597506e-01 6.224920944121424375e-03 1.000000000000000000e+00 3.696083661353100069e-09 -2.142798827264869033e-09 -2.599623076093848795e-05 -3.699899053799526882e-09 9.999999403953552246e-01 -6.611314893234521151e-05 1.338871807092800736e-04 -2.530531990549422794e-12 6.611311982851475477e-05 1.000000000000000000e+00 -3.596257727167539997e-07 7.599091529846191406e+01
5.200000000000000000e+07 9.999974852166374495e-01 -2.195814021037102704e-04 2.231892562117529250e-03 -2.336453081752699282e-03 2.236832896541531403e-04 9.999982862853152854e-01 -1.837768271161446636e-03 4.100638619134393259e-03 -2.231485197556747502e-03 1.838262886642823193e-03 9.999958206229527802e-01 -8.200857937270876127e-03 1.000000000000000000e+00 -5.257606849884410849e-12 -4.562509224592670165e-12 -4.563460720419243444e-12 2.546228684322695663e-22 1.000000000000000000e+00 -1.331689782091416419e-05 -1.331689782091416419e-05 4.447528882883771873e-19 1.331688963546184823e-05 1.000000000000000000e+00 -8.227630132751073688e-09 7.455539703369140625e+01
5.300000000000000000e+07 9.999998669059808609e-01 4.491716994764596090e-04 -2.538361771923980294e-04 8.829888001463333941e-03 -4.489720813140421528e-04 9.999995903799248076e-01 7.859160596312236803e-04 1.093277093526091089e-03 2.541890844681544102e-04 -7.858019896737097713e-04 9.999996589515131040e-01 -1.483607947562440472e-03 1.000000000000000000e+00 3.703540807364902321e-10 -5.919762293207786463e-13 5.998650976835051551e-06 -3.699999473472104228e-10 1.000000000000000000e+00 -1.727799713080457877e-06 -1.727878611745836679e-06 -2.236691192501749637e-13 1.727895778458332643e-06 1.000000000000000000e+00 1.261496720417198958e-07 6.107187271118164062e+01
5.400000000000000000e+07 9.999918543655623715e-01 -3.903007200076448035e-03 -1.028463572486359393e-03 4.837597613591619258e-03 3.903354393589493401e-03 9.999923255040072956e-01 3.357939332325414581e-04 -1.248947722739349869e-02 1.027145073407645121e-03 -3.398056557822263634e-04 9.999994147523858512e-01 -2.252048837783124542e-03 1.000000000000000000e+00 -4.206156465385676011e-21 5.730895053766425269e-18 9.997752385970670730e-07 -1.739327779754953188e-21 1.000000000000000000e+00 -1.619143687409183418e-20 -1.313082975684665143e-11 3.268914383232996243e-18 1.210782261203255762e-19 1.000000000000000000e+00 2.119904252140258905e-08 8.941197395324707031e+01
5.500000000000000000e+07 9.999999331942573955e-01 3.599071262849589661e-04 6.386189087614735198e-05 -1.664137629293505408e-02 -3.599166311679274943e-04 9.999999241464924138e-01 1.488859562123497743e-04 -3.255203738258347166e-03 -6.380830091535435740e-05 -1.489089312225370747e-04 9.999999868773152834e-01 -2.644180260875035864e-03 1.000000000000000000e+00 -2.957894151833784235e-09 -6.451275061034045244e-13 8.997976692626252770e-06 2.959999578777683382e-09 1.000000000000000000e+00 -1.884999733192671556e-06 -1.885117853817064315e-06 1.784256553269414347e-12 1.884860466816462576e-06 1.000000000000000000e+00 1.896549974844674580e-07 6.726503372192382812e+01
5.600000000000000000e+07 9.999997303002823301e-01 6.168485611886084146e-04 3.986191355887387091e-04 -2.495492868006468764e-04 -6.170467714662350792e-04 9.999996859676136829e-01 4.973107234786642867e-04 -2.482807484823632699e-03 -3.983122450051789095e-04 -4.975565560047621062e-04 9.999997968923938219e-01 -3.964755288825076197e-03 1.000000000000000000e+00 2.288875195955108911e-21 3.169275101777002465e-18 -1.299707855650922284e-05 -1.071594106258799324e-21 1.000000000000000000e+00 4.648657137967701639e-20 1.701039309409679845e-10 4.385852228460286747e-18 5.261699107624076825e-21 1.000000000000000000e+00 -2.755873254045582144e-07 6.044936180114746094e+01
5.700000000000000000e+07 9.999995563173337265e-01 -1.530544094070203519e-05 -9.418762546412022410e-04 -5.478039699984394752e-03 1.537085852139463124e-05 9.999999974704019134e-01 6.944733907814444249e-05 -1.506592192675050568e-03 9.418751893364871392e-04 -6.946178571221862626e-05 9.999995540229945634e-01 -6.881168393215753585e-04 1.000000000000000000e+00 2.288875195955108911e-21 3.169275101777002465e-18 -6.998426670179469511e-06 -1.071594106258799324e-21 1.000000000000000000e+00 4.648657137967701639e-20 9.160316949419211596e-11 4.385852228460286747e-18 5.261699107624076825e-21 1.000000000000000000e+00 -1.483931839629804017e-07 4.748868942260742188e+01
5.800000000000000000e+07 9.999992957637522384e-01 -1.024670024980364877e-03 -5.987681851697382231e-04 1.182334010043204061e-03 1.025002534498928959e-03 9.999993205168036248e-01 5.552798711152232437e-04 -8.358088663371992383e-03 5.981987996774111842e-04 -5.558932189743865954e-04 9.999996665704069532e-01 -2.086438191950856606e-03 1.000000000000000000e+00 2.288875195955108911e-21 3.169275101777002465e-18 1.099752807931508869e-05 -1.071594106258799324e-21 1.000000000000000000e+00 4.648657137967701639e-20 -1.438991148461354896e-10 4.385852228460286747e-18 5.261699107624076825e-21 1.000000000000000000e+00 2.331892687834624667e-07 7.400059700012207031e+01
5.900000000000000000e+07 9.999979603410139584e-01 2.017405903993569130e-03 9.688772032744764212e-05 -5.168964563119384306e-03 -2.017585428961844903e-03 9.999961785914116552e-01 1.890013653476617936e-03 1.384394674910087268e-02 -9.307442537672888714e-05 -1.890205277746063832e-03 9.999982092289763091e-01 -3.059469040342079928e-03 1.000000000000000000e+00 2.288875195955108911e-21 3.169275101777002465e-18 -1.799595520424190909e-05 -1.071594106258799324e-21 1.000000000000000000e+00 4.648657137967701639e-20 2.355307060497580096e-10 4.385852228460286747e-18 5.261699107624076825e-21 1.000000000000000000e+00 -3.815824527464428684e-07 7.918906211853027344e+01
