0.000000000000000000e+00 9.999993373962764442e-01 1.070499258745392446e-03 -4.233654980279923097e-04 9.021906527075795879e-01 -1.070345445050287529e-03 9.999993611606207145e-01 3.633716814823697498e-04 -7.624678290814044905e-03 4.237542166811162280e-04 -3.629182933785348418e-04 9.999998443613259402e-01 -4.796153846845614514e-03 9.999955296516418457e-01 1.583315606694668531e-04 -2.969411667436361313e-03 1.014718413352966309e+00 -1.536001800559461117e-04 9.999986886978149414e-01 1.593507127836346626e-03 6.360624451190233231e-03 2.969660796225070953e-03 -1.593043678440153599e-03 9.999943375587463379e-01 -3.806229797191917896e-04 1.701583862304687500e+02
1.000000000000000000e+06 9.997450120970942100e-01 2.251865258380384913e-02 -1.679604950877685958e-03 2.228186574578958190e+00 -2.251566223436726050e-02 9.997449083328783237e-01 1.778543401986019176e-03 -3.370449525997584045e-02 1.719226898625200207e-03 -1.740272477172586773e-03 9.999970078508116922e-01 -1.352083291512244830e-02 9.997189640998840332e-01 1.674341037869453430e-03 -2.364590391516685486e-02 2.163594245910644531e+00 -1.674576080404222012e-03 9.999986290931701660e-01 9.874063835013657808e-06 5.450952053070068359e-02 2.364588342607021332e-02 2.972630136355292052e-05 9.997204542160034180e-01 -7.334941998124122620e-03 1.260128021240234375e+02
2.000000000000000000e+06 9.924644338136159316e-01 1.225245699192453186e-01 1.441312291977425893e-03 3.502098341294715755e+00 -1.225311865456907012e-01 9.924455241698161290e-01 6.163593027138880749e-03 -3.271892445742792810e-01 -6.752323482964849716e-04 -6.293752569255821848e-03 9.999799661692593267e-01 -1.957160503779102265e-02 9.921780228614807129e-01 4.784743767231702805e-03 -1.247401162981987000e-01 3.356643915176391602e+00 -4.699246026575565338e-03 9.999884366989135742e-01 9.796347003430128098e-04 4.338082671165466309e-01 1.247433498501777649e-01 -3.857879491988569498e-04 9.921888709068298340e-01 -1.035951226949691772e-01 1.526958942413330078e+02
3.000000000000000000e+06 9.610679186225485893e-01 2.762665909630125927e-01 5.022600143134959075e-03 4.296415763957877054e+00 -2.762978316619139618e-01 9.610446624492918755e-01 7.257065291917950793e-03 -9.245634581279829067e-01 -2.822058370582730420e-03 -8.362266164264530940e-03 9.999610534871601342e-01 -3.528794064431831079e-02 9.572135806083679199e-01 2.140996366506442428e-04 -2.893820703029632568e-01 3.939413547515869141e+00 -9.535551726003177464e-06 9.999997615814208984e-01 7.083123200573027134e-04 1.713286161422729492e+00 2.893822193145751953e-01 -6.752460612915456295e-04 9.572134017944335938e-01 -6.999990344047546387e-01 3.463492393493652344e+02
4.000000000000000000e+06 9.629738391009098342e-01 2.695658283416288437e-01 3.955931969368086006e-03 4.378901489905573818e+00 -2.695897812928840787e-01 9.629420586543219196e-01 7.996342728481741977e-03 -9.562577185266136759e-01 -1.653792523173009755e-03 -8.766747690444177607e-03 9.999602037607407956e-01 -3.874350807644998118e-02 9.572594761848449707e-01 1.710557728074491024e-03 -2.892256081104278564e-01 3.143969058990478516e+00 -1.500403392128646374e-03 9.999984502792358398e-01 9.483352187089622021e-04 3.082141399383544922e+00 2.892267107963562012e-01 -4.738492716569453478e-04 9.572604894638061523e-01 -1.699620723724365234e+00 5.084083080291748047e+02
5.000000000000000000e+06 9.991800235464496360e-01 -3.879053263449210032e-02 1.160065186309239098e-02 -2.605105469535147766e-01 3.873343927342983578e-02 9.992365308308598371e-01 5.106479722834130798e-03 -4.101928109856006754e-01 -1.178987819138896040e-02 -4.652959385229585992e-03 9.999196711442334129e-01 1.156102025527739816e-02 8.370251655578613281e-01 -6.899092113599181175e-04 -5.471640229225158691e-01 3.515050172805786133e+00 2.259660046547651291e-03 9.999949932098388672e-01 2.195834182202816010e-03 1.108236408233642578e+01 5.471597313880920410e-01 -3.074374981224536896e-03 8.370225429534912109e-01 -3.946702003479003906e+00 4.081208705902099609e+02
6.000000000000000000e+06 9.968188645700036821e-01 -7.847222962864065787e-02 -1.393773347709531887e-02 -1.403785662360901965e+00 7.847698628488736228e-02 9.969159042376414259e-01 -2.061593735951814050e-04 2.572392495126468726e-01 1.391092595804658411e-02 -8.882877662168128449e-04 9.999028438222556936e-01 -5.856987277672496238e-03 9.013490676879882812e-01 -7.499798812204971910e-05 -4.330934882164001465e-01 -5.390802025794982910e-01 5.764223169535398483e-03 9.999135136604309082e-01 1.182328537106513977e-02 8.767933845520019531e+00 4.330551624298095703e-01 -1.315335091203451157e-02 9.012714624404907227e-01 2.040725499391555786e-01 3.467557430267333984e+02
7.000000000000000000e+06 9.084404270875202636e-01 4.178417022573188144e-01 1.201258871975469447e-02 8.484063482299553982e+00 -4.178124732971070787e-01 9.085197058726546260e-01 -4.968017554237694720e-03 -2.377047124966972458e+00 -1.298951848214762415e-02 -5.058614149516482651e-04 9.999155046871864849e-01 -1.110871796051174504e-01 9.162281155586242676e-01 -1.185045577585697174e-03 -4.006552100181579590e-01 3.535590171813964844e-01 9.133162675425410271e-04 9.999991655349731445e-01 -8.691776311025023460e-04 7.456262588500976562e+00 4.006559550762176514e-01 4.304439935367554426e-04 9.162284731864929199e-01 3.722292900085449219e+00 6.396429538726806641e+02
8.000000000000000000e+06 9.063615305771933750e-01 4.222921608768109847e-01 1.334566415586064224e-02 8.849479655017628232e+00 -4.223337058018230006e-01 9.064403642949141471e-01 3.269871596026348651e-04 -2.493085049386769558e+00 -1.195896456498833117e-02 -5.932692381787716719e-03 9.999108891934502807e-01 -7.377508297160403905e-02 9.248040914535522461e-01 1.440922031179070473e-03 -3.804409205913543701e-01 3.357278585433959961e+00 -2.685967367142438889e-03 9.999927282333374023e-01 -2.741768956184387207e-03 5.366588592529296875e+00 3.804342150688171387e-01 3.557450370863080025e-03 9.248011112213134766e-01 5.291458606719970703e+00 8.053874969482421875e+02
9.000000000000000000e+06 9.073706969014198043e-01 4.201831103554858338e-01 1.116119064532465274e-02 9.003722936876622285e+00 -4.202003441666833927e-01 9.074309444522863366e-01 -8.670712960089084313e-04 -2.436100670983303296e+00 -1.049233848255595736e-02 -3.903181064352565736e-03 9.999373360419874235e-01 -8.705942367817093297e-02 9.199200868606567383e-01 -6.408414803445339203e-03 -3.920534551143646240e-01 6.477991104125976562e+00 7.403743918985128403e-03 9.999720454216003418e-01 1.026954734697937965e-03 2.560040473937988281e+00 3.920359313488006592e-01 -3.847381565719842911e-03 9.199419021606445312e-01 4.349105358123779297e+00 7.172973155975341797e+02
1.000000000000000000e+07 8.958385695634004664e-01 4.441218125269650319e-01 1.513515511528267833e-02 8.359433831599954345e+00 -4.442119149119585497e-01 8.959165741351716727e-01 3.044148509578712553e-03 -2.470717196879208544e+00 -1.220786356621312088e-02 -9.450281882608794690e-03 9.998808230181673862e-01 -9.098765158551318233e-02 9.044794440269470215e-01 -5.784466397017240524e-03 -4.264781177043914795e-01 7.692496776580810547e+00 5.734375678002834320e-03 9.999825358390808105e-01 -1.401586225256323814e-03 -1.150349974632263184e+00 4.264787435531616211e-01 -1.177879283204674721e-03 9.044967889785766602e-01 1.306022167205810547e+00 4.935855865478515625e+02
1.100000000000000000e+07 9.248530881950357552e-01 3.802795123339275940e-01 5.853012487231698015e-03 8.235365683087371380e+00 -3.801733138947495094e-01 9.248097926931041490e-01 -1.396777509920819893e-02 -2.156498528280704985e+00 -1.072458196806376669e-02 1.069298078217819845e-02 9.998853151754967250e-01 -8.571721030253948159e-02 9.274385571479797363e-01 7.180958054959774017e-03 -3.739066123962402344e-01 6.524444103240966797e+00 -5.829507950693368912e-03 9.999717473983764648e-01 4.745165351778268814e-03 -4.424592494964599609e+00 3.739302158355712891e-01 -2.221160335466265678e-03 9.274542331695556641e-01 -1.969421505928039551e+00 5.715932846069335938e+02
1.200000000000000000e+07 9.780536945735512910e-01 2.083445189262092823e-01 1.879352131100950774e-03 8.186007617142861292e+00 -2.082764763966123700e-01 9.778991629484903303e-01 -1.827940054961126742e-02 -1.425839288076911071e+00 -5.646229789657327379e-03 1.748681040236293657e-02 9.998311515206524946e-01 -5.279789431934524963e-02 9.791285395622253418e-01 1.281535439193248749e-02 -2.028375566005706787e-01 4.332075119018554688e+00 -1.048764307051897049e-02 9.998662471771240234e-01 1.254644803702831268e-02 -6.422242164611816406e+00 2.029712498188018799e-01 -1.015729084610939026e-02 9.791320562362670898e-01 -3.471820831298828125e+00 3.719403743743896484e+02
1.300000000000000000e+07 9.868937266957121812e-01 -1.604388094309994461e-01 1.732514464622176772e-02 8.654211552422268028e+00 1.613624510473656293e-01 9.822733986429584840e-01 -9.539984124933399701e-02 -4.116658780430101222e-02 -1.712191763675616728e-03 9.694513266159904274e-02 9.952882545537193870e-01 -3.296122598054285896e-02 9.752689599990844727e-01 6.735124439001083374e-02 2.105100303888320923e-01 3.828933000564575195e+00 -8.308179676532745361e-02 9.943021535873413086e-01 6.678827106952667236e-02 -6.348027229309082031e+00 -2.048123180866241455e-01 -8.262605965137481689e-02 9.753075242042541504e-01 -4.203418254852294922e+00 3.043801784515380859e+02
1.400000000000000000e+07 9.989497608698754139e-01 4.552635231384582343e-02 -5.169768178015978627e-03 1.658639503624269596e+00 -4.491060771075850583e-02 9.952487863512273769e-01 8.638802336816911454e-02 9.769473735873474007e-01 9.078137092443610071e-03 -8.606511785505530088e-02 9.962481532808612483e-01 -7.547202527253070448e-02 7.976286411285400391e-01 -5.950972437858581543e-02 6.002058386802673340e-01 7.441558361053466797e+00 7.791329175233840942e-02 9.969490766525268555e-01 -4.694558214396238327e-03 -2.980000972747802734e-01 -5.980952978134155273e-01 5.050851777195930481e-02 7.998318076133728027e-01 -5.363158226013183594e+00 1.086144447326660156e+03
1.500000000000000000e+07 9.962931774411131203e-01 -8.602004456010543809e-02 6.756612821981741518e-04 8.665503388871517387e+00 8.601491118954938953e-02 9.962779430240036316e-01 5.629857628214790348e-03 6.324966799272733198e-01 -1.157427036455443417e-03 -5.550871799772708753e-03 9.999839239632394294e-01 -3.641793417697884033e-02 9.975258708000183105e-01 -1.657822541892528534e-02 6.831704080104827881e-02 8.549361228942871094e+00 1.653639413416385651e-02 9.998626112937927246e-01 1.177778700366616249e-03 6.491498947143554688e-01 -6.832717359066009521e-02 -4.514720785664394498e-05 9.976629614830017090e-01 -3.956850618124008179e-02 5.287544727325439453e+02
1.600000000000000000e+07 9.998291526577888222e-01 -1.846055286424144043e-02 -9.346034210449860906e-04 8.424996920092647557e+00 1.846405386134944426e-02 9.998219681907549727e-01 3.887240431205591772e-03 1.092063280434341921e-01 8.626764244307233605e-04 -3.903832874414560599e-03 9.999920079072008861e-01 -2.616042333695550726e-02 9.998759031295776367e-01 -3.856576280668377876e-03 1.527951005846261978e-02 8.306794166564941406e+00 3.852249123156070709e-03 9.999924898147583008e-01 3.126333758700639009e-04 6.723357439041137695e-01 -1.528061274439096451e-02 -2.537334221415221691e-04 9.998832345008850098e-01 5.302498936653137207e-01 3.424634933471679688e+02
1.700000000000000000e+07 9.999721033409293414e-01 7.462783778377298123e-03 -3.152747925523801059e-04 8.434553469439224571e+00 -7.462663497118287095e-03 9.999720813635539773e-01 3.809815881349804586e-04 -2.225450289133159773e-02 3.181091737258603708e-04 -3.786181703355618981e-04 9.999998777274099471e-01 -2.626966131842645852e-02 9.999727010726928711e-01 -7.304992759600281715e-04 -7.342513184994459152e-03 8.352248191833496094e+00 7.309009088203310966e-04 9.999998211860656738e-01 5.199942097533494234e-05 6.388394236564636230e-01 7.342477329075336456e-03 -5.736564344260841608e-05 9.999730587005615234e-01 6.631475687026977539e-01 3.759844303131103516e+02
1.800000000000000000e+07 9.995842011893812940e-01 2.881592173124975648e-02 1.033144406684950419e-03 8.505798514802201282e+00 -2.881472536601664344e-02 9.995841025885676689e-01 -1.154752912398794747e-03 -1.468973074620161245e-01 -1.065989994143190771e-03 1.124502995169197796e-03 9.999987995784527239e-01 -2.587015531491362527e-02 9.995650053024291992e-01 8.193794055841863155e-04 -2.948416210711002350e-02 8.526256561279296875e+00 -8.209744119085371494e-04 9.999995827674865723e-01 -4.199048635200597346e-05 4.579616189002990723e-01 2.948412857949733734e-02 6.617860344704240561e-05 9.995651245117187500e-01 6.156691312789916992e-01 1.180221796035766602e+03
1.900000000000000000e+07 9.995852274308343333e-01 2.879806579221848295e-02 2.109707904899996514e-04 8.692794970006478827e-01 -2.879832936523904138e-02 9.995842948626370017e-01 1.376113998186955607e-03 1.455761135354890767e-01 -1.712536673911786527e-04 -1.381618830159438193e-03 9.999990309003251587e-01 -5.657250257628000482e-03 9.995672106742858887e-01 -2.853139012586325407e-04 -2.941271662712097168e-02 8.469842910766601562e+00 2.856091887224465609e-04 9.999999403953552246e-01 5.842883183504454792e-06 2.012827694416046143e-01 2.941270358860492706e-02 -1.424178572051459923e-05 9.995673894882202148e-01 3.609766364097595215e-01 2.477576732635498047e+02
2.000000000000000000e+07 9.998547020325925239e-01 1.696191048139186058e-02 1.693639907611191320e-03 1.815664649622807381e-01 -1.695966520771649555e-02 9.998552881128986991e-01 -1.331386012585259815e-03 -1.114722815769206461e-02 -1.715977668145739297e-03 1.302468999088283010e-03 9.999976794948819414e-01 -2.141456691711280617e-03 9.998887181282043457e-01 -9.860576828941702843e-04 -1.488535478711128235e-02 8.478612899780273438e+00 9.861087892204523087e-04 9.999995827674865723e-01 -3.880844815284945071e-06 2.568496577441692352e-02 1.488535478711128235e-02 -1.079806042980635539e-05 9.998891949653625488e-01 1.116014793515205383e-01 2.284905910491943359e+02
2.100000000000000000e+07 9.999801229427329741e-01 6.070474236825647817e-03 -1.703837426712073158e-03 8.491195387914821424e+00 -6.071227894173102102e-03 9.999814742184773841e-01 -4.375062260547095600e-04 -4.501792492333567958e-02 1.701149991518439725e-03 4.478419150305900731e-04 9.999984527619657504e-01 -2.555828964938042930e-02 9.999857544898986816e-01 1.452235039323568344e-03 -5.138326901942491531e-03 8.578564643859863281e+00 -1.452203490771353245e-03 9.999988675117492676e-01 9.785649126570206136e-06 -6.429377198219299316e-02 5.138335749506950378e-03 -2.323275793969514780e-06 9.999868869781494141e-01 -1.473162230104207993e-02 4.674966335296630859e+02
2.200000000000000000e+07 9.999994896242797582e-01 9.572989878945031622e-04 3.230012811697162596e-04 8.423415215105897857e+00 -9.572533004365971817e-04 9.999995318116854381e-01 -1.415716383018540301e-04 -5.323090372839528288e-03 -3.231366563303517386e-04 1.412623720046822030e-04 9.999999378138199058e-01 -2.249714121770706593e-02 9.999998211860656738e-01 -3.859667776850983500e-05 -6.884130998514592648e-04 8.408974647521972656e+00 3.859619755530729890e-05 1.000000000000000000e+00 -6.952112698854762129e-07 -6.220221146941184998e-02 6.884121103212237358e-04 6.680734827568812761e-07 9.999997019767761230e-01 -5.762459337711334229e-02 1.512847900390625000e+03
2.300000000000000000e+07 9.999998127064315678e-01 -4.344216524270078116e-04 -4.311205511207926171e-04 8.406849269131704716e+00 4.345752034808696108e-04 9.999998421551939964e-01 3.561375850060261744e-04 -5.945035367802668953e-03 4.309657691924832583e-04 -3.563248726049751875e-04 9.999998436505331822e-01 -2.354561516991498030e-02 9.999995827674865723e-01 1.630360056878998876e-04 8.752918220125138760e-04 8.419134140014648438e+00 -1.630376209504902363e-04 1.000000000000000000e+00 1.732781129248905927e-06 -6.126220151782035828e-02 -8.752916473895311356e-04 -1.874920826594461687e-06 9.999995827674865723e-01 -6.330530345439910889e-02 5.143229961395263672e+02
2.400000000000000000e+07 9.999946438095921319e-01 -3.134189601128276829e-03 9.429780863164468523e-04 5.807620003228479710e-01 3.133389386506659022e-03 9.999947306165141159e-01 8.488876003418346135e-04 -1.350041622674165720e-01 -9.456336920928092547e-04 -8.459283360108399430e-04 9.999991950907615168e-01 -1.389013079681331118e-03 9.999895095825195312e-01 2.795631735352799296e-05 4.575107246637344360e-03 8.645986557006835938e+00 -2.795414911815896630e-05 1.000000000000000000e+00 -5.459406224872509483e-07 -3.484541922807693481e-02 -4.575106780976057053e-03 4.182427346677286550e-07 9.999895095825195312e-01 -5.771396309137344360e-02 2.242636680603027344e+02
2.500000000000000000e+07 9.999666216721539991e-01 -8.073781773601320516e-03 1.252832571209611025e-03 -6.113874381376419032e-02 8.075527682570738525e-03 9.999664195940706213e-01 -1.394825029616823244e-03 -8.339458985256438528e-02 -1.241528987681824988e-03 1.404895756800126228e-03 9.999982424352981125e-01 1.511097325221379866e-03 9.999636411666870117e-01 9.982787305489182472e-04 8.460843935608863831e-03 8.385539054870605469e+00 -9.982780320569872856e-04 9.999995231628417969e-01 -4.387538410810520872e-06 2.228085324168205261e-02 -8.460844866931438446e-03 -4.059942057210719213e-06 9.999641776084899902e-01 -1.766945794224739075e-02 2.137093544006347656e+02
2.600000000000000000e+07 9.999439832523655536e-01 -1.058357727066565335e-02 1.350908902982084290e-04 -5.519721454363044622e-01 1.058349929123652763e-02 9.999438333224786035e-01 5.654583092809928714e-04 -1.233897246420626384e-02 -1.410678744013523324e-04 -5.639968998038604213e-04 9.999998310036616322e-01 2.614223791426807057e-03 9.999590516090393066e-01 -9.626410610508173704e-05 9.054714813828468323e-03 8.571963310241699219e+00 9.627265535527840257e-05 1.000000000000000000e+00 -4.006489859875728143e-07 1.106864660978317261e-01 -9.054718539118766785e-03 1.273898647013993468e-06 9.999590516090393066e-01 5.402853339910507202e-02 7.471382617950439453e+02
2.700000000000000000e+07 9.999815483778003999e-01 -6.037141373025201214e-03 -6.751503379273529962e-04 8.506563520535111778e+00 6.036544422115545233e-03 9.999813902734379090e-01 -8.827447208028301601e-04 3.987515418481409057e-02 6.804670282399542412e-04 8.786528577242384798e-04 9.999993824666988385e-01 -2.816037855888034805e-02 9.999775290489196777e-01 -6.311921752057969570e-04 6.676596123725175858e-03 8.497786521911621094e+00 6.311138859018683434e-04 9.999998211860656738e-01 1.378218348691007122e-05 1.853045672178268433e-01 -6.676600314676761627e-03 -9.569210305926389992e-06 9.999776482582092285e-01 1.303006559610366821e-01 9.825825691223144531e+02
2.800000000000000000e+07 9.999917078123164993e-01 -4.001419940183273231e-03 -7.569313502175460109e-04 2.203189551444950656e-01 4.001981118312357248e-03 9.999917172543972832e-01 7.413297042043685272e-04 1.135736366701946692e-01 7.539587092870799097e-04 -7.443527819307551620e-04 9.999994387424429032e-01 7.925695977646112682e-04 9.999948740005493164e-01 -4.980983212590217590e-04 3.155613550916314125e-03 8.437624931335449219e+00 4.980579251423478127e-04 9.999997615814208984e-01 1.359788529953220859e-05 2.104359269142150879e-01 -3.155623096972703934e-03 -1.202651128551224247e-05 9.999950528144836426e-01 1.856629252433776855e-01 3.482413291931152344e+02
2.900000000000000000e+07 9.999995982720453203e-01 -8.285837589749238483e-04 -3.419132963315895334e-04 5.977999104462295987e-01 8.288017106312177114e-04 9.999994531501993356e-01 6.377985784144053153e-04 1.125397606263919131e-01 3.413846398128001489e-04 -6.380817005177741915e-04 9.999997381541012587e-01 -1.791836142403540558e-03 9.999995827674865723e-01 2.191084204241633415e-04 8.446380379609763622e-04 8.460286140441894531e+00 -2.191047387896105647e-04 1.000000000000000000e+00 -4.478442861000075936e-06 2.174360007047653198e-01 -8.446366409771144390e-04 4.293649453757097945e-06 9.999996423721313477e-01 2.127743959426879883e-01 2.590947151184082031e+02
3.000000000000000000e+07 9.999998876978479778e-01 4.739242740800405891e-04 -2.717428696819353746e-07 8.582542741366795624e+00 -4.739243035767185842e-04 9.999998803292197147e-01 -1.213972848096148333e-04 2.429635082561637949e-03 2.142097170835694513e-07 1.213973999619887570e-04 9.999999926313126730e-01 -2.461476570432596239e-02 1.000000000000000000e+00 -7.018573523964732885e-05 1.113876933231949806e-04 8.580575942993164062e+00 7.018564065219834447e-05 1.000000000000000000e+00 1.115545728680444881e-06 2.257578372955322266e-01 -1.113816688302904367e-04 -1.107123466681514401e-06 1.000000000000000000e+00 2.232653200626373291e-01 1.420112133026123047e+03
3.100000000000000000e+07 9.999997174921156917e-01 7.605465270140406085e-05 7.478177441209098684e-04 7.246885711598505253e-01 -7.706791546510870737e-05 9.999990789847369443e-01 1.355024064183012666e-03 1.245465547724858291e-01 -7.477139994847498486e-04 -1.355081314132718486e-03 9.999988023384863700e-01 -3.251921945469247229e-03 9.999999403953552246e-01 -5.765151945524848998e-05 -3.307718143332749605e-04 8.446870803833007812e+00 5.765178138972260058e-05 1.000000000000000000e+00 8.537196549696091097e-07 2.210774868726730347e-01 3.307600854896008968e-04 -8.725190809855121188e-07 9.999999403953552246e-01 2.207072675228118896e-01 5.998861789703369141e+02
3.200000000000000000e+07 9.999994050972377257e-01 -5.079141489711160853e-04 9.653125855360485379e-04 3.990928828249731830e-01 5.073620317546303094e-04 9.999997076336160085e-01 5.721157672777848124e-04 7.563687061087304153e-02 -9.656028890041483750e-04 -5.716256639698586708e-04 9.999993704273824058e-01 -2.943834595560799235e-03 9.999983310699462891e-01 -2.343135565752163529e-04 -1.862709410488605499e-03 8.590476989746093750e+00 2.343243104405701160e-04 1.000000000000000000e+00 5.530193902814062312e-06 2.145397514104843140e-01 1.862723962403833866e-03 -5.966506705590290949e-06 9.999983310699462891e-01 2.216061204671859741e-01 5.333495140075683594e+02
3.300000000000000000e+07 9.999836582244178151e-01 2.785213563107549230e-03 4.992581448387498413e-03 8.157581451129527039e+00 -2.787180519058506459e-03 9.999960408962873526e-01 3.870613713051413232e-04 -2.197114818217733162e-02 -4.991483633658635663e-03 -4.009702717878334006e-04 9.999874620783881785e-01 -2.676144950624608290e-02 9.999963045120239258e-01 8.208648796426132321e-05 -2.715517533943057060e-03 7.893659591674804688e+00 -6.866177864139899611e-05 9.999877810478210449e-01 4.943433683365583420e-03 1.790290772914886475e-01 2.715885406360030174e-03 -4.943228792399168015e-03 9.999840259552001953e-01 1.890455335378646851e-01 6.699442863464355469e+02
3.400000000000000000e+07 9.999973765141112469e-01 1.935561743137802953e-03 -1.224975768430275249e-03 6.650313296364019244e+00 -1.938036063614897173e-03 9.999960778796228578e-01 -2.021940055318209931e-03 -1.107225020975460307e-02 1.221057374109860497e-03 2.024308798003279179e-03 9.999972055924853942e-01 1.812236515659132810e-02 9.999961256980895996e-01 5.030446118325926363e-05 -2.783226547762751579e-03 6.566556453704833984e+00 -4.305665788706392050e-05 9.999966025352478027e-01 2.604097127914428711e-03 1.281659305095672607e-01 2.783347154036164284e-03 -2.603967441245913506e-03 9.999927282333374023e-01 1.400508880615234375e-01 4.794661998748779297e+02
3.500000000000000000e+07 9.999958742381479526e-01 2.821575926914664158e-03 5.387169674673836142e-04 5.278586294537900514e+00 -2.821434368340210164e-03 9.999959850695788743e-01 -2.633492506861346812e-04 -8.282610497904598773e-03 -5.394578644623494908e-04 2.618282096030218704e-04 9.999998202155844229e-01 1.350204277505512480e-02 9.999978542327880859e-01 2.197251887992024422e-05 -2.060669008642435074e-03 5.212260723114013672e+00 -2.877472616091836244e-05 9.999945759773254395e-01 -3.301007673144340515e-03 8.441959321498870850e-02 2.060577273368835449e-03 3.301058663055300713e-03 9.999924302101135254e-01 9.697179496288299561e-02 4.070942401885986328e+02
3.600000000000000000e+07 9.999903380203123415e-01 1.630429135117342741e-03 -4.082348203781728871e-03 4.417317601259437509e+00 -1.635830455954154217e-03 9.999977906917668635e-01 -1.320102384135858186e-03 -3.265475514208147738e-03 4.080186851227797853e-03 1.326767658856993016e-03 9.999907958390610307e-01 1.184038599648499016e-02 9.999992251396179199e-01 7.912772707641124725e-05 -1.263224054127931595e-03 4.285370349884033203e+00 -7.946135156089439988e-05 1.000000000000000000e+00 -2.640661841724067926e-04 6.553743034601211548e-02 1.263203797861933708e-03 2.641672326717525721e-04 9.999991655349731445e-01 7.039849460124969482e-02 3.439676761627197266e+02
3.700000000000000000e+07 9.999830459443533881e-01 7.829258813060450311e-04 -5.770169054507375515e-03 4.183841916987759646e+00 -7.979049889939789390e-04 9.999963169590713186e-01 -2.594111778877998629e-03 5.468652897684379149e-03 5.768116805487897084e-03 2.598671844838475967e-03 9.999799876663337805e-01 -1.689075671375095226e-03 9.999992251396179199e-01 -1.045411499944748357e-05 -1.176936319097876549e-03 4.192843914031982422e+00 2.542417860240675509e-06 9.999773502349853516e-01 -6.722087506204843521e-03 5.274391919374465942e-02 1.176986494101583958e-03 6.722080986946821213e-03 9.999766945838928223e-01 6.372997909784317017e-02 2.413580417633056641e+02
3.800000000000000000e+07 9.999981424394389640e-01 8.209248910664400378e-04 -1.743903665527955218e-03 5.186153839026997225e+00 -8.210219677701899527e-04 9.999996614515919147e-01 -5.495115953490450238e-05 1.052431685930290724e-04 1.743857964357490263e-03 5.638284067887117882e-05 9.999984778890292914e-01 -2.627253955181167375e-02 9.999987483024597168e-01 -4.493793312576599419e-05 -1.573903602547943592e-03 5.310111522674560547e+00 4.310048097977414727e-05 9.999992847442626953e-01 -1.167474198155105114e-03 6.706181913614273071e-02 1.573949586600065231e-03 1.167404698207974434e-03 9.999981522560119629e-01 7.398283481597900391e-02 4.433979988098144531e+02
3.900000000000000000e+07 9.999891133501176421e-01 1.607821867619049685e-03 -4.380421222606276956e-03 6.542106500166201322e+00 -1.610529598634356362e-03 9.999985141762299801e-01 -6.146867039850340345e-04 5.377433698012634711e-03 4.379426407347900702e-03 6.217348101395940617e-04 9.999902169872305624e-01 -4.932293430728313527e-02 9.999985694885253906e-01 1.319169532507658005e-04 -1.733697601594030857e-03 6.634162902832031250e+00 -1.363644405500963330e-04 9.999966621398925781e-01 -2.565434435382485390e-03 6.933881342411041260e-02 1.733355340547859669e-03 2.565666800364851952e-03 9.999951124191284180e-01 8.195573091506958008e-02 3.346855640411376953e+02
4.000000000000000000e+07 9.227823026229426961e-01 -3.828420145869518842e-01 4.364417295474905256e-02 8.075723181408799078e+00 3.851942366154647579e-01 9.194538050696187126e-01 -7.893098517837564276e-02 9.187619644325704105e-01 -9.910703513338383827e-03 8.964760013521670678e-02 9.959242369507165238e-01 -8.217040705901954012e-02 8.980003595352172852e-01 7.701268792152404785e-02 4.332025647163391113e-01 8.409779548645019531e+00 -7.339454442262649536e-02 9.969871640205383301e-01 -2.509759739041328430e-02 1.220108866691589355e+00 -4.338302612304687500e-01 -9.257050231099128723e-03 9.009471535682678223e-01 -3.210578486323356628e-02 3.125503063201904297e+02
4.100000000000000000e+07 9.559110071951143484e-01 -2.936414847477653578e-01 2.970649482861664401e-03 -2.687801480696316858e+00 2.930392506529306829e-01 9.545084518155504405e-01 5.515082038782393586e-02 -7.930600516264588729e-01 -1.903007882251089855e-02 -5.184875936615132574e-02 9.984736162023510886e-01 6.139878891153337237e-02 5.026895403861999512e-01 -4.256293550133705139e-02 8.634185791015625000e-01 3.166359186172485352e+00 3.793410491198301315e-03 9.988862276077270508e-01 4.703237116336822510e-02 7.863873004913330078e+00 -8.644587397575378418e-01 -2.036737836897373199e-02 5.022910833358764648e-01 6.541975736618041992e-01 1.656964540481567383e+03
4.200000000000000000e+07 9.670325653993091519e-01 -2.546123150071760155e-01 4.537235272451796073e-03 7.830444890600411156e+00 2.544202437871050382e-01 9.667574946164703142e-01 2.550070889593923293e-02 1.732858910865786362e+00 -1.087920073080015163e-02 -2.350565143900446019e-02 9.996645073932989289e-01 -8.030871630634982272e-02 9.763978123664855957e-01 -2.664828905835747719e-03 2.159630358219146729e-01 1.323333680629730225e-01 -5.433713551610708237e-03 9.993042945861816406e-01 3.689723461866378784e-02 8.187642097473144531e+00 -2.159111648797988892e-01 -3.719987347722053528e-02 9.757040739059448242e-01 -1.290925383567810059e+00 3.572566509246826172e+02
4.300000000000000000e+07 9.999566364134023777e-01 -9.138848432731921240e-03 -1.790737869790535964e-03 7.231450517929950195e+00 9.148028437474645808e-03 9.999447024499764636e-01 5.187062553621495098e-03 9.534320706573821969e-02 1.743235067884956000e-03 -5.203219344942169693e-03 9.999849437066272717e-01 1.291857662028925158e-03 9.999842047691345215e-01 -7.585202110931277275e-04 5.581554025411605835e-03 1.627842634916305542e-01 7.946267141960561275e-04 9.999787211418151855e-01 -6.469512358307838440e-03 6.924633502960205078e+00 -5.576496943831443787e-03 6.473845336586236954e-03 9.999635219573974609e-01 -1.014978289604187012e+00 4.709918498992919922e+02
4.400000000000000000e+07 9.998506076494493300e-01 1.720799007660502380e-02 1.627101886878760907e-03 6.281929463320826024e+00 -1.721174496214395930e-02 9.998491693531291746e-01 2.322580292629518577e-03 -8.069548968603973416e-02 -1.586889531420951046e-03 -2.350238579604640478e-03 9.999959790720330810e-01 1.096327192814836385e-03 9.998357892036437988e-01 2.859335509128868580e-04 -1.811680383980274200e-02 1.209606453776359558e-01 -2.645776548888534307e-04 9.999992251396179199e-01 1.181179890409111977e-03 6.008784770965576172e+00 1.811715401709079742e-02 -1.176192425191402435e-03 9.998351931571960449e-01 -8.749467730522155762e-01 3.736603260040283203e+02
4.500000000000000000e+07 9.997885521753223648e-01 8.988353332648668301e-03 -1.849487614287047624e-02 1.863556928771769039e+00 -9.020514708050177827e-03 9.999579427002137644e-01 -1.656244292910467441e-03 -2.142262692916496389e-02 1.847921138941016270e-02 1.822727385927926233e-03 9.998275833418990288e-01 -1.019259104646144621e-03 9.999719262123107910e-01 -3.441869630478322506e-04 -7.490757852792739868e-03 2.050753124058246613e-02 2.188599319197237492e-04 9.998601078987121582e-01 -1.672532223165035248e-02 1.513902306556701660e+00 7.495426107197999954e-03 1.672320999205112457e-02 9.998320937156677246e-01 -1.879211217164993286e-01 2.045531272888183594e+02
4.600000000000000000e+07 9.998110262676309645e-01 2.139003766896682766e-04 1.943877568921001039e-02 4.496242585616858078e-02 -2.415021112988735119e-04 9.999989660495285371e-01 1.417595359750420218e-03 -1.631058544918088634e-03 -1.943845236629727913e-02 -1.422021976834308412e-03 9.998100441699415697e-01 -4.346426216052811514e-03 1.000000000000000000e+00 -1.188553397923897137e-07 1.506289493136137025e-07 -1.327345147728919983e-03 1.171389172327508277e-07 9.998890757560729980e-01 1.489795465022325516e-02 5.273738503456115723e-02 -1.008704018090611498e-07 -1.489795465022325516e-02 9.998889565467834473e-01 -5.884612444788217545e-03 1.974434852600097656e+02
4.700000000000000000e+07 9.999971454524736458e-01 4.438233471357067180e-04 -2.347787839841937799e-03 -7.995860642836385285e-03 -4.400346861893937806e-04 9.999986007088330631e-01 1.613985703411636085e-03 6.012060214106130021e-03 2.348500879140269157e-03 -1.612947988127394570e-03 9.999959414629682186e-01 -8.202293809763709035e-04 9.999999403953552246e-01 1.123152912896330236e-07 4.172899252807837911e-07 1.303905155509710312e-04 -1.116712979865042144e-07 9.999986886978149414e-01 -1.601032214239239693e-03 -5.511156283318996429e-03 -4.096647785445384216e-07 1.601032214239239693e-03 9.999987483024597168e-01 5.192887037992477417e-04 1.627912521362304688e+02
4.800000000000000000e+07 9.999994741802453735e-01 3.986039394446852573e-05 -1.024719660184619970e-03 -2.224501646179328617e-03 -4.062295302616080768e-05 9.999997222925832707e-01 -7.441535675530388562e-04 4.113074433202046701e-03 1.024689713358012269e-03 7.441948034010131396e-04 9.999991980922214863e-01 -2.887464141520663854e-03 1.000000000000000000e+00 3.216119282001272950e-08 1.649287781901875860e-07 7.917312359495554119e-06 -3.220407052140217274e-08 9.999998807907104492e-01 -2.927983878180384636e-04 -1.002658857032656670e-03 -1.982410680057000718e-07 2.927987079601734877e-04 9.999999403953552246e-01 1.027702382998540998e-04 1.896810531616210938e+02
4.900000000000000000e+07 9.999998196887834867e-01 2.404520435210037439e-04 5.502773984409054355e-04 2.704857688582402303e-02 -2.409892788342948660e-04 9.999994942433411138e-01 9.764411040061720401e-04 -9.426400630853384865e-03 -5.500423328756106917e-04 -9.765735388962979227e-04 9.999993718785803454e-01 -2.264340627027238394e-03 1.000000000000000000e+00 -1.355218515186606965e-08 7.794302703256761333e-11 8.742978025111369789e-06 1.368598123718811621e-08 1.000000000000000000e+00 -5.040393079980276525e-05 -1.702348963590338826e-04 -2.265280844848671649e-11 5.040359974373131990e-05 1.000000119209289551e+00 1.022993892547674477e-04 1.507043838500976562e+02
5.000000000000000000e+07 9.999998837560005738e-01 -1.307205226665654051e-04 -4.641121957361918804e-04 -1.762561633501602207e-02 1.306182308113040043e-04 9.999999671754598030e-01 -2.204267609121170809e-04 -2.160237667887009768e-03 4.641409948033186988e-04 2.203661137749238056e-04 9.999998680059477563e-01 -7.967823306149077406e-04 1.000000000000000000e+00 9.075545648329352844e-09 1.308123742660427524e-08 1.488446923758601770e-05 -9.123986899339797674e-09 1.000000000000000000e+00 -8.239157068601343781e-06 -2.823576323862653226e-05 1.556175154016070650e-11 8.238831469498109072e-06 9.999999403953552246e-01 1.909310185510548763e-06 1.197838783264160156e+02
5.100000000000000000e+07 9.999996953335444916e-01 4.687235974050977670e-04 -6.242042992679897864e-04 -5.460493722019902491e-03 -4.679416333100592184e-04 9.999991063937641034e-01 1.252294813964700262e-03 -7.165219320000509179e-03 6.247907216053486760e-04 -1.252002341253159517e-03 9.999990210628666443e-01 5.398728943692219194e-03 1.000000000000000000e+00 9.063511718920835847e-09 5.408885145330444288e-12 -2.676842086657416075e-05 -9.122986810439215333e-09 1.000000000000000000e+00 -3.507994961182703264e-06 -1.351406899630092084e-05 1.563520146685704049e-11 3.509275757096474990e-06 1.000000000000000000e+00 -3.505369249978684820e-06 9.576559066772460938e+01
5.200000000000000000e+07 9.999975453670680858e-01 -2.182226360233105716e-03 -3.835986851654318462e-04 4.068241600266178648e-02 2.182553165766511465e-03 9.999972539085369982e-01 8.536024036849489301e-04 1.973448972038914506e-02 3.817348781018776159e-04 -8.544375329290697894e-04 9.999995621073968222e-01 2.457955814073046336e-03 1.000000000000000000e+00 -4.858002333838094689e-20 -3.130532526144917563e-17 7.931390427984297276e-06 -4.705096705137960409e-20 1.000000000000000000e+00 6.403766699860728310e-20 1.807748617466131691e-09 -4.347405866205557084e-17 -1.989042055236704911e-20 1.000000000000000000e+00 1.045487238116038498e-06 1.180939674377441406e+02
5.300000000000000000e+07 9.999999497013355443e-01 3.023442925028236293e-04 -9.583973683136779971e-05 4.052556398924215403e-02 -3.024100369649470807e-04 9.999997184868736344e-01 -6.867127077499624987e-04 -1.599363925110326018e-02 9.563208618344649643e-05 6.867416561075883339e-04 9.999997596201720684e-01 3.245642225546701513e-03 1.000000000000000000e+00 -4.858002333838094689e-20 -3.130532526144917563e-17 -6.939966624486260116e-06 -4.705096705137960409e-20 1.000000000000000000e+00 6.403766699860728310e-20 -1.581781816639704630e-09 -4.347405866205557084e-17 -1.989042055236704911e-20 1.000000000000000000e+00 -9.148013759840978310e-07 1.671781539916992188e+02
5.400000000000000000e+07 9.999990846701652947e-01 1.199646118871068763e-03 6.257060180463095258e-04 -4.160582809875758986e-02 -1.200180536223258414e-03 9.999989147592098782e-01 8.544279272058310452e-04 2.583457236982773103e-02 -6.246803278578886946e-04 -8.551781053067146867e-04 9.999994392222908424e-01 2.328266533895575596e-03 1.000000000000000000e+00 -4.858002333838094689e-20 -3.130532526144917563e-17 -2.181132367695681751e-05 -4.705096705137960409e-20 1.000000000000000000e+00 6.403766699860728310e-20 -4.971319356172898551e-09 -4.347405866205557084e-17 -1.989042055236704911e-20 1.000000000000000000e+00 -2.875090103771071881e-06 1.481180191040039062e+02
5.500000000000000000e+07 9.999999902270156893e-01 4.837301135074613428e-05 -1.311717201030312627e-04 8.170170521322984384e-04 -4.828894522513927116e-05 9.999997935130962023e-01 6.408135006127794802e-04 -3.088277998719161140e-03 1.312026910965277920e-04 -6.408071602061121219e-04 9.999997860759957113e-01 -3.257969730248536002e-03 1.000000000000000000e+00 -4.858002333838094689e-20 -3.130532526144917563e-17 5.056261215941049159e-05 -4.705096705137960409e-20 1.000000000000000000e+00 6.403766699860728310e-20 1.152441342355814413e-08 -4.347405866205557084e-17 -1.989042055236704911e-20 1.000000000000000000e+00 6.664981356152566150e-06 1.246221065521240234e+02
5.600000000000000000e+07 9.999998243969379086e-01 -2.122025782915218318e-04 -5.533318707485135541e-04 -4.335615081565405600e-03 2.124716181923642076e-04 9.999998592304736311e-01 4.862045294230201895e-04 -5.577142900909382896e-03 5.532286190015275624e-04 -4.863220113619913954e-04 9.999997287144614111e-01 -2.401991267414915320e-03 1.000000000000000000e+00 -4.858002333838094689e-20 -3.130532526144917563e-17 -9.914238034980371594e-07 -4.705096705137960409e-20 1.000000000000000000e+00 6.403766699860728310e-20 -2.259739062537846621e-10 -4.347405866205557084e-17 -1.989042055236704911e-20 1.000000000000000000e+00 -1.306859473970689578e-07 1.054213047027587891e+02
5.700000000000000000e+07 9.999818637306987501e-01 1.073259251817895547e-03 -5.926240313774800567e-03 3.754259039274739085e-02 -1.069874375300919203e-03 9.999992627691457470e-01 5.743082674219591880e-04 -1.224704166465387335e-03 5.926852326428998230e-03 -5.679575189589763885e-04 9.999822747657867161e-01 -9.759490594357610443e-04 9.999999403953552246e-01 3.126353931293124333e-06 -3.893245884682983160e-04 1.124197733588516712e-03 -5.576386683969758451e-06 9.999802112579345703e-01 -6.294619292020797729e-03 5.727160349488258362e-02 3.892394597642123699e-04 6.294619757682085037e-03 9.999801516532897949e-01 -8.099557831883430481e-03 1.837055683135986328e+02
5.800000000000000000e+07 9.999840412745096829e-01 5.007817026861116974e-03 2.615141473286705914e-03 1.034309105625126346e+00 -5.006495247963192209e-03 9.999873364860898395e-01 -5.117350760358825926e-04 -4.887885584490371050e-04 -2.617671032033296388e-03 4.986342160375188985e-04 9.999964495748405735e-01 -8.392886749530792043e-03 9.999852776527404785e-01 -1.358336612611310557e-05 -5.434380378574132919e-03 1.216678880155086517e-02 2.468031016178429127e-05 9.999979138374328613e-01 2.041985979303717613e-03 1.121163606643676758e+00 5.434387829154729843e-03 -2.042090054601430893e-03 9.999831318855285645e-01 -1.453558355569839478e-01 2.077319622039794922e+02
5.900000000000000000e+07 9.996106775230728658e-01 1.460052469820638868e-02 2.377641815750477713e-02 2.505259650707412522e+00 -1.464343048471666853e-02 9.998914482899310396e-01 1.631435044176661334e-03 -2.845174039176678535e-02 -2.375001737899844548e-02 -1.978968216309292746e-03 9.997159698430830854e-01 -5.035426303586455765e-02 9.998567104339599609e-01 6.231555016711354256e-04 -1.691131293773651123e-02 4.721499979496002197e-02 -1.730796502670273185e-04 9.996460676193237305e-01 2.660232223570346832e-02 2.448096990585327148e+00 1.692185923457145691e-02 -2.659559249877929688e-02 9.995030164718627930e-01 -2.786045372486114502e-01 2.546932697296142578e+02
