0.000000000000000000e+00 9.999806655329669391e-01 -5.396312764911268336e-03 -3.090043492886310108e-03 9.241946393476142829e-02 5.402844711993004014e-03 9.999831796295464148e-01 2.109437602921023468e-03 5.543311212743064903e-02 3.078608332146614938e-03 -2.126091843214600666e-03 9.999930009276123410e-01 6.995079634991362844e-03 1.000000000000000000e+00 1.120200636250956450e-06 7.104887913556012791e-07 6.489919424057006836e-01 -1.116569819714641199e-06 9.999870657920837402e-01 -5.096830427646636963e-03 -4.136466421186923981e-03 -7.156864967328147031e-07 5.096829961985349655e-03 9.999869465827941895e-01 1.359915267676115036e-02 1.084794998168945312e+02
1.000000000000000000e+06 9.999878277367586499e-01 -4.537889433564707385e-03 -1.936991948209059768e-03 2.633170600590399424e+00 4.537483470769738438e-03 9.999896826862132437e-01 -2.139272749156734374e-04 1.023396267929181473e-02 1.937942741975718936e-03 2.051356019885559618e-04 9.999981011468539460e-01 -3.344168839813883853e-02 1.000000000000000000e+00 -6.583467211385141127e-07 9.458373710913292598e-07 2.879892826080322266e+00 6.589973509107949212e-07 9.999997019767761230e-01 -6.859998684376478195e-04 3.635301487520337105e-03 -9.459616876483778469e-07 6.860011490061879158e-04 9.999997615814208984e-01 6.248537451028823853e-03 2.087538242340087891e+02
2.000000000000000000e+06 9.999740085197985628e-01 6.929526103021541039e-03 -1.990967813300509575e-03 5.234396737753495010e+00 -6.926779380304909188e-03 9.999750529439088709e-01 1.383190964203358285e-03 -3.073063011706704539e-02 2.000503002406705741e-03 -1.369364018226776510e-03 9.999970614106439282e-01 -6.562007058771995860e-02 9.999999403953552246e-01 3.258110155002214015e-07 1.752261596266180277e-05 5.211673736572265625e+00 -3.697940655911224894e-07 9.999969005584716797e-01 2.510531106963753700e-03 1.034116186201572418e-02 -1.752145362843293697e-05 -2.510531106963753700e-03 9.999968409538269043e-01 1.656403415836393833e-03 1.918442249298095703e+02
3.000000000000000000e+06 9.999765155001921757e-01 -1.923179651274956395e-03 6.577980550520270628e-03 5.560183690933752310e+00 1.936596734149468278e-03 9.999960563422464199e-01 -2.033935358803311017e-03 4.979214684319170636e-02 -6.574042986122211225e-03 2.046626488500204438e-03 9.999762963584852837e-01 -7.507471329316038611e-02 1.000000000000000000e+00 1.690403905740822665e-07 1.897246875159908086e-05 5.435375213623046875e+00 -2.773060430172336055e-07 9.999837279319763184e-01 5.706217605620622635e-03 1.383890956640243530e-02 -1.897130823635961860e-05 -5.706218536943197250e-03 9.999837875366210938e-01 -6.424304563552141190e-03 2.577898502349853516e+02
4.000000000000000000e+06 9.999493638243891480e-01 8.662826517204414919e-03 5.121056915559902764e-03 3.009751673116107806e+00 -8.676182876869071442e-03 9.999590026605814641e-01 2.591688396118893740e-03 -7.276886655904277190e-02 -5.098395618889123466e-03 -2.635988389252391737e-03 9.999835288280127799e-01 -3.071919589094475669e-02 9.999980330467224121e-01 -1.532742899144068360e-04 -1.989895943552255630e-03 3.381604671478271484e+00 1.473633310524746776e-04 9.999955296516418457e-01 -2.970276400446891785e-03 -8.213981986045837402e-03 1.990342279896140099e-03 2.969977213069796562e-03 9.999935626983642578e-01 1.253047492355108261e-02 3.146080970764160156e+02
5.000000000000000000e+06 9.992074054958945961e-01 3.594964918989923541e-02 -1.709337664962899336e-02 5.879344919292643468e+00 -3.583259951981213054e-02 9.993325461454778402e-01 7.105422299136099698e-03 -2.335307535378127741e-01 1.733740504849743194e-02 -6.487290460544992490e-03 9.998286500439287350e-01 3.602173017457156734e-02 9.929130673408508301e-01 -8.252730593085289001e-03 -1.185558363795280457e-01 6.723177433013916016e+00 8.156285621225833893e-03 9.999658465385437012e-01 -1.298683462664484978e-03 -6.283003687858581543e-01 1.185624897480010986e-01 3.225047839805483818e-04 9.929465055465698242e-01 -9.401584044098854065e-03 3.819386959075927734e+02
6.000000000000000000e+06 9.461062640784914102e-01 3.236652721803364718e-01 1.112333834190672860e-02 4.690145827663179112e+00 -3.237828429681125497e-01 9.460651843004815875e-01 1.119543004901060561e-02 -1.889715092185436429e+00 -6.899831224483668132e-03 -1.419361261006027962e-02 9.998754590898555339e-01 -1.457718895161624895e-01 8.970518708229064941e-01 -1.614222675561904907e-02 -4.416302442550659180e-01 4.494287014007568359e+00 1.146430149674415588e-02 9.998463988304138184e-01 -1.325920037925243378e-02 -3.724072217941284180e+00 4.417764842510223389e-01 6.831211037933826447e-03 8.970991373062133789e-01 -6.785917878150939941e-01 5.477287769317626953e+02
7.000000000000000000e+06 9.995216326286540109e-01 -3.023235273400927403e-02 6.520027263479400911e-03 1.033589993830927312e-02 3.015661622949513537e-02 9.994799769837521275e-01 1.141727227253922991e-02 2.165968536596333538e-01 -6.861807701839457360e-03 -1.121518866202367987e-02 9.999135638335636678e-01 -2.056487899554374291e-02 8.227362632751464844e-01 -2.939021214842796326e-03 -5.684157013893127441e-01 2.097484827041625977e+00 4.996218718588352203e-03 9.999853968620300293e-01 2.061148872599005699e-03 -7.864339828491210938e+00 5.684013366699218750e-01 -4.535713698714971542e-03 8.227390646934509277e-01 -1.885473847389221191e+00 4.820814132690429688e+02
8.000000000000000000e+06 9.540875079274668824e-01 2.995143313164130849e-01 2.862263586363356614e-03 -2.642660747627829099e-01 -2.993998872266170896e-01 9.539153296569370388e-01 -2.013085627056615881e-02 -2.443932266108695295e+00 -8.759837067256292034e-03 1.834963709666044551e-02 9.997932566650847841e-01 -8.305574100961427009e-02 9.379351735115051270e-01 7.568603847175836563e-03 -3.467280566692352295e-01 -4.322321712970733643e-01 -9.712334722280502319e-04 9.998152256011962891e-01 1.919732615351676941e-02 -8.571049690246582031e+00 3.468091785907745361e-01 -1.766909472644329071e-02 9.377692341804504395e-01 1.446305513381958008e-01 7.661607265472412109e+02
9.000000000000000000e+06 9.956188601841566843e-01 9.297640168174318986e-02 9.923405459615222343e-03 6.761272874780661912e-02 -9.289620532276890441e-02 9.956415465041861257e-01 -8.258687025351679756e-03 -3.170310653974152126e-01 -1.064801776063228206e-02 7.300657851720820934e-03 9.999166565832880993e-01 -1.368155549410590352e-02 9.987091422080993652e-01 1.885283854790031910e-04 -5.079539120197296143e-02 -5.849835649132728577e-02 6.847653276054188609e-05 9.999871850013732910e-01 5.057824775576591492e-03 -8.349780082702636719e+00 5.079569295048713684e-02 -5.054773762822151184e-03 9.986962676048278809e-01 2.163289338350296021e-01 2.132124900817871094e+02
1.000000000000000000e+07 9.999403450175085029e-01 7.517580770122366321e-03 -7.924164664548580261e-03 7.290351247047437866e+00 -7.521095532414972563e-03 9.999716305255050841e-01 -4.138431525653726633e-04 -1.148384504643478743e-01 7.920828760835664853e-03 4.734168642160090264e-04 9.999685176785387819e-01 4.606993399533760442e-02 9.999285340309143066e-01 2.256692278024274856e-05 -1.195252314209938049e-02 -1.647011749446392059e-02 3.113400089205242693e-05 9.999899268150329590e-01 4.492647945880889893e-03 -7.419485092163085938e+00 1.195250079035758972e-02 -4.492698237299919128e-03 9.999184608459472656e-01 2.319740951061248779e-01 1.053597688674926758e+03
1.100000000000000000e+07 9.999985160370827852e-01 -5.483412274745058526e-04 -1.633170392369215655e-03 6.983263298375425698e+00 5.515319796346809540e-04 9.999979390269200241e-01 1.953907466476131980e-03 -1.908542528179817815e-02 1.632095618430463380e-03 -1.954805312649492231e-03 9.999967574947840054e-01 -1.526175174027556529e-02 9.999999403953552246e-01 4.904552497464464977e-08 4.383636696729809046e-04 4.253940656781196594e-03 -2.291604062065744074e-07 9.999999403953552246e-01 4.109262081328779459e-04 -6.410563945770263672e+00 -4.383577906992286444e-04 -4.109263245481997728e-04 9.999998807907104492e-01 1.520457565784454346e-01 5.869462490081787109e+02
1.200000000000000000e+07 9.997424431179330329e-01 -3.055085791906144745e-03 2.248808305281503953e-02 4.919585235182481142e+00 3.101184931512473378e-03 9.999931604897212001e-01 -2.015347562924386590e-03 3.813940234592654716e-02 -2.248177218563460547e-02 2.084568200591790325e-03 9.997450797552395185e-01 -6.980618474217371860e-02 9.999965429306030273e-01 -1.129544543800875545e-04 2.600910607725381851e-03 -9.869503974914550781e-02 4.819057267013704404e-06 9.991369247436523438e-01 4.153832793235778809e-02 -4.488661289215087891e+00 -2.603366272523999214e-03 -4.153816401958465576e-02 9.991334676742553711e-01 9.196324646472930908e-02 2.777729034423828125e+02
1.300000000000000000e+07 9.999277662112263654e-01 2.501117624300620498e-03 -1.175613756540342877e-02 1.344306850375270590e-01 -2.507333373332300448e-03 9.999967245287723072e-01 -5.140146708561689308e-04 -1.292598381677193854e-02 1.175481344736065310e-02 5.434540976882293230e-04 9.999307621122882628e-01 4.672730340048895925e-02 1.000000119209289551e+00 -4.928648195345886052e-06 9.705121556180529296e-06 1.027250215411186218e-01 5.323034656612435356e-06 9.991579651832580566e-01 -4.102713614702224731e-02 1.548243779689073563e-02 -9.492244316788855940e-06 4.102712869644165039e-02 9.991580247879028320e-01 -1.954899635165929794e-03 2.060987949371337891e+02
1.400000000000000000e+07 9.998658235814741335e-01 4.607832194079262284e-03 -1.571950114384927308e-02 -7.709019279461120158e-03 -4.588938886122613525e-03 9.999887047297615350e-01 1.237761202046149759e-03 -7.450967562191221361e-02 1.572502698375120855e-02 -1.165459293611610268e-03 9.998756748871306943e-01 3.349694379254963134e-02 9.999998807907104492e-01 1.370390691590728238e-06 5.234418786130845547e-04 2.235929667949676514e-02 3.113045067948405631e-06 9.999633431434631348e-01 -8.565351366996765137e-03 -4.182943105697631836e-01 -5.234254058450460434e-04 8.565352298319339752e-03 9.999632239341735840e-01 5.570502486079931259e-03 1.501247882843017578e+02
1.500000000000000000e+07 9.999506809477808345e-01 -8.895769832891281537e-03 4.415988128332333507e-03 1.782221751336738214e+00 8.925624817405103731e-03 9.999371287105169870e-01 -6.787624605553858707e-03 9.358446992781813134e-02 -4.355329343261287248e-03 6.826705299573103056e-03 9.999672130630407052e-01 -3.547090369327134812e-02 9.999896287918090820e-01 1.851707747846376151e-05 4.552478436380624771e-03 8.332602679729461670e-03 -1.463610169594176114e-05 9.999996423721313477e-01 -8.525202865712344646e-04 -2.699859619140625000e+00 -4.552500788122415543e-03 8.524449658580124378e-04 9.999892711639404297e-01 5.229306221008300781e-02 3.093583583831787109e+02
1.600000000000000000e+07 9.999811629196627694e-01 -5.784003179685282513e-03 -2.054047968360957644e-03 4.573381052012361003e+00 5.769067068504692489e-03 9.999574055159045072e-01 -7.204513797598609617e-03 1.971935216212293562e-02 2.095631407960834962e-03 7.192528145102012986e-03 9.999719375401910915e-01 -5.875015728786204400e-02 9.999424815177917480e-01 5.157636405783705413e-05 1.072783023118972778e-02 1.318891812115907669e-02 -5.061141564510762691e-05 1.000000000000000000e+00 -9.022531594382598996e-05 -4.901678562164306641e+00 -1.072783302515745163e-02 8.967579924501478672e-05 9.999424219131469727e-01 5.466592311859130859e-02 3.498725891113281250e+02
1.700000000000000000e+07 9.998709093310160778e-01 -1.547041243415115362e-02 -4.339471475225464142e-03 6.688920033046897196e+00 1.547961629046860563e-02 9.998779878335117832e-01 2.095453532617875744e-03 1.679002195204881975e-01 4.306524476523161150e-03 -2.162356382459449354e-03 9.999883889634960665e-01 -6.419203365646972137e-02 9.998107552528381348e-01 9.017406227940227836e-06 1.945395953953266144e-02 4.585339222103357315e-03 -1.110578086809255183e-04 9.999862313270568848e-01 5.244152154773473740e-03 -7.695899009704589844e+00 -1.945364475250244141e-02 -5.245319567620754242e-03 9.997970461845397949e-01 -4.853656888008117676e-02 2.115974187850952148e+03
1.800000000000000000e+07 9.997834510115428674e-01 -1.946137784761779038e-02 7.369250689314467417e-03 7.771705266931370204e+00 1.942817679505829537e-02 9.998008998340317532e-01 4.550454645439325901e-03 1.188326719074673937e-01 -7.456341587512506537e-03 -4.406298143849730203e-03 9.999624930500131681e-01 -1.312664792718719609e-01 9.997562170028686523e-01 -3.991823541582562029e-05 2.207978628575801849e-02 1.778419502079486847e-02 -3.959645982831716537e-05 9.999935626983642578e-01 3.600795520469546318e-03 -8.260051727294921875e+00 -2.207978628575801849e-02 -3.600792260840535164e-03 9.997497200965881348e-01 -2.657256722450256348e-01 7.613685131072998047e+02
1.900000000000000000e+07 9.997556997241782151e-01 -2.209590595266090751e-02 -5.583987375543633842e-04 7.015386737159780672e+00 2.209530339392880294e-02 9.997553037028931167e-01 -1.063149032845367697e-03 1.152109780722262583e-01 5.817533404943883929e-04 1.050551315722353255e-03 9.999992789522319514e-01 -2.680209196408838909e-02 9.999643564224243164e-01 -6.660776853095740080e-05 8.445550687611103058e-03 1.635289192199707031e-02 6.745723658241331577e-05 9.999999403953552246e-01 -1.002943972707726061e-04 -7.186499595642089844e+00 -8.445540443062782288e-03 1.008612962323240936e-04 9.999642968177795410e-01 -3.311609029769897461e-01 5.427722930908203125e+02
2.000000000000000000e+07 9.999748049567389607e-01 -4.870513981283033055e-03 -5.164062866581419983e-03 5.172336905399328444e+00 4.872665274171580387e-03 9.999880468509405596e-01 4.040895530698574356e-04 5.239121205014602572e-02 5.162033015950306079e-03 -4.292421218197167839e-04 9.999865844931836723e-01 -2.755271705082856099e-02 9.999914169311523438e-01 -1.949790603248402476e-04 4.115035757422447205e-03 -8.696532249450683594e-02 3.050054147024638951e-05 9.992024898529052734e-01 3.993227705359458923e-02 -5.205011367797851562e+00 -4.119545686990022659e-03 -3.993180394172668457e-02 9.991939067840576172e-01 -2.707927525043487549e-01 4.653055667877197266e+02
2.100000000000000000e+07 9.998729757403492791e-01 -3.398202215981583436e-04 -1.593477035780378054e-02 2.062191707331367141e+00 3.110889162510930639e-04 9.999983216927057494e-01 -1.805501442290396302e-03 1.873210154044976233e-02 1.593535716026266841e-02 1.800314969365071844e-03 9.998714033605452522e-01 2.966162301327945894e-02 1.000000000000000000e+00 1.397146320414321963e-06 3.206513383702258579e-06 1.004050150513648987e-01 -1.268028654521913268e-06 9.992041587829589844e-01 -3.988783061504364014e-02 6.476593203842639923e-03 -3.249638439228874631e-06 3.988782688975334167e-02 9.992041587829589844e-01 7.905947975814342499e-03 6.071805953979492188e+02
2.200000000000000000e+07 9.998672922675536645e-01 1.028052680048186169e-03 1.625856578045456122e-02 -1.064495674075870840e-02 -1.021189331901714266e-03 9.999993859493485626e-01 -4.304338208664150738e-04 -9.661294702642948123e-03 -1.625899830551477687e-02 4.137736250430572261e-04 9.998677281348210544e-01 -4.611095500905976891e-02 1.000000000000000000e+00 2.230464701824530493e-08 -1.280280770288300118e-07 6.695252843201160431e-03 -2.261958442772993294e-08 9.999964237213134766e-01 -2.648185007274150848e-03 1.050018705427646637e-03 1.197930572516270331e-07 2.648184774443507195e-03 9.999964237213134766e-01 4.844642244279384613e-04 1.250839233398437500e+02
2.300000000000000000e+07 9.999813426582242482e-01 6.051856183881891039e-03 -8.302843998567791244e-04 5.671150036714414297e-03 -6.051153639759822463e-03 9.999813336804543873e-01 8.460675431359229986e-04 -5.236611302538185866e-03 8.353891805957667149e-04 -8.410275792963763271e-04 9.999992973985171174e-01 4.511941328716310463e-03 1.000000000000000000e+00 -1.032125584998766499e-08 1.528953852414360881e-09 1.046015415340662003e-03 1.029389462559038293e-08 9.999999403953552246e-01 -4.051956930197775364e-04 1.947306300280615687e-04 1.105911716370311382e-11 4.051958676427602768e-04 9.999999403953552246e-01 6.813580694142729044e-05 1.418561935424804688e+02
2.400000000000000000e+07 9.999614150131361789e-01 8.676106707079677197e-03 -1.376102225065150902e-03 4.889128272206040224e-03 -8.676986478636466646e-03 9.999621528496374090e-01 -6.346447572661896054e-04 -1.619643627377227724e-02 1.370543897882194485e-03 6.465606899066791112e-04 9.999988517836898572e-01 -1.890163737478392850e-03 1.000000000000000000e+00 7.545594357671880914e-12 -4.573551259934305335e-11 1.583826233400031924e-04 1.289235806543032034e-21 9.999999403953552246e-01 -6.035348633304238319e-05 3.963485869462601840e-05 -9.774063725238856264e-18 6.035343176336027682e-05 9.999999403953552246e-01 1.722989145491737872e-05 1.310281753540039062e+02
2.500000000000000000e+07 9.999759334162817703e-01 6.154605592361388731e-03 -3.202095913372374984e-03 -1.811686653482409703e-02 -6.165393367311517055e-03 9.999753149354710935e-01 -3.370080760426489696e-03 -1.133950693358336606e-02 3.181275351533294996e-03 3.389741835001533130e-03 9.999891945103356328e-01 -1.954223069395272672e-03 1.000000000000000000e+00 3.167390350000687249e-09 -4.470407117401764552e-12 5.993817467242479324e-06 -3.167399453829489175e-09 1.000000000000000000e+00 -5.899299139855429530e-06 -5.899469215364661068e-06 -1.928272645723705381e-12 5.899317329749464989e-06 1.000000000000000000e+00 2.686222160264151171e-07 1.422753334045410156e+02
2.600000000000000000e+07 9.999997976543166800e-01 6.014090804854976217e-04 -2.073606606714251946e-04 -3.904810186338601719e-02 -6.012629978755597206e-04 9.999995715531564411e-01 7.038297457929431353e-04 3.240161581147389409e-03 2.077838614286403195e-04 -7.037049250835555316e-04 9.999997308125864182e-01 -1.515643365332630362e-04 1.000000000000000000e+00 -8.713383792269269179e-09 -1.527645739941851932e-12 2.697219679248519242e-05 8.710198784456224530e-09 1.000000000000000000e+00 -2.024399691435974091e-06 -2.025158664764603600e-06 5.251280313367523433e-12 2.024388777499552816e-06 1.000000000000000000e+00 1.223740923705918249e-06 2.121644020080566406e+02
2.700000000000000000e+07 9.999790001124192473e-01 -6.479832982516425463e-03 -1.053502963939986992e-04 1.259436317822857677e-02 6.479611293470740468e-03 9.999770395775060550e-01 -1.983672173673584754e-03 1.682669831637579466e-02 1.182017418841537621e-04 1.982947887810655382e-03 9.999980269710648795e-01 -3.262183401292950789e-03 1.000000000000000000e+00 -1.543622824497302243e-21 -5.547181548440848034e-18 2.996911007357994094e-06 5.421401915293280882e-21 1.000000000000000000e+00 -1.855274833283376141e-20 -8.409983820456545800e-11 -4.870278146492779109e-18 4.696017105445483816e-20 1.000000000000000000e+00 1.361068200367299141e-07 1.078510284423828125e+02
2.800000000000000000e+07 9.999742733899361635e-01 6.993341308032672426e-03 -1.595536153994139101e-03 -6.745897716483802674e-03 -6.993411365601455952e-03 9.999755450649846500e-01 -3.833351481149337582e-05 -1.112142328650354318e-02 1.595229055908565195e-03 4.949076929367609326e-05 9.999987263966504392e-01 -2.055887787020729135e-03 1.000000000000000000e+00 1.209656943501613569e-06 1.440767227904871106e-04 1.431648619472980499e-02 -4.384558849324093899e-07 9.999856948852539062e-01 -5.352701991796493530e-03 -3.494433164596557617e-01 -1.440769847249612212e-04 5.352701991796493530e-03 9.999856948852539062e-01 -1.578407175838947296e-02 1.856834888458251953e+02
2.900000000000000000e+07 9.999152870679630656e-01 4.532871087415145384e-03 -1.220130187717010165e-02 1.047223581959233707e+00 -4.541958894447154817e-03 9.999894280496138821e-01 -7.172157326494844800e-04 -1.660728579061423321e-02 1.219792183915404359e-02 7.725727867867163059e-04 9.999253041273107323e-01 1.271552959866058827e-03 9.999989271163940430e-01 2.613052174638141878e-06 1.443704124540090561e-03 7.816185243427753448e-03 -1.867631112872913945e-06 9.999998807907104492e-01 -5.163311143405735493e-04 -2.409946203231811523e+00 -1.443713204935193062e-03 5.163274472579360008e-04 9.999987483024597168e-01 -1.058046445250511169e-01 7.850091457366943359e+02
3.000000000000000000e+07 9.999991445611507990e-01 -7.751687109374679830e-04 -1.053560836506732415e-03 2.855278369647102465e+00 7.765430509339335931e-04 9.999988473831497027e-01 1.304688952227380091e-03 2.222556399166336627e-02 1.052548268101487130e-03 -1.305505971492089672e-03 9.999985938971623911e-01 -4.147308556777751232e-02 9.999990463256835938e-01 4.851253834203816950e-07 1.381407724693417549e-03 -1.821869984269142151e-02 -1.674048507993575186e-05 9.999307990074157715e-01 1.176725141704082489e-02 -4.404109477996826172e+00 -1.381298759952187538e-03 -1.176726352423429489e-02 9.999298453330993652e-01 -1.928367763757705688e-01 3.209006786346435547e+02
3.100000000000000000e+07 9.999906251694588022e-01 3.924899195903079271e-03 1.828862897248799673e-03 4.342076023287710029e+00 -3.928332716313842968e-03 9.999905213418669447e-01 1.877612444371355325e-03 -2.281128362387818340e-02 -1.821476122509493476e-03 -1.884779224025782138e-03 9.999965649101060228e-01 -4.869754739131756244e-02 9.993402361869812012e-01 -3.796597884502261877e-04 -3.631709143519401550e-02 -4.292130761314183474e-04 -1.941953814821317792e-04 9.998751282691955566e-01 -1.579640991985797882e-02 -5.794499397277832031e+00 3.631855547428131104e-02 1.579304039478302002e-02 9.992154240608215332e-01 -1.113663241267204285e-01 3.646712303161621094e+02
3.200000000000000000e+07 9.974283641507641907e-01 7.157224214873202095e-02 -3.751338605616517333e-03 6.126982063086623853e+00 -7.154703598962283695e-02 9.974162384661001690e-01 6.470617067587947947e-03 -4.339671653100209414e-01 4.204762612839814395e-03 -6.185579838544954037e-03 9.999720288955240566e-01 -3.220193460034108390e-02 9.692072272300720215e-01 7.700599380768835545e-04 -2.462455034255981445e-01 -2.930290102958679199e-01 -1.950532430782914162e-03 9.999877810478210449e-01 -4.550013691186904907e-03 -7.841723442077636719e+00 2.462389320135116577e-01 4.890209063887596130e-03 9.691968560218811035e-01 1.749977469444274902e+00 2.876391410827636719e+02
3.300000000000000000e+07 9.428209020494784376e-01 3.328768677169585133e-01 1.678504088628574031e-02 8.402264609176167909e+00 -3.330600825448584712e-01 9.428569812004767847e-01 9.575720167983015757e-03 -2.498368552830192879e+00 -1.263835724371765827e-02 -1.461861622965628452e-02 9.998132665581659362e-01 -1.097469022636969466e-01 8.854569196701049805e-01 2.026554895564913750e-03 -4.647170007228851318e-01 8.690235018730163574e-01 -6.337077356874942780e-03 9.999502301216125488e-01 -7.713842205703258514e-03 -6.860068798065185547e+00 4.646782577037811279e-01 9.775223210453987122e-03 8.854256868362426758e-01 5.353806972503662109e+00 4.571850299835205078e+02
3.400000000000000000e+07 8.692499866895183613e-01 4.943634992731706368e-01 3.031703590044641794e-03 7.142519353140944993e+00 -4.943716737161667485e-01 8.692186076582792964e-01 7.460584942098405503e-03 -3.416735029526744238e+00 1.053027705229281656e-03 -7.983901739636740588e-03 9.999675736970993212e-01 -8.256928217109331392e-02 8.121805191040039062e-01 1.037831301800906658e-03 -5.834051966667175293e-01 5.751121997833251953e+00 -9.097794070839881897e-03 9.998993277549743652e-01 -1.088664028793573380e-02 -2.711386680603027344e+00 5.833351016044616699e-01 1.414961926639080048e-02 8.121082782745361328e-01 6.995707511901855469e+00 7.793519496917724609e+02
3.500000000000000000e+07 8.129253750245255539e-01 5.821058244378656266e-01 1.746836560034271263e-02 9.603360112671493809e+00 -5.822466878108318866e-01 8.130023875123241206e-01 3.989039054262734710e-03 -6.096194955330212828e+00 -1.187978007162032550e-02 -1.341368908144223090e-02 9.998394589986315806e-01 -2.529889360958619271e-01 9.620204567909240723e-01 -3.083204291760921478e-02 -2.712309062480926514e-01 1.303048992156982422e+01 3.024959191679954529e-02 9.995223879814147949e-01 -6.328918971121311188e-03 9.200493693351745605e-01 2.712964415550231934e-01 -2.116078278049826622e-03 9.624935388565063477e-01 3.006896018981933594e+00 1.433875322341918945e+03
3.600000000000000000e+07 9.858648820964105441e-01 1.674450617982224943e-01 5.708373535421129401e-03 6.386648725424566575e-02 -1.672018551149282717e-01 9.854612090068726182e-01 -3.016198250843818082e-02 -8.849863242842479494e-01 -1.067585571076128115e-02 2.878118868466403302e-02 9.995287235906433754e-01 -1.248495093168282555e-01 9.991707801818847656e-01 -1.662401668727397919e-02 -3.716692700982093811e-02 1.650283241271972656e+01 1.381504070013761520e-02 9.971181154251098633e-01 -7.459639757871627808e-02 1.457587599754333496e+00 3.829989954829216003e-02 7.402108609676361084e-02 9.965209364891052246e-01 -1.753853559494018555e+00 3.030414581298828125e+02
3.700000000000000000e+07 9.991155081361959844e-01 3.713290460568944434e-02 -1.973192330452541721e-02 -4.769352504306530460e-01 -3.742835457640771718e-02 9.991894011199569103e-01 -1.482089616874415414e-02 -1.574302750552129426e+00 1.916558570598886346e-02 1.554632062858487401e-02 9.996954497443006904e-01 -5.968859347524762410e-02 9.998440146446228027e-01 -1.894185668788850307e-03 1.755822822451591492e-02 1.850990104675292969e+01 2.616637619212269783e-03 9.991468191146850586e-01 -4.121471568942070007e-02 9.327484369277954102e-01 -1.746517792344093323e-02 4.125421494245529175e-02 9.989960193634033203e-01 -3.935639381408691406e+00 5.412728786468505859e+02
3.800000000000000000e+07 9.994867091414321170e-01 -3.201140551486025831e-02 -1.260224818575302920e-03 -2.593866903589204798e-01 3.201503059817625840e-02 9.994829750646215816e-01 2.969911071196278032e-03 -1.294856197635608996e+00 1.164502223276779862e-03 -3.008732779119943114e-03 9.999947957172756752e-01 1.288668442078045040e-01 9.990922808647155762e-01 9.464876726269721985e-03 4.153304919600486755e-02 1.802319908142089844e+01 -9.384680539369583130e-03 9.999538064002990723e-01 -2.125379163771867752e-03 8.145684003829956055e-02 -4.155123978853225708e-02 1.733688521198928356e-03 9.991348385810852051e-01 -3.584123611450195312e+00 3.706574440002441406e+02
3.900000000000000000e+07 9.998107901430840494e-01 1.916907568960538738e-02 3.306123208263132655e-03 4.750820716179793984e-02 -1.915611178363818209e-02 9.998088622643714896e-01 -3.909260666133214900e-03 -3.528985378981679411e-01 -3.380428196958901003e-03 3.845188529733959640e-03 9.999868935292981487e-01 1.419591787912482042e-02 9.989744424819946289e-01 1.244568172842264175e-02 4.353376850485801697e-02 1.809324073791503906e+01 -1.246479433029890060e-02 9.999222755432128906e-01 1.675733365118503571e-04 -5.887706875801086426e-01 -4.352830722928047180e-02 -7.100651273503899574e-04 9.990519285202026367e-01 -2.711117982864379883e+00 1.741530895233154297e+02
4.000000000000000000e+07 9.988450956375118928e-01 -4.618343928992893477e-02 -1.325008891453816756e-02 -2.160791903656672161e-02 4.622970456179679305e-02 9.989256884977221196e-01 3.206754664884153838e-03 1.742620468328836547e-01 1.308775523222770187e-02 -3.815598865868888648e-03 9.999070716162957728e-01 4.304563038258481938e-02 9.997063875198364258e-01 4.556130617856979370e-03 2.379920892417430878e-02 1.797583961486816406e+01 -5.847792141139507294e-03 9.984973073005676270e-01 5.448884516954421997e-02 -7.950419187545776367e-01 -2.351517789065837860e-02 -5.461200326681137085e-02 9.982307553291320801e-01 -1.339914917945861816e+00 1.023035049438476562e+02
4.100000000000000000e+07 9.994731403706480499e-01 -3.174812866878794215e-02 6.745220801784453622e-03 -1.084565933313740432e-01 3.172228225251277206e-02 9.994890938398793834e-01 3.904882050528468273e-03 4.802505198280127008e-01 -6.865747324702067486e-03 -3.688850927688936982e-03 9.999696264849780025e-01 5.480358365252533531e-02 9.999746680259704590e-01 -1.831567962653934956e-03 6.884572096168994904e-03 1.812517166137695312e+01 1.301774755120277405e-03 9.970927238464355469e-01 7.618507742881774902e-02 -7.374049425125122070e-01 -7.004098966717720032e-03 -7.617417722940444946e-02 9.970699548721313477e-01 4.111111164093017578e-01 1.918683767318725586e+03
4.200000000000000000e+07 9.987766396945713110e-01 2.021591053973779972e-02 4.512805071648495758e-02 4.025462287169070258e-02 -2.022277717565664282e-02 9.997954523852818909e-01 -3.044224256312292026e-04 4.424654469299706405e-01 -4.512497405787686822e-02 -6.085645066915777160e-04 9.989811641695338640e-01 -6.121653304046259514e-02 9.999998807907104492e-01 2.837269566953182220e-04 1.420068438164889812e-04 1.827956771850585938e+01 -2.834973565768450499e-04 9.999987483024597168e-01 -1.614701934158802032e-03 -9.206801056861877441e-01 -1.424603397026658058e-04 1.614662236534059048e-03 9.999986290931701660e-01 9.095784425735473633e-01 9.446103572845458984e+02
4.300000000000000000e+07 9.999623558381368627e-01 -3.487966364127980702e-03 -7.944872389544038044e-03 -1.480357326711615185e-01 3.515235472997741469e-03 9.999879701545461019e-01 3.420915924175974964e-03 8.669359360045808538e-01 7.932844774279003419e-03 -3.448715243915370307e-03 9.999625874686280946e-01 -1.936118939048364629e-02 9.999842047691345215e-01 1.119886641390621662e-03 -5.516117438673973083e-03 1.812654685974121094e+01 -1.120824832469224930e-03 9.999993443489074707e-01 -1.670658530201762915e-04 -8.540880680084228516e-01 5.515921395272016525e-03 1.732458331389352679e-04 9.999848008155822754e-01 9.057087898254394531e-01 2.572917938232421875e+02
4.400000000000000000e+07 9.999847596347564149e-01 4.547938193221179141e-03 3.129977062095981935e-03 -2.168861396067094938e-01 -4.562619253896595985e-03 9.999785487381667171e-01 4.699422204280957575e-03 1.069583270176893919e+00 -3.108537238409569189e-03 -4.713631476977904466e-03 9.999840592102139381e-01 -3.924737668610174361e-03 9.985308647155761719e-01 9.384809993207454681e-03 -5.336745083332061768e-02 1.788856697082519531e+01 -9.390468709170818329e-03 9.999558329582214355e-01 1.447875547455623746e-04 -2.897494137287139893e-01 5.336645990610122681e-02 3.565703809726983309e-04 9.985749125480651855e-01 7.963851094245910645e-01 3.251793384552001953e+02
4.500000000000000000e+07 9.994952639481562429e-01 3.175091127547178399e-02 -1.047367357969354899e-03 1.106314479425769548e+01 -3.174214633412857783e-02 9.994677289803195475e-01 7.529599791849267247e-03 1.308683548936283025e-01 1.285881529608565339e-03 -7.492553643436112437e-03 9.999711036567966449e-01 -3.198450200785718511e-02 9.774760603904724121e-01 1.764369569718837738e-02 -2.103074640035629272e-01 1.783601188659667969e+01 -1.717850752174854279e-02 9.998442530632019043e-01 4.038698505610227585e-03 2.615182638168334961e+00 2.103459089994430542e-01 -3.349641046952456236e-04 9.776269793510437012e-01 -1.831300854682922363e-01 1.892940759658813477e+03
4.600000000000000000e+07 9.831037893972904840e-01 1.830415137923095681e-01 -1.656351806710977450e-03 1.247549132171512021e+01 -1.830107030517079680e-01 9.830429312840999190e-01 1.156191250978973878e-02 -1.455106591080511658e+00 3.744574903433029421e-03 -1.106342989240708709e-02 9.999317870123983765e-01 -4.834763310678482501e-02 9.696238040924072266e-01 -4.196646157652139664e-03 -2.445649951696395874e-01 1.569460678100585938e+01 3.582478500902652740e-03 9.999892115592956543e-01 -2.956036245450377464e-03 7.230921268463134766e+00 2.445747852325439453e-01 1.990098739042878151e-03 9.696284532546997070e-01 -3.610563516616821289e+00 2.065733432769775391e+03
4.700000000000000000e+07 9.994608006794541977e-01 3.236594636209168263e-02 5.527514927212717061e-03 9.426501045828868108e-02 -3.229392296553165731e-02 9.993982726377947934e-01 -1.265682377566126546e-02 9.064158826878661313e-02 -5.933838949673515481e-03 1.247149408363092647e-02 9.999046211467578216e-01 8.690843560367566764e-03 9.778929948806762695e-01 -4.790690261870622635e-03 -2.090513557195663452e-01 1.284609508514404297e+01 4.408406093716621399e-03 9.999876618385314941e-01 -2.294570906087756157e-03 1.087241077423095703e+01 2.090597152709960938e-01 1.322255702689290047e-03 9.779019355773925781e-01 -6.626089572906494141e+00 3.550426959991455078e+02
4.800000000000000000e+07 9.989557840008286282e-01 4.546912221265225762e-02 -4.461001737351706631e-03 5.250029352928667237e+00 -4.550103012778310141e-02 9.989373788501586526e-01 -7.332761641098584950e-03 -1.015640794407576930e+00 4.122847147340757447e-03 7.528084828526173007e-03 9.999631643566747607e-01 -5.846984315306339580e-02 9.878417253494262695e-01 -4.264260176569223404e-03 -1.554044485092163086e-01 9.501670837402343750e+00 3.645354416221380234e-03 9.999842643737792969e-01 -4.267319571226835251e-03 1.289523315429687500e+01 1.554202735424041748e-01 3.648932790383696556e-03 9.878417253494262695e-01 -7.795069694519042969e+00 2.499409914016723633e+03
4.900000000000000000e+07 9.990616326718304574e-01 -4.322831973052998489e-02 -2.677031260864588032e-03 2.497292979166751137e-01 4.321233120535437205e-02 9.990492651422517856e-01 -5.767170062134177426e-03 -4.036916497514222990e-01 2.923791185315878765e-03 5.646077576680304418e-03 9.999797864222570443e-01 -1.772111387715899489e-02 9.877302050590515137e-01 1.608939259313046932e-03 -1.561615765094757080e-01 6.961616992950439453e+00 -1.307214261032640934e-03 9.999970793724060059e-01 2.034815493971109390e-03 1.490830516815185547e+01 1.561644077301025391e-01 -1.805714098736643791e-03 9.877293705940246582e-01 -7.865626811981201172e+00 6.377665996551513672e+02
5.000000000000000000e+07 9.978549821700368749e-01 -6.544842036151157783e-02 1.392418980909293112e-03 4.352994967168844626e-02 6.545503655860741843e-02 9.978408870928404673e-01 -5.403909222471279389e-03 -9.386682198406590127e-02 -1.035735268727688190e-03 5.483458576137892684e-03 9.999844293460258271e-01 3.173693977619298449e-03 9.872601628303527832e-01 3.190631978213787079e-04 -1.591137200593948364e-01 4.102282047271728516e+00 -2.235922584077343345e-04 9.999997615814208984e-01 6.179205374792218208e-04 1.581512165069580078e+01 1.591138839721679688e-01 -5.744673544541001320e-04 9.872601628303527832e-01 -6.521431446075439453e+00 2.184486389160156250e+02
5.100000000000000000e+07 9.983385414982001160e-01 -5.760914501472640115e-02 -1.158865789756138983e-03 1.621620985403056511e-03 5.761214025038356029e-02 9.983352735482258211e-01 2.742787844363271145e-03 1.084561858737167761e-01 9.989269325513232961e-04 -2.804995554591422930e-03 9.999955670626355930e-01 5.155530606979617791e-03 9.860056638717651367e-01 -5.536348908208310604e-04 -1.667106747627258301e-01 1.866674661636352539e+00 1.910485734697431326e-04 9.999975562095642090e-01 -2.190980361774563789e-03 1.676413154602050781e+01 1.667115539312362671e-01 2.128462772816419601e-03 9.860034584999084473e-01 -4.572165966033935547e+00 1.055054664611816406e+02
5.200000000000000000e+07 9.993245886879656981e-01 -3.667760898225726207e-02 2.262618609615771586e-03 2.314371246771897844e-02 3.666196528916484260e-02 9.993058884974729272e-01 6.606172523653457834e-03 3.385535516185539939e-01 -2.503346712704899047e-03 -6.518758595073380693e-03 9.999756192235963459e-01 2.198474816714984011e-03 9.833565354347229004e-01 8.072985219769179821e-04 -1.816847771406173706e-01 3.485517203807830811e-01 -7.150091551011428237e-05 9.999918341636657715e-01 4.056375008076429367e-03 1.832036399841308594e+01 1.816864758729934692e-01 -3.975868690758943558e-03 9.833484292030334473e-01 -2.076761960983276367e+00 1.651848793029785156e+03
5.300000000000000000e+07 9.877069061083632029e-01 1.559474544281190811e-01 -1.074518884127441051e-02 1.612121770927931053e+01 -1.560105052081339760e-01 9.877411866294686371e-01 -5.298160106286782869e-03 -1.732524122395407540e+00 9.787230994910075393e-03 6.909391666331300003e-03 9.999282326328492454e-01 -7.782924687698859756e-02 9.903049468994140625e-01 -5.185822374187409878e-04 -1.389093101024627686e-01 -1.977528929710388184e-01 -6.002052105031907558e-04 9.999676346778869629e-01 -8.012081496417522430e-03 1.756525802612304688e+01 1.389089971780776978e-01 8.017772808670997620e-03 9.902727007865905762e-01 8.402243256568908691e-01 1.648145198822021484e+03
5.400000000000000000e+07 9.981114998105848901e-01 6.139677081080947840e-02 -1.967353519252507555e-03 6.647922935669908773e-02 -6.141169429467961682e-02 9.980743308959729720e-01 -8.731197535996796863e-03 -4.992345417509190253e-01 1.427497713342284341e-03 8.835527180690144408e-03 9.999599470527394951e-01 -2.626929804116573397e-02 9.982334375381469727e-01 5.319866468198597431e-04 -5.941208079457283020e-02 9.709647297859191895e-02 -1.050070044584572315e-03 9.999617338180541992e-01 -8.689288049936294556e-03 1.755836105346679688e+01 5.940519645810127258e-02 8.736328221857547760e-03 9.981957077980041504e-01 2.255096673965454102e+00 1.623811721801757812e+02
5.500000000000000000e+07 9.980989717698348640e-01 6.157140336898576233e-02 -2.721183413906813620e-03 -7.206702032916088019e-01 -6.159520329950009254e-02 9.980535098645533232e-01 -9.758195403825064423e-03 -2.453812895985325593e+00 2.115060871872606867e-03 9.907256644481741981e-03 9.999486850750335387e-01 -3.719783641513144112e-02 9.999815225601196289e-01 2.846861025318503380e-04 -6.059870589524507523e-03 3.163406550884246826e-01 -2.961402060464024544e-04 9.999982118606567383e-01 -1.889352803118526936e-03 1.790069961547851562e+01 6.059308070689439774e-03 1.891112769953906536e-03 9.999798536300659180e-01 2.457250118255615234e+00 4.651012420654296875e+02
5.600000000000000000e+07 9.999034230222474395e-01 -1.388452056639187353e-02 6.039180689288559502e-04 -5.367101480954576953e-01 1.388654211548109342e-02 9.998975111293523232e-01 -3.482985127995183103e-03 -2.097737957179644841e+00 -5.554965954059214476e-04 3.491035085516444592e-03 9.999937520292635496e-01 -3.900690203677292800e-02 9.997913241386413574e-01 5.170295480638742447e-04 2.042263373732566833e-02 3.308257758617401123e-01 -4.413402057252824306e-04 9.999930262565612793e-01 -3.710472723469138145e-03 1.817506599426269531e+01 -2.042445540428161621e-02 3.700685687363147736e-03 9.997845888137817383e-01 2.267899036407470703e+00 5.393624305725097656e+02
5.700000000000000000e+07 9.999881701200794559e-01 4.777453757985499969e-03 -9.140872416068912369e-04 -3.673619209346968839e-01 -4.776181508343656235e-03 9.999876293326602772e-01 1.388982305630442589e-03 -2.056705415839656936e+00 9.207117324735153820e-04 -1.384600027556179497e-03 9.999986175853792236e-01 1.856286419821997352e-02 8.636240959167480469e-01 -5.787345021963119507e-02 5.008035302162170410e-01 4.756352603435516357e-01 -5.025541186332702637e-01 -2.018802799284458160e-02 8.643100261688232422e-01 1.428765487670898438e+01 -3.991032764315605164e-02 -9.981197118759155273e-01 -4.651938378810882568e-02 -4.472166538238525391e+00 3.690905570983886719e+02
5.800000000000000000e+07 7.370298130814750825e-01 2.182239073752141878e-01 -6.396603636923111624e-01 3.768121919665355257e+00 -6.758555549794803552e-01 2.344515157325089416e-01 -6.987501381567717829e-01 1.201225145420988571e+00 -2.514643605871200432e-03 9.473176938179836970e-01 3.202855968458656610e-01 -2.686628951284979028e+00 7.118364572525024414e-01 -5.091569423675537109e-01 4.837851226329803467e-01 -7.047494888305664062e+00 5.067653059959411621e-01 -1.045828834176063538e-01 -8.557168841361999512e-01 2.714335620403289795e-01 4.862898290157318115e-01 8.542959690093994141e-01 1.835771501064300537e-01 1.136137676239013672e+01 2.020437002182006836e+03
5.900000000000000000e+07 7.908968486402047082e-01 -6.083912864012722688e-01 6.589550395890647616e-02 -1.234273831015938461e+00 1.881074010018980447e-01 3.441682360087374160e-01 9.198716383338194635e-01 3.501856006558660805e+00 -5.823210287284018571e-01 -7.151281479242996841e-01 3.866444769385133928e-01 -2.145461092602512387e+00 7.479145526885986328e-01 4.423716664314270020e-02 -6.623192429542541504e-01 -8.870339989662170410e-01 5.202775821089744568e-03 9.973555207252502441e-01 7.248981297016143799e-02 1.317335033416748047e+01 6.637746095657348633e-01 -5.766209587454795837e-02 7.457066178321838379e-01 4.826191365718841553e-01 1.756716489791870117e+03
