0.000000000000000000e+00 9.999998798543402456e-01 -1.971851912489597876e-04 -4.487864808129471373e-04 -7.140374118274783743e-03 1.971566779320115339e-04 9.999999785435653710e-01 -6.357761384555982295e-05 -1.097390076134046287e-03 4.487990077475347071e-04 6.348912495532759424e-05 9.999998972742855097e-01 -9.421433362445877239e-04 1.000000000000000000e+00 -5.240782385840248025e-08 1.872622590326500358e-08 -6.996367301326245070e-05 5.180154616368781717e-08 9.999999403953552246e-01 -3.168277908116579056e-05 -3.149657641188241541e-05 -1.759382861621361371e-08 3.167248360114172101e-05 9.999999403953552246e-01 -6.236183708097087219e-06 1.055328845977783203e+02
1.000000000000000000e+06 9.999999986231841165e-01 -5.210761712985890792e-05 -6.199033118975893265e-06 -3.173320779681953335e-02 5.210729146088254304e-05 9.999999972630290168e-01 -5.252401386263146841e-05 8.815000235567596598e-03 6.201770003213797247e-06 5.252369077549006365e-05 9.999999986013999864e-01 1.114424281543856081e-03 1.000000000000000000e+00 1.228337964676029515e-07 -1.523073889231341127e-09 -1.993952719203662127e-05 -1.219911496264103334e-07 1.000000119209289551e+00 -5.390822934714378789e-06 -5.570649591390974820e-06 1.399851234928917165e-09 5.400016107159899548e-06 9.999999403953552246e-01 -2.209356352977920324e-05 1.130065917968750000e+02
2.000000000000000000e+06 9.999996949260860912e-01 -7.354252899882020170e-04 -2.632439509622964036e-04 9.016215770235088550e-03 7.356204156380437113e-04 9.999994542179202472e-01 7.419073162848821654e-04 1.899692333540122999e-02 2.626981898852421443e-04 -7.421007375729343552e-04 9.999996901380302505e-01 -2.917428357182615638e-03 1.000000000000000000e+00 -2.093077995368730626e-07 2.533602438958837411e-09 -7.609833119204267859e-08 2.089848152309059515e-07 9.999999403953552246e-01 -1.759904876053042244e-06 -1.438186586710799020e-06 -2.399234366734503965e-09 1.760443410603329539e-06 1.000000000000000000e+00 2.801827213261276484e-05 1.154012680053710938e+02
3.000000000000000000e+06 9.999998268295346993e-01 5.461305513320619583e-04 2.192768147029156641e-04 -1.419946359722548679e-02 -5.459390318655462856e-04 9.999994703242848226e-01 -8.725260589021497466e-04 9.003207404324517493e-03 -2.197532116949118392e-04 8.724061960344766786e-04 9.999995953078957278e-01 3.831919881458308291e-03 1.000000000000000000e+00 -5.710438256832529480e-19 2.725217096901958105e-19 -1.965798901437665336e-08 1.930430492723640887e-20 1.000000000000000000e+00 5.774672450312451998e-19 8.044190735745360143e-08 6.039532063536751540e-19 6.289267713236284662e-19 1.000000000000000000e+00 6.999510333116631955e-06 1.287968158721923828e+02
4.000000000000000000e+06 9.999993438528558265e-01 -7.210776580657912932e-04 8.901353092414993930e-04 2.456627183749235041e-02 7.211732495512780542e-04 9.999997342221655927e-01 -1.070735372337039713e-04 -4.054522518416551623e-04 -8.900578643277952959e-04 1.077154087512143346e-04 9.999995980971136955e-01 -1.181425548422730025e-03 1.000000000000000000e+00 -5.710438256832529480e-19 2.725217096901958105e-19 1.151396276100058458e-07 1.930430492723640887e-20 1.000000000000000000e+00 5.774672450312451998e-19 -4.711597227924357867e-07 6.039532063536751540e-19 6.289267713236284662e-19 1.000000000000000000e+00 -4.099713260075077415e-05 9.046626091003417969e+01
5.000000000000000000e+06 9.999983199563275971e-01 -7.264635817088198940e-04 -1.682954303155095388e-03 1.981563674537536925e-03 7.278180628825521147e-04 9.999994116500686703e-01 8.043509083173915790e-04 8.313167469096733458e-03 1.682368981347239856e-03 -8.055744415135799100e-04 9.999982603407016057e-01 -4.548052172542740856e-03 1.000000000000000000e+00 -5.710438256832529480e-19 2.725217096901958105e-19 -1.600721901695578708e-07 1.930430492723640887e-20 1.000000000000000000e+00 5.774672450312451998e-19 6.550269517902052030e-07 6.039532063536751540e-19 6.289267713236284662e-19 1.000000000000000000e+00 5.699601388187147677e-05 8.239173889160156250e+01
6.000000000000000000e+06 9.999833830613341634e-01 -1.959140618716872660e-04 -5.761529214495453126e-03 9.902912476815746434e-02 1.965636840441206039e-04 9.999999743885487069e-01 1.121856506027823120e-04 -3.715397353319478332e-04 5.761507088187833685e-03 -1.133162938288361101e-04 9.999833959598981581e-01 2.040591032448601551e-03 9.999999403953552246e-01 -2.072793286060914397e-04 1.427270326530560851e-04 3.086178004741668701e-01 2.078216202789917588e-04 9.999927878379821777e-01 -3.808644367381930351e-03 -3.433404024690389633e-03 -1.419372711097821593e-04 3.808667417615652084e-03 9.999927878379821777e-01 3.356976667419075966e-03 1.073064804077148438e+02
7.000000000000000000e+06 9.999851915719131235e-01 1.329528855526487111e-05 5.442100708317360556e-03 1.263580298967920346e+00 -1.909977000303543837e-05 9.999994310659868768e-01 1.066537810568463042e-03 9.005500092715808605e-03 -5.442083432193217316e-03 -1.066625959691855580e-03 9.999846229002619102e-01 -1.686896172590679130e-02 9.999997615814208984e-01 -7.344573386944830418e-04 1.134731519414344802e-05 1.605667710304260254e+00 7.343952893279492855e-04 9.999887347221374512e-01 4.676830489188432693e-03 5.687600933015346527e-03 -1.478218109696172178e-05 -4.676810465753078461e-03 9.999890923500061035e-01 1.218727789819240570e-02 1.395404338836669922e+02
8.000000000000000000e+06 9.999667999492329873e-01 6.803523563913362092e-04 8.120105908295129071e-03 2.061894829337333146e+00 -6.715906842359451508e-04 9.999991894586591767e-01 -1.081687559951458044e-03 6.959157577659807678e-03 -8.120835255293893523e-03 1.076198260386533297e-03 9.999664463531067193e-01 -1.396826634541257356e-02 9.999998807907104492e-01 -4.308378265704959631e-04 2.987886773553327657e-07 2.885249614715576172e+00 4.308317729737609625e-04 9.999878406524658203e-01 4.911367315798997879e-03 1.858111820183694363e-03 -2.414660457361605950e-06 -4.911370109766721725e-03 9.999879002571105957e-01 1.333358976989984512e-02 1.437082290649414062e+02
9.000000000000000000e+06 9.999995443723564970e-01 1.678900997827881725e-04 -9.397169752841594758e-04 2.847857523373337862e+00 -1.697140016624052209e-04 9.999981015409901142e-01 -1.941162428344378379e-03 4.572111748173002949e-03 9.393892893162117223e-04 1.941321027025421156e-03 9.999976744075124158e-01 -9.487061557766735334e-03 9.999976158142089844e-01 2.178023336455225945e-03 -1.931042243086267263e-05 4.061594486236572266e+00 -2.178060123696923256e-03 9.999951720237731934e-01 -2.190992934629321098e-03 -1.551550067961215973e-02 1.453892127756262198e-05 2.191029256209731102e-03 9.999975562095642090e-01 1.632959023118019104e-02 1.503801345825195312e+02
1.000000000000000000e+07 9.999980297564242671e-01 2.710379450584876442e-04 -1.966474434605526220e-03 4.113567261943118503e+00 -2.777876527389940291e-04 9.999940688972461800e-01 -3.432929412288379147e-03 -1.151391656544801037e-02 1.965532317110154411e-03 3.433468910898618970e-03 9.999921739563507606e-01 -2.914702245018768040e-02 9.999912381172180176e-01 4.197294358164072037e-03 -9.109954407904297113e-05 5.187481403350830078e+00 -4.197221249341964722e-03 9.999909400939941406e-01 7.867680396884679794e-04 -8.957335725426673889e-03 9.439967834623530507e-05 -7.863785722292959690e-04 9.999997019767761230e-01 2.147279307246208191e-02 1.440353393554687500e+02
1.100000000000000000e+07 9.999996114533289404e-01 -1.137962133983204507e-04 8.741530833239189629e-04 5.802988011083549225e+00 1.177224245906067010e-04 9.999899008063560801e-01 -4.492708172682657874e-03 -1.976717622374834626e-03 -8.736330019047010764e-04 4.492809334476284729e-03 9.999895256599751203e-01 -4.145573123400760757e-02 9.999828934669494629e-01 5.849120672792196274e-03 -3.796774399233981967e-05 6.450767993927001953e+00 -5.848812405019998550e-03 9.999668598175048828e-01 5.657369736582040787e-03 1.706031337380409241e-02 7.105788245098665357e-05 -5.657051224261522293e-03 9.999840259552001953e-01 -6.618137005716562271e-03 1.465795040130615234e+02
1.200000000000000000e+07 9.999790577183161888e-01 8.599254691508413217e-04 6.414409791726267268e-03 5.505900479230252387e+00 -8.249905029687477605e-04 9.999848247575073845e-01 -5.446984979528481964e-03 -2.884594356507057603e-02 -6.418996452616209866e-03 5.441579080074388300e-03 9.999645922239730478e-01 -7.498699586368878789e-02 9.999417066574096680e-01 -1.079039648175239563e-02 2.286433737026527524e-04 8.157719612121582031e+00 1.078918389976024628e-02 9.999304413795471191e-01 4.766725003719329834e-03 1.144446730613708496e-01 -2.800625807140022516e-04 -4.763980396091938019e-03 9.999886751174926758e-01 -3.692110255360603333e-02 1.285872459411621094e+02
1.300000000000000000e+07 9.999989921414352834e-01 -7.944565520025974109e-04 -1.176671109857525648e-03 9.402619243969887464e+00 8.191377718261652098e-04 9.997764926419794307e-01 2.112566623358217224e-02 3.952967708907207528e-02 1.159624691251812893e-03 -2.112660879764962155e-02 9.997761357780483582e-01 -7.537490315237393990e-02 9.998860955238342285e-01 -1.509105972945690155e-02 -1.156496978182985913e-06 8.351813316345214844e+00 1.509103085845708847e-02 9.998845458030700684e-01 -1.782410894520580769e-03 3.328374773263931274e-02 2.805479562084656209e-05 1.782190054655075073e-03 9.999983906745910645e-01 -2.005784586071968079e-02 2.713644504547119141e+02
1.400000000000000000e+07 9.999882650651152893e-01 -3.746725857867161109e-04 4.830046843875552935e-03 7.877420071606785257e+00 3.321176078068384342e-04 9.999611513513955163e-01 8.808262364721815979e-03 1.916446085090578455e-02 -4.833159417519450503e-03 -8.806554856733136982e-03 9.999495413077602590e-01 -6.520729127202933018e-02 9.999972581863403320e-01 -2.287202514708042145e-03 4.141696845181286335e-04 8.847299575805664062e+00 2.289162483066320419e-03 9.999859333038330078e-01 -4.783163312822580338e-03 -1.260036081075668335e-01 -4.032234719488769770e-04 4.784098826348781586e-03 9.999884366989135742e-01 -4.232668504118919373e-02 3.059616088867187500e+02
1.500000000000000000e+07 9.999703488221277636e-01 1.725612858545634391e-04 -7.698811541712973806e-03 9.404303273688364939e+00 -2.039468891939103586e-04 9.999916719427281997e-01 -4.076082782921084703e-03 2.158983581535144861e-03 7.698044051483259737e-03 4.077532070929888730e-03 9.999620562051302342e-01 -2.698051201962902920e-02 9.999420642852783203e-01 1.075982395559549332e-02 -4.766058991663157940e-04 8.392390251159667969e+00 -1.075852289795875549e-02 9.999385476112365723e-01 2.670852467417716980e-03 -1.639553308486938477e-01 5.053139757364988327e-04 -2.665570005774497986e-03 9.999963641166687012e-01 3.301504999399185181e-02 6.881084442138671875e+02
1.600000000000000000e+07 9.999908148254997853e-01 -7.360913491578311438e-04 -4.222373048277425212e-03 7.642150800178423964e+00 6.950540376549359895e-04 9.999525932942022743e-01 -9.712263592204041507e-03 -2.573520424100235113e-02 4.229321992691518692e-03 9.709239605932463643e-03 9.999439201784051656e-01 -2.645567082398273678e-02 9.999986886978149414e-01 -1.609324244782328606e-03 -7.412941340589895844e-05 8.217904090881347656e+00 1.608974882401525974e-03 9.999885559082031250e-01 -4.491246771067380905e-03 -5.170737206935882568e-02 8.135585812851786613e-05 4.491121973842382431e-03 9.999899268150329590e-01 4.100503027439117432e-02 5.550730228424072266e+02
1.700000000000000000e+07 9.999928600555814118e-01 3.720324948906473909e-03 -6.625859437675889673e-04 -1.141927511666133571e-01 -3.715045085244512556e-03 9.999626856230404703e-01 7.799089791194151362e-03 -2.519847259425356811e-01 6.915763681148564754e-04 -7.796572569472580080e-03 9.999693671199613165e-01 8.927194290186693526e-03 9.999903440475463867e-01 4.374439828097820282e-03 -3.538896853569895029e-04 8.636499404907226562e+00 -4.372672643512487411e-03 9.999787807464599609e-01 4.829367157071828842e-03 -7.487940043210983276e-02 3.750081232283264399e-04 -4.827773198485374451e-03 9.999882578849792480e-01 6.446307897567749023e-02 4.669928550720214844e+02
1.800000000000000000e+07 9.999246313141577636e-01 -3.527127393308755266e-04 1.227221597631065510e-02 9.644895743512314823e+00 4.876139466448157806e-04 9.999394765622524606e-01 -1.099115303539948373e-02 -1.702711922111261461e-02 -1.226759649991546880e-02 1.099630875030560041e-02 9.998642844256330209e-01 -8.281653835874251690e-02 9.999969005584716797e-01 2.501853974536061287e-03 -1.795816933736205101e-04 8.798267364501953125e+00 -2.503957366570830345e-03 9.999141097068786621e-01 -1.286122016608715057e-02 -5.726797878742218018e-02 1.473910815548151731e-04 1.286162342876195908e-02 9.999172687530517578e-01 -1.062801893567666411e-04 7.464962005615234375e+02
1.900000000000000000e+07 9.999224330552037854e-01 -4.857818709575958830e-05 -1.245493930620734935e-02 7.436966731631056149e+00 1.543055970797697213e-04 9.999639646007768556e-01 8.487973237409308577e-03 2.797612255450684232e-02 1.245407815714515837e-02 -8.489236718104007512e-03 9.998864079470226596e-01 2.594980009804972315e-02 9.999512434005737305e-01 -9.868317283689975739e-03 -2.243749768240377307e-04 8.534606933593750000e+00 9.870565496385097504e-03 9.998400211334228516e-01 1.492236461490392685e-02 2.739662118256092072e-02 7.707953045610338449e-05 -1.492384634912014008e-02 9.998885989189147949e-01 4.330310598015785217e-02 5.398535728454589844e+02
2.000000000000000000e+07 9.999861873653513866e-01 -9.074435723730415061e-04 5.177028556155338981e-03 8.575959013177531176e+00 8.809789635089922437e-04 9.999865459717303118e-01 5.111922494934650202e-03 2.831446463266393612e-02 -5.181597685477289106e-03 -5.107291032565417291e-03 9.999735329616150636e-01 -7.965484738011020804e-02 9.997456073760986328e-01 1.692248694598674774e-02 1.490860525518655777e-02 8.472843170166015625e+00 -1.681506447494029999e-02 9.998319149017333984e-01 -7.301318459212779999e-03 -1.184764578938484192e-01 -1.502965390682220459e-02 7.048771716654300690e-03 9.998621940612792969e-01 3.437352925539016724e-02 8.334562778472900391e+02
2.100000000000000000e+07 9.994377146152269020e-01 -3.334280243174616437e-02 3.537249028528711634e-03 7.646621778000817216e+00 3.341583445058752405e-02 9.991740828833699517e-01 -2.311999355855675134e-02 2.966410511788515614e-02 -2.763442176564064653e-03 2.322519365203054229e-02 9.997264394658983422e-01 -5.484129473213784044e-03 8.641327023506164551e-01 5.040290579199790955e-02 5.007336735725402832e-01 7.854607582092285156e+00 -3.585296496748924255e-02 9.986095428466796875e-01 -3.864549845457077026e-02 2.142706632614135742e+00 -5.019853115081787109e-01 1.544205285608768463e-02 8.647383451461791992e-01 1.887555979192256927e-02 3.624634742736816406e+02
2.200000000000000000e+07 7.428238796605408645e-01 -6.686114727635169563e-01 3.422546267127929420e-02 8.217575373786543125e+00 6.692035091990415907e-01 7.430258241537043284e-01 -8.904376249734998611e-03 3.589135179499992390e+00 -1.947683448999334294e-02 2.951818303536623764e-02 9.993744692499103577e-01 8.917109391021813339e-03 8.233126997947692871e-01 -1.227588020265102386e-02 5.674552321434020996e-01 3.648007392883300781e+00 -3.741195658221840858e-03 9.996269941329956055e-01 2.705318108201026917e-02 5.802837371826171875e+00 -5.675757527351379395e-01 -2.439619041979312897e-02 8.229596614837646484e-01 1.594397306442260742e+00 5.807094573974609375e+02
2.300000000000000000e+07 8.640887689955859541e-01 -5.028655554118989235e-01 -2.183649413196166178e-02 5.855512451064986301e+00 5.032834094545471926e-01 8.638264670830919645e-01 2.257530807210132717e-02 2.395752317220595007e+00 7.510596747221153467e-03 -3.049701537898603237e-02 9.995066397925900237e-01 4.854992199751958365e-02 9.581204056739807129e-01 -9.337358176708221436e-03 2.862131595611572266e-01 5.882122516632080078e-01 -5.086965975351631641e-04 9.994112849235534668e-01 3.430747985839843750e-02 5.506434917449951172e+00 -2.863649725914001465e-01 -3.301629424095153809e-02 9.575515985488891602e-01 6.768025159835815430e-01 5.272493362426757812e+02
2.400000000000000000e+07 9.802697176867535278e-01 -1.967492889834762115e-01 1.899994396910457267e-02 5.136138919884071896e+00 1.965020954524477892e-01 9.804017230585910792e-01 1.412047826891058358e-02 8.647310349905110716e-01 -2.140577186484159469e-02 -1.010834844285876839e-02 9.997197678462841353e-01 -4.961309893218207590e-02 9.953096508979797363e-01 -3.017759590875357389e-04 9.674061834812164307e-02 1.440713703632354736e-01 -1.683776790741831064e-04 9.999881982803344727e-01 4.851738922297954559e-03 4.572867870330810547e+00 -9.674093127250671387e-02 -4.845271352678537369e-03 9.952977895736694336e-01 2.282643020153045654e-01 1.689271926879882812e+02
2.500000000000000000e+07 9.969756209854310214e-01 -7.768522185000788227e-02 -2.148829176367792870e-03 4.881607863773498757e+00 7.768035366660920593e-02 9.969757472006045562e-01 -2.263216301331216242e-03 2.706346256683478946e-01 2.318149034179209627e-03 2.089449667054661241e-03 9.999951301807145088e-01 1.808149762576896635e-02 9.986778497695922852e-01 -5.440410459414124489e-04 5.140260234475135803e-02 6.702397018671035767e-02 2.703598001971840858e-04 9.999857544898986816e-01 5.331068765372037888e-03 3.771859169006347656e+00 -5.140477418899536133e-02 -5.310129374265670776e-03 9.986637830734252930e-01 -5.113024264574050903e-03 2.671339511871337891e+02
2.600000000000000000e+07 9.986956077632936912e-01 -4.943837388488159929e-02 -1.276441232193383651e-02 4.312143278733780782e+00 4.939521268507140322e-02 9.987725504662211540e-01 -3.674969251085336702e-03 1.604649826358185705e-01 1.293042915383091698e-02 3.039674788282218168e-03 9.999117782980053715e-01 1.207356135897326302e-03 9.989581704139709473e-01 -1.863406359916552901e-04 4.563394561409950256e-02 6.650888174772262573e-02 6.277303909882903099e-04 9.999530911445617676e-01 -9.658262133598327637e-03 3.170206069946289062e+00 -4.563000798225402832e-02 9.676852263510227203e-03 9.989114999771118164e-01 -1.245273724198341370e-01 2.496159076690673828e+02
2.700000000000000000e+07 9.998304599800496018e-01 -1.807157941688602651e-02 -3.531191507366614364e-03 1.439428715071932263e+00 1.807789297454893626e-02 9.998350249522245381e-01 1.764274464306398371e-03 4.238674525442249347e-02 3.498725722784085026e-03 -1.827811851321331504e-03 9.999922089807264936e-01 -1.919798254558656089e-02 9.999769330024719238e-01 2.509204205125570297e-05 6.785264704376459122e-03 1.582202315330505371e-02 -4.171954060439020395e-05 9.999970793724060059e-01 2.450395375490188599e-03 8.416125774383544922e-01 -6.785196252167224884e-03 -2.450621919706463814e-03 9.999740123748779297e-01 -6.131910905241966248e-02 1.704611778259277344e+02
2.800000000000000000e+07 9.998818875133158590e-01 -6.622763929555548681e-05 1.536901547623333898e-02 2.015415047088134348e-02 6.856950797293057858e-05 9.999999861200413731e-01 -1.518490683494669172e-04 4.942540985057025139e-03 -1.536900520630671459e-02 1.528849789076371557e-04 9.998818781761932284e-01 1.689547192556147036e-03 1.000000000000000000e+00 -1.103213207898079418e-06 -3.422573354328051209e-05 -4.575357597786933184e-04 1.079129560821456835e-06 9.999997019767761230e-01 -7.026099483482539654e-04 -1.543017919175326824e-03 3.423603993724100292e-05 7.026098319329321384e-04 9.999997615814208984e-01 4.539177825790829957e-05 1.430854797363281250e+02
2.900000000000000000e+07 9.999981059746803069e-01 -1.026931939194992201e-03 -1.653317224357390590e-03 3.275382094729789584e-02 1.027251790309894426e-03 9.999994538249863396e-01 1.926226581783592939e-04 5.460082418796137309e-03 1.653118510996936900e-03 -1.943206664248388663e-04 9.999986147183741458e-01 -5.708631967566302071e-04 1.000000000000000000e+00 -5.077438913758669514e-08 -2.648855854658904718e-07 2.096841053571552038e-04 5.030727123767064768e-08 9.999983906745910645e-01 -1.778766396455466747e-03 -6.150695495307445526e-03 2.597481056909600738e-07 1.778767211362719536e-03 9.999983906745910645e-01 2.846866846084594727e-04 1.170227527618408203e+02
3.000000000000000000e+07 9.999969227608984657e-01 -7.518422367365069870e-04 -2.364149315233793781e-03 6.437663562670390034e-03 7.496930852310732364e-04 9.999993050991827781e-01 -9.098139532325920202e-04 6.327168528066817905e-03 2.364831708942115480e-03 9.080387671234355302e-04 9.999967915131455776e-01 -2.236685710967406884e-03 1.000000000000000000e+00 -6.596259481739252806e-06 1.992020552279427648e-04 4.198839887976646423e-04 7.390722203126642853e-06 9.999920129776000977e-01 -3.988185897469520569e-03 4.334241151809692383e-03 -1.991717290366068482e-04 3.988186363130807877e-03 9.999920725822448730e-01 -4.948609857819974422e-04 1.169395446777343750e+02
3.100000000000000000e+07 9.999694865261323784e-01 -7.163689409920744912e-03 -3.115697466281376095e-03 7.900511934270055825e-01 7.165269672119856451e-03 9.999742059522394033e-01 4.963272248779962903e-04 1.061408388715115794e-02 3.112061565747409157e-03 -5.186368927728367230e-04 9.999950230319071265e-01 -4.952754668621426638e-03 9.999728798866271973e-01 1.026098980219103396e-04 7.351794745773077011e-03 1.581628434360027313e-02 -1.001144046313129365e-04 9.999999403953552246e-01 -3.398018598090857267e-04 8.437053561210632324e-01 -7.351829204708337784e-03 3.390565980225801468e-04 9.999729394912719727e-01 -7.230690866708755493e-02 1.403498649597167969e+02
3.200000000000000000e+07 9.999894945038776406e-01 -3.202477186992444980e-03 -3.279484981804665824e-03 2.072757213616722716e+00 3.205280600048135333e-03 9.999945018786507989e-01 8.499345526606216913e-04 4.312568957894002096e-03 3.276745054782941383e-03 -8.604372932668022562e-04 9.999942612782886098e-01 -6.922190130911595740e-03 9.999929070472717285e-01 1.220805424964055419e-04 3.761030733585357666e-03 1.802585087716579437e-02 -1.119547014241106808e-04 9.999963641166687012e-01 -2.692409791052341461e-03 2.119969844818115234e+00 -3.761350177228450775e-03 2.691970206797122955e-03 9.999893307685852051e-01 -1.702484339475631714e-01 2.097957134246826172e+02
3.300000000000000000e+07 9.997679350788409858e-01 2.153793244081258704e-02 4.398344749019814049e-04 3.267639780975527763e+00 -2.153953554974833567e-02 9.997598314260777164e-01 4.040776559264266238e-03 -3.324346212418162472e-02 -3.526988679415293880e-04 -4.049312667078775255e-03 9.999917393010968603e-01 -1.859036947968690720e-02 9.997224211692810059e-01 2.631628012750297785e-04 -2.356240525841712952e-02 -8.824325166642665863e-03 -1.248681655852124095e-04 9.999827742576599121e-01 5.870573222637176514e-03 3.244906902313232422e+00 2.356354892253875732e-02 -5.866000894457101822e-03 9.997051358222961426e-01 -2.264195084571838379e-01 2.081966400146484375e+02
3.400000000000000000e+07 9.548570762410718560e-01 2.968527836763685257e-01 1.124227627942332025e-02 4.372061423629426180e+00 -2.969846096860191964e-01 9.547965366136711429e-01 1.279512720457607125e-02 -9.110386288382044118e-01 -6.935817327075777423e-03 -1.555630078552103397e-02 9.998549374503662435e-01 -4.350428199996946715e-02 9.465507268905639648e-01 4.550048324745148420e-04 -3.225546181201934814e-01 -3.575057983398437500e-01 5.740342661738395691e-03 9.998169541358947754e-01 1.825565472245216370e-02 4.582001209259033203e+00 3.225038647651672363e-01 -1.913147792220115662e-02 9.463747739791870117e-01 7.084917426109313965e-01 4.195644855499267578e+02
3.500000000000000000e+07 9.827910712381757730e-01 1.847056166354761331e-01 -2.354883824627269570e-03 -3.766383061730701254e+00 -1.846901071426608199e-01 9.827805711653314624e-01 5.649182558315435539e-03 2.279868349430916208e+00 3.357769818115217964e-03 -5.117042432227915383e-03 9.999812704538997288e-01 4.088457671170743490e-02 8.394585847854614258e-01 -7.344435434788465500e-03 -5.433740019798278809e-01 4.484662413597106934e-01 2.077794633805751801e-03 9.999446272850036621e-01 -1.030562631785869598e-02 4.133327484130859375e+00 5.434195995330810547e-01 7.522132247686386108e-03 8.394274711608886719e-01 3.329806804656982422e+00 1.068298578262329102e+03
3.600000000000000000e+07 8.256042339397580143e-01 5.638770188479572676e-01 2.050259778384080217e-02 6.922783482830359603e+00 -5.639002086222366650e-01 8.258266670218478156e-01 -5.183700549237165583e-03 -3.183140489724677114e+00 -1.985456160542314538e-02 -7.281734046679582718e-03 9.997763613592441923e-01 -1.903767648097140774e-01 8.346198797225952148e-01 3.224436426535248756e-03 -5.508169531822204590e-01 5.029524803161621094e+00 3.189281327649950981e-03 9.999378323554992676e-01 1.068609207868576050e-02 2.158876180648803711e+00 5.508171319961547852e-01 -1.067553646862506866e-02 8.345577120780944824e-01 4.695980072021484375e+00 7.167394161224365234e+02
3.700000000000000000e+07 9.834040664232855944e-01 1.812374474273854841e-01 8.332454149406023566e-03 8.395320521657575696e+00 -1.809189614122040102e-01 9.830462647314901492e-01 -2.980554980191213454e-02 -1.235499230991943920e+00 -1.359306969288836923e-02 2.780339992645679964e-02 9.995209849767305865e-01 -1.225324664471516278e-01 9.853101968765258789e-01 2.946374192833900452e-02 -1.682135760784149170e-01 8.258005142211914062e+00 -2.904130704700946808e-02 9.995658993721008301e-01 4.971378948539495468e-03 -1.050795316696166992e-01 1.682870388031005859e-01 -1.320842784480191767e-05 9.857379794120788574e-01 1.111637115478515625e+00 5.405535697937011719e+02
3.800000000000000000e+07 9.982022850815054360e-01 5.852843735819381749e-02 -1.290814000810578364e-02 8.063784108909180404e+00 -5.842634222431473262e-02 9.982584549241362293e-01 8.149828633992148297e-03 -4.166954611794909669e-01 1.336265663512073085e-02 -7.381002159880690507e-03 9.998834733181499734e-01 5.749148293768514828e-02 9.986347556114196777e-01 -8.925025351345539093e-03 -5.146668851375579834e-02 8.566407203674316406e+00 8.304395712912082672e-03 9.998903274536132812e-01 -1.226009707897901535e-02 -5.954065322875976562e-01 5.157047510147094727e-02 1.181596238166093826e-02 9.985995292663574219e-01 -2.450547814369201660e-01 6.584739685058593750e+02
3.900000000000000000e+07 9.999963078267917194e-01 -8.355610211209449096e-04 2.585763052632510366e-03 8.746705612677105890e+00 8.315691665429722230e-04 9.999984615478370031e-01 1.544472298281291452e-03 -2.492015655093307580e-02 -2.587049575410394365e-03 -1.542316354995495629e-03 9.999954642070909561e-01 -3.913210193352576610e-02 9.999914765357971191e-01 3.281542798504233360e-03 2.496752655133605003e-03 8.549271583557128906e+00 -3.293178509920835495e-03 9.999836683273315430e-01 4.670778755098581314e-03 -7.225059866905212402e-01 -2.481383504346013069e-03 -4.678962286561727524e-03 9.999859333038330078e-01 -6.839564442634582520e-01 6.279993057250976562e+02
4.000000000000000000e+07 9.996080506788741493e-01 -2.727422669739655581e-02 -6.313602461398105242e-03 7.975204182706774780e+00 2.726431528895802495e-02 9.996268966341604889e-01 -1.650647564405102827e-03 1.026712151268123208e-01 6.356266970938274398e-03 1.477864546096116418e-03 9.999787066665858370e-01 -6.698020421258395196e-03 9.990204572677612305e-01 9.337390772998332977e-03 4.325486347079277039e-02 8.789311408996582031e+00 -8.991220965981483459e-03 9.999259710311889648e-01 -8.190657943487167358e-03 -5.354046225547790527e-01 -4.332813248038291931e-02 7.793721742928028107e-03 9.990304708480834961e-01 -6.622987985610961914e-01 3.721752166748046875e+02
4.100000000000000000e+07 9.155140832639122594e-01 -4.003550520673038182e-01 3.936744377813737594e-02 9.244605562948132516e+00 4.020073804179033483e-01 9.141299855475919500e-01 -5.250176770637633716e-02 1.495922297552983116e+00 -1.496761286824257499e-02 6.389211067843610092e-02 9.978445614213071746e-01 -5.211177660445576176e-02 8.775635361671447754e-01 4.727326706051826477e-02 4.771241843700408936e-01 8.990481376647949219e+00 -5.126087367534637451e-02 9.986744523048400879e-01 -4.665306769311428070e-03 1.674537777900695801e+00 -4.767123162746429443e-01 -2.036370150744915009e-02 8.788235187530517578e-01 -4.176340401172637939e-01 4.050154685974121094e+02
4.200000000000000000e+07 5.671715114122259926e-01 -8.235972165050031712e-01 2.025242598323380439e-03 7.104551365354749848e+00 8.226779077424848374e-01 5.666513115418827518e-01 4.590589548534817349e-02 5.380779498808064609e+00 -3.895557411743278547e-02 -2.437039378169697165e-02 9.989437157078001617e-01 -3.063175536523002340e-01 6.291992068290710449e-01 -3.140178695321083069e-02 7.766094803810119629e-01 3.958997964859008789e+00 1.614942960441112518e-02 9.994959831237792969e-01 2.733001857995986938e-02 7.639531612396240234e+00 -7.770762443542480469e-01 -4.654225427657365799e-03 6.293892264366149902e-01 1.276977896690368652e+00 1.081244230270385742e+03
4.300000000000000000e+07 9.630678398121701456e-01 -2.692306610876876727e-01 3.897056556782478066e-03 8.351378285307367477e+00 2.690925901445768154e-01 9.628808685896860231e-01 2.120402870340405005e-02 1.797097774208524790e+00 -9.461175867877620951e-03 -1.937224907589808753e-02 9.997675740475575612e-01 -8.504820618246908270e-02 9.680040478706359863e-01 -3.695206716656684875e-03 2.509074807167053223e-01 2.419294118881225586e-01 -2.969777444377541542e-03 9.996528029441833496e-01 2.617969177663326263e-02 8.573256492614746094e+00 -2.509171962738037109e-01 -2.608718723058700562e-02 9.676569104194641113e-01 -6.970558315515518188e-02 5.011537075042724609e+02
4.400000000000000000e+07 9.969838383778889535e-01 -7.734737817811143668e-02 6.372527148915138259e-03 8.204375011526032324e+00 7.739029606130880257e-02 9.969777639453818452e-01 -6.788245282075942508e-03 4.168588105851827597e-01 -5.828214892608144480e-03 7.260942599887939067e-03 9.999566543724416334e-01 -5.071885098661418206e-02 9.967936277389526367e-01 -4.973557661287486553e-04 8.001349121332168579e-02 1.371734738349914551e-01 8.291764970635995269e-05 9.999866485595703125e-01 5.182839930057525635e-03 8.552951812744140625e+00 -8.001504838466644287e-02 -5.159588064998388290e-03 9.967803359031677246e-01 -7.678717970848083496e-01 5.880417823791503906e+02
4.500000000000000000e+07 9.938512752923832627e-01 -1.106786955878245327e-01 -3.141487335853609779e-03 8.608685997959874214e+00 1.106458586260992000e-01 9.938173706053919920e-01 -9.193902973067488021e-03 5.138498985938879660e-01 4.139633872328303543e-03 8.789779631059016843e-03 9.999528004888232902e-01 6.850671786241648194e-03 9.936102628707885742e-01 -7.671082275919616222e-04 1.128633245825767517e-01 3.154774308204650879e-01 1.745874527841806412e-03 9.999616742134094238e-01 -8.573561906814575195e-03 8.286359786987304688e+00 -1.128523051738739014e-01 8.715824224054813385e-03 9.935735464096069336e-01 -1.453346610069274902e+00 8.141441345214843750e+02
4.600000000000000000e+07 9.885201902656280959e-01 -1.505305836785540696e-01 -1.297600919390589844e-02 6.920114142435576099e+00 1.504791270891726318e-01 9.886012394167896788e-01 -4.860219549350060057e-03 6.710353236755682849e-01 1.355971045734861123e-02 2.851806617056208779e-03 9.999039961172931923e-01 1.611024671976376069e-02 9.807853698730468750e-01 4.100590304005891085e-04 1.950891911983489990e-01 8.295233845710754395e-01 2.093014074489474297e-03 9.999181032180786133e-01 -1.262408122420310974e-02 7.927478790283203125e+00 -1.950785368680953979e-01 1.278983801603317261e-02 9.807042479515075684e-01 -2.860764265060424805e+00 3.560347557067871094e+02
4.700000000000000000e+07 9.815881813436322378e-01 -1.908911371669804458e-01 6.724284169906393285e-03 7.664527713425010269e+00 1.909081795400649484e-01 9.816058917314264276e-01 -1.985019609348481588e-03 9.696815927547814962e-01 -6.221674308329191994e-03 3.232192637858728994e-03 9.999754215477262287e-01 -9.686111198737233641e-02 9.775753021240234375e-01 1.634217187529429793e-05 2.105864882469177246e-01 2.123943328857421875e+00 -1.285371836274862289e-03 9.999818205833435059e-01 5.889286752790212631e-03 7.248178958892822266e+00 -2.105824798345565796e-01 -6.027895491570234299e-03 9.775575399398803711e-01 -4.324345588684082031e+00 1.914145946502685547e+02
4.800000000000000000e+07 9.772230851385712569e-01 -2.120201228958218664e-01 9.083466270832590839e-03 8.029176289873552363e+00 2.120878554934307603e-01 9.772235095641382818e-01 -7.276943544245112645e-03 1.030658072139859271e+00 -7.333718323633693983e-03 9.037690102514213397e-03 9.999322660726377432e-01 -7.752520158367103009e-02 9.718221426010131836e-01 -2.383448649197816849e-03 2.357030808925628662e-01 3.860069990158081055e+00 4.416247364133596420e-03 9.999575018882751465e-01 -8.096849545836448669e-03 5.985621452331542969e+00 -2.356737852096557617e-01 8.909618481993675232e-03 9.717913866043090820e-01 -4.929734230041503906e+00 2.906043529510498047e+02
4.900000000000000000e+07 9.775361937360925735e-01 -2.105237413722184370e-01 -1.013628406249905863e-02 6.963064056285485748e+00 2.105752066502510345e-01 9.775682108951526672e-01 4.298300996249454151e-03 9.608898507409037171e-01 9.004014668827886592e-03 -6.336194906532131334e-03 9.999393883400882199e-01 -8.142820417099447261e-03 9.651461839675903320e-01 7.014545612037181854e-03 2.616172134876251221e-01 5.856015205383300781e+00 -7.731313351541757584e-03 9.999687075614929199e-01 1.710574957542121410e-03 4.076079845428466797e+00 -2.615969777107238770e-01 -3.673608414828777313e-03 9.651700854301452637e-01 -4.831234931945800781e+00 1.890728473663330078e+02
5.000000000000000000e+07 9.834616088157751568e-01 -1.803498463210750080e-01 1.664923173758680111e-02 5.840457489944457237e+00 1.804050327709152413e-01 9.835906449483358127e-01 -1.862074392151265474e-03 7.473053765577905017e-01 -1.604020375220441275e-02 4.834883874669649965e-03 9.998596580328192873e-01 -5.111823182573042856e-02 9.640997052192687988e-01 -2.079148543998599052e-03 2.655324935913085938e-01 7.802110671997070312e+00 1.788942725397646427e-03 9.999975562095642090e-01 1.334773958660662174e-03 2.119872093200683594e+00 -2.655345499515533447e-01 -8.118276600725948811e-04 9.641010761260986328e-01 -3.483469009399414062e+00 3.608419895172119141e+02
5.100000000000000000e+07 9.526210766289595622e-01 -3.041485055953374594e-01 2.602096540284997220e-03 1.046064887177213976e+01 3.041410561505988319e-01 9.526225842344088202e-01 2.903441088621557236e-03 2.112165434856246637e+00 -3.361893198822054653e-03 -1.974474785803328157e-03 9.999923995328364734e-01 -5.953359370103206843e-02 9.872749447822570801e-01 -1.776767778210341930e-03 1.590128690004348755e-01 8.679762840270996094e+00 -7.917996845208108425e-04 9.998701810836791992e-01 1.608841866254806519e-02 3.144252300262451172e-01 -1.590208709239959717e-01 -1.600959710776805878e-02 9.871453642845153809e-01 -1.353164911270141602e+00 3.427374362945556641e+02
5.200000000000000000e+07 9.941674755493384863e-01 -1.072464168362013137e-01 1.136822922232410410e-02 6.737986577149457368e+00 1.073057429903985366e-01 9.942147606334290622e-01 -4.742073374799292591e-03 5.065203432934989314e-01 -1.079389091727733611e-02 5.934291399080592749e-03 9.999241351744924122e-01 -7.377079367162571455e-02 9.978814125061035156e-01 2.008393220603466034e-02 6.188207864761352539e-02 8.692658424377441406e+00 -1.888356730341911316e-02 9.996232390403747559e-01 -1.992195472121238708e-02 -5.824132561683654785e-01 -6.225886940956115723e-02 1.871119067072868347e-02 9.978846311569213867e-01 -2.451642230153083801e-02 3.538177013397216797e+02
5.300000000000000000e+07 9.987516768202718831e-01 -4.855883814464668352e-02 -1.171013606826563393e-02 9.219620555361258241e+00 4.872112322571959392e-02 9.987143560003653997e-01 1.399597336378587825e-02 4.074557485540868385e-01 1.101545279684569729e-02 -1.454903284818491981e-02 9.998334788567859732e-01 8.793989001074958844e-02 9.998939037322998047e-01 -1.283492427319288254e-02 6.879791617393493652e-03 8.304264068603515625e+00 1.284489966928958893e-02 9.999165534973144531e-01 -1.407838775776326656e-03 -4.558676481246948242e-01 -6.861158646643161774e-03 1.496059703640639782e-03 9.999753832817077637e-01 4.725675582885742188e-01 5.702059268951416016e+02
5.400000000000000000e+07 9.999600660106536809e-01 -4.158869463796765684e-03 -7.910132031279829695e-03 7.103236303187051348e+00 4.105414138038377542e-03 9.999687092710166647e-01 -6.762104229620022333e-03 2.475060244975749169e-02 7.938007226273793501e-03 6.729359823946791733e-03 9.999458504127288760e-01 1.468603191193541477e-02 9.998776316642761230e-01 1.448325440287590027e-02 -5.911194253712892532e-03 8.570491790771484375e+00 -1.453296560794115067e-02 9.998586773872375488e-01 -8.455351926386356354e-03 -6.462913751602172852e-01 5.787901114672422409e-03 8.540229871869087219e-03 9.999467730522155762e-01 5.287134647369384766e-01 3.114552497863769531e+02
5.500000000000000000e+07 9.999362338205494138e-01 1.109804688480660155e-02 -2.088455917255153688e-03 1.047076161834969099e+01 -1.107232533228340830e-02 9.998673039007958119e-01 1.194898329942552066e-02 -5.582718362266594903e-02 2.220789164184369148e-03 -1.192509729505421452e-02 9.999264273685298798e-01 -2.773550386679374258e-02 9.997352957725524902e-01 -6.243291776627302170e-03 -2.214411646127700806e-02 8.478680610656738281e+00 6.586981937289237976e-03 9.998583793640136719e-01 1.548175048083066940e-02 -2.958752214908599854e-01 2.204433083534240723e-02 -1.562351919710636139e-02 9.996348619461059570e-01 5.059489607810974121e-01 6.884579658508300781e+02
5.600000000000000000e+07 9.994473023290540992e-01 2.743641700335139322e-02 1.877053246966308570e-02 8.530023796354216259e+00 -2.742059536144128215e-02 9.996233797736000515e-01 -1.099799995140652220e-03 -1.312512721591931886e-01 -1.879363767876167379e-02 5.844929626754050362e-04 9.998232131485926821e-01 -1.251650858436867964e-01 9.994425773620605469e-01 7.756709237582981586e-05 -3.338338434696197510e-02 8.561809539794921875e+00 1.232964791597623844e-06 9.999972581863403320e-01 2.360423794016242027e-03 -1.323104649782180786e-01 3.338346630334854126e-02 -2.359149744734168053e-03 9.994398951530456543e-01 3.897997736930847168e-01 1.568305015563964844e+03
5.700000000000000000e+07 9.995620400521296745e-01 2.537241174391401816e-02 -1.523052228657684366e-02 1.249729502856673058e+00 -2.542097114141346134e-02 9.996723238894222874e-01 -3.003177608693826783e-03 1.349539815483114273e-03 1.514933374944403034e-02 3.389037004700602446e-03 9.998794987972943193e-01 -3.645941759701194079e-02 9.999179840087890625e-01 7.139042019844055176e-03 -1.063172798603773117e-02 8.606216430664062500e+00 -7.213738746941089630e-03 9.999495148658752441e-01 -7.004118524491786957e-03 1.468835584819316864e-02 1.058118790388107300e-02 7.080238778144121170e-03 9.999189376831054688e-01 1.481172814965248108e-02 9.672384262084960938e+02
5.800000000000000000e+07 9.999168814606076428e-01 1.252173486001732262e-02 3.071860379107772127e-03 -9.222514468967264734e-02 -1.254527726585453161e-02 9.998911294056415100e-01 7.768227225918630970e-03 -2.123592745217103839e-03 -2.974254262187191623e-03 -7.806118882395844671e-03 9.999651085510822268e-01 2.850382368195149979e-02 9.999695420265197754e-01 -7.271803449839353561e-03 -2.874050987884402275e-03 8.721224784851074219e+00 7.287414744496345520e-03 9.999584555625915527e-01 5.459086503833532333e-03 1.660789996385574341e-01 2.834233222529292107e-03 -5.479863844811916351e-03 9.999809265136718750e-01 -4.844341427087783813e-02 6.880431175231933594e+02
5.900000000000000000e+07 9.999713256922658777e-01 3.505830936259235215e-03 6.712446848853519978e-03 9.550533366167998750e+00 -3.440983774956826464e-03 9.999475361814492702e-01 -9.648031680583325428e-03 -4.936115887401512636e-02 -6.745919056199809957e-03 9.624657609256724936e-03 9.999309268854483790e-01 -6.933937451249699846e-02 9.999893307685852051e-01 -4.535994492471218109e-03 -8.321606437675654888e-04 8.170213699340820312e+00 4.542459733784198761e-03 9.999582171440124512e-01 7.938517257571220398e-03 1.090192198753356934e-01 7.961170631460845470e-04 -7.942213676869869232e-03 9.999682307243347168e-01 -3.668965026736259460e-02 1.255048036575317383e+03
