0.000000000000000000e+00 9.999997602406457409e-01 6.873990370428663833e-04 8.367326484309994849e-05 6.428902241821055075e-02 -6.873980780716319305e-04 9.999997636759133668e-01 -1.148912268150517579e-05 -1.426547217788127391e-03 -8.368114268095425102e-05 1.143160308548186436e-05 9.999999964333924352e-01 -7.282274534855163019e-04 9.999999403953552246e-01 -5.063639491709182039e-06 -2.602811146061867476e-04 2.000669203698635101e-02 5.062471700512105599e-06 1.000000000000000000e+00 1.437497871847881470e-06 3.102947084698826075e-05 2.602800959721207619e-04 -1.438823005628364626e-06 9.999998807907104492e-01 2.841103705577552319e-04 2.815667152404785156e+01
1.000000000000000000e+05 9.999995202460898458e-01 9.734994965743051787e-04 1.086568990027276599e-04 6.286448780491746269e-02 -9.734981001070716622e-04 9.999995260673534281e-01 -1.290422951222799962e-05 -3.128948805919220134e-03 -1.086694097675910059e-04 1.279844603678939390e-05 9.999999940135795296e-01 -1.058229152325486583e-03 9.999998807907104492e-01 -8.261594302894081920e-06 -4.543093091342598200e-04 2.823779173195362091e-02 8.255788998212665319e-06 9.999999403953552246e-01 1.112337599806778599e-07 3.613941953517496586e-05 4.543095419649034739e-04 -1.150427451079849561e-07 9.999999403953552246e-01 5.856275092810392380e-04 1.691238403320312500e+01
2.000000000000000000e+05 9.999996023140657053e-01 8.847629347712623318e-04 1.120994061454547500e-04 1.045310928752506002e-01 -8.847717376061521718e-04 9.999996055081502577e-01 7.850180365726996327e-05 -1.758774505505762958e-03 -1.120299064384632501e-04 -7.860095482242792351e-05 9.999999906355951929e-01 -1.206720890045520460e-03 9.999976158142089844e-01 6.668141577392816544e-05 2.165634185075759888e-03 2.976922690868377686e-02 -6.658802158199250698e-05 1.000000000000000000e+00 -4.259122579242102802e-05 -1.201158374897204340e-04 -2.165637211874127388e-03 4.244692900101654232e-05 9.999976158142089844e-01 -2.183125587180256844e-03 1.784495925903320312e+01
3.000000000000000000e+05 9.999997750958010689e-01 6.617651866468489408e-04 -1.089733081715597379e-04 1.902071442189538775e-01 -6.617637879441050364e-04 9.999997809514897806e-01 1.287083538517092914e-05 -1.260605196602259358e-03 1.089818017719569376e-04 -1.279871790078125500e-05 9.999999939795798376e-01 -4.335199224544534742e-04 9.999890923500061035e-01 1.346599456155672669e-04 4.661893006414175034e-03 5.564101785421371460e-02 -1.347488432656973600e-04 1.000000000000000000e+00 1.860901465988717973e-05 -2.829627483151853085e-04 -4.661889281123876572e-03 -1.923692252603359520e-05 9.999890923500061035e-01 -4.835437517613172531e-03 1.836444854736328125e+01
4.000000000000000000e+05 9.999998572836601429e-01 5.241894675550158545e-04 -1.032378221645667478e-04 1.740056454125694652e-01 -5.241868419514232385e-04 9.999998622900067025e-01 2.545798925037026669e-05 -4.070988027484026333e-04 1.032511527581528521e-04 -2.540386970654790580e-05 9.999999943469211061e-01 -6.715408728050012172e-04 9.999995231628417969e-01 1.574129419168457389e-04 9.289638837799429893e-04 7.046363502740859985e-02 -1.574170746607705951e-04 9.999999403953552246e-01 4.413352144183591008e-06 -3.254487237427383661e-04 -9.289642330259084702e-04 -4.559669832815416157e-06 9.999995827674865723e-01 -5.637358990497887135e-04 1.778144073486328125e+01
5.000000000000000000e+05 9.999998441224470236e-01 5.500841549609637119e-04 -9.572090275662014812e-05 2.198002844366375441e-01 -5.500845101448958909e-04 9.999998486967109912e-01 -3.684332490084614294e-06 -1.029016639450622446e-03 9.571886158072409048e-05 3.736986503856259916e-06 9.999999954119670464e-01 2.298749959320169523e-04 9.999983310699462891e-01 2.246603980893269181e-04 -1.849936903454363346e-03 1.071815490722656250e-01 -2.247059746878221631e-04 1.000000000000000000e+00 -2.087983193632680923e-05 -4.774363478645682335e-04 1.849932828918099403e-03 2.129538552253507078e-05 9.999982714653015137e-01 2.956902375444769859e-03 1.766092872619628906e+01
6.000000000000000000e+05 9.999998751656911100e-01 4.887521369218514192e-04 -1.038746194396484484e-04 2.179138133002032907e-01 -4.887523957500730784e-04 9.999998805574924488e-01 -2.466366872928376814e-06 -6.542991524200375336e-04 1.038734015904546973e-04 2.517135537033109310e-06 9.999999946019899610e-01 2.029725635321897377e-04 9.999989867210388184e-01 3.022011660505086184e-04 -1.392930047586560249e-03 1.416723430156707764e-01 -3.022011951543390751e-04 9.999998807907104492e-01 -1.125680591940181330e-05 -6.729180458933115005e-04 1.392925973050296307e-03 1.167785467259818688e-05 9.999990463256835938e-01 2.533402293920516968e-03 1.596998405456542969e+01
7.000000000000000000e+05 9.999998349163297107e-01 5.599278708601693449e-04 -1.290274417538630190e-04 1.844286460841426389e-01 -5.599254586668117421e-04 9.999998430663054050e-01 1.873056023383465348e-05 -4.387449531978965625e-04 1.290379092682045442e-04 -1.865831138957752089e-05 9.999999915005423068e-01 -4.669734907124019493e-04 9.999997615814208984e-01 3.619569761212915182e-04 5.223880289122462273e-04 1.647534668445587158e-01 -3.619551134761422873e-04 9.999999403953552246e-01 -1.073278963303891942e-05 -8.373757591471076012e-04 -5.223915795795619488e-04 1.054378572007408366e-05 9.999998807907104492e-01 3.087039513047784567e-04 1.795049667358398438e+01
8.000000000000000000e+05 9.999998479570718635e-01 5.428249151275332330e-04 -9.709248054662627961e-05 1.671211610233493683e-01 -5.428206040694539191e-04 9.999998516862123044e-01 4.442240782055215884e-05 -6.405250648707803756e-04 9.711657973582016443e-05 -4.436969726838959407e-05 9.999999942998499813e-01 -7.517847212487901000e-04 9.999995827674865723e-01 4.471855354495346546e-04 8.302158094011247158e-04 1.926043480634689331e-01 -4.471835563890635967e-04 9.999999403953552246e-01 -1.776214230631012470e-05 -1.033982611261308193e-03 -8.302240166813135147e-04 1.739077561069279909e-05 9.999996423721313477e-01 2.047982125077396631e-04 1.601027107238769531e+01
9.000000000000000000e+05 9.999998624747432618e-01 5.116661120242705328e-04 -1.151012032554747151e-04 2.074344211840278007e-01 -5.116657778584132212e-04 9.999998690947582425e-01 2.932663102159362559e-06 -5.680457525474370047e-04 1.151026887324376418e-04 -2.873769352687436815e-06 9.999999933715563172e-01 8.243485970871854897e-06 1.000000000000000000e+00 1.842893689172342420e-04 -1.902278381749056280e-05 2.359552979469299316e-01 -1.842818892328068614e-04 9.999999403953552246e-01 2.755848399829119444e-04 -5.907534505240619183e-04 1.907432852021884173e-05 -2.755812893155962229e-04 9.999999403953552246e-01 1.532446942292153835e-03 1.605135917663574219e+01
1.000000000000000000e+06 9.999998419177190678e-01 5.568698426431276756e-04 -7.784935036263763086e-05 2.387351407924214741e-01 -5.568708846622846169e-04 9.999998448581011168e-01 -1.336403704746727981e-05 -1.372047359530869856e-03 7.784189625587911233e-05 1.340738697061213516e-05 9.999999968804406114e-01 5.754856637877436669e-04 9.999998807907104492e-01 8.810783583612646908e-06 -3.603929362725466490e-04 2.205152511596679688e-01 -8.866209100233390927e-06 9.999999403953552246e-01 -1.718305575195699930e-04 1.141985285357804969e-05 3.603906079661101103e-04 1.718337298370897770e-04 1.000000000000000000e+00 1.873258966952562332e-03 1.903104019165039062e+01
1.100000000000000000e+06 9.999999165147140934e-01 3.917498723005031981e-04 -1.162006856929042090e-04 2.211212278285181465e-01 -3.917509713808918557e-04 9.999999232210662337e-01 -9.435857096904119531e-06 -1.495719477266948736e-04 1.161969802752605926e-04 9.481378041456291398e-06 9.999999932041824247e-01 3.376916485754900702e-04 1.000000000000000000e+00 1.596109723323024809e-05 -1.547245628898963332e-04 2.503679394721984863e-01 -1.597740993020124733e-05 1.000000000000000000e+00 -8.602047455497086048e-05 -1.700904249446466565e-05 1.547236170154064894e-04 8.602290472481399775e-05 9.999999403953552246e-01 1.788688590750098228e-03 1.846633529663085938e+01
1.200000000000000000e+06 9.999999585825187776e-01 2.447076828451745425e-04 -1.515028465582289271e-04 4.447292525490960102e-01 -2.447137970244593706e-04 9.999999692439356380e-01 -4.033963961032113591e-05 -1.277680489520814514e-03 1.514929704790703483e-04 4.037671277561330637e-05 9.999999877098006973e-01 2.164054114219253738e-03 9.999999403953552246e-01 2.371502341702580452e-05 1.605357683729380369e-04 3.494467437267303467e-01 -2.372542076045647264e-05 1.000000000000000000e+00 5.144283204572275281e-05 -9.901277371682226658e-05 -1.605338329682126641e-04 -5.144660099176689982e-05 1.000000000000000000e+00 1.987117808312177658e-03 1.713811111450195312e+01
1.300000000000000000e+06 9.999999833678274719e-01 1.310624018512708869e-04 -1.268345057849336690e-04 4.792820908086578569e-01 -1.310611307419793877e-04 9.999999913611890001e-01 1.003005374793343533e-05 -1.165019916450508574e-03 1.268358192521583014e-04 -1.001343050750523519e-05 9.999999919062031450e-01 1.997691337965138304e-03 1.000000000000000000e+00 1.784022606443613768e-05 1.088033459382131696e-04 3.057507872581481934e-01 -1.784163578122388572e-05 9.999998807907104492e-01 4.266650648787617683e-06 -5.391910963226109743e-05 -1.088040226022712886e-04 -4.268581506039481610e-06 1.000000000000000000e+00 1.791729708202183247e-03 1.841542434692382812e+01
1.400000000000000000e+06 9.999999945223250197e-01 -6.706074936370651554e-05 -8.036296325635349316e-05 3.218961067804600451e-01 6.705505648572642971e-05 9.999999952426446015e-01 -7.084017370846703676e-05 4.290422374585091034e-04 8.036771346915328937e-05 7.083478457740858170e-05 9.999999942617319171e-01 1.976919374484494788e-03 1.000000119209289551e+00 1.783459629223216325e-05 -2.019438397837802768e-05 2.970814406871795654e-01 -1.782907020242419094e-05 1.000000000000000000e+00 -7.915436981420498341e-06 -4.761033778777346015e-05 2.019403837039135396e-05 7.915733476693276316e-06 1.000000119209289551e+00 1.915329019539058208e-03 1.741859245300292969e+01
1.500000000000000000e+06 9.999999827818584208e-01 1.353958120233147056e-04 -1.269025506135909890e-04 4.703404414333351991e-01 -1.353941718918503611e-04 9.999999907505799923e-01 1.293283999341641304e-05 -1.132728971031463083e-03 1.269043004921735192e-04 -1.291565790513429108e-05 9.999999918642421548e-01 1.976975188889840140e-03 1.000000000000000000e+00 2.211499304394237697e-05 -7.105167605914175510e-05 3.697320520877838135e-01 -2.211268292739987373e-05 1.000000000000000000e+00 -1.692763476057734806e-06 -6.218162161530926824e-05 7.105272379703819752e-05 1.694386583039886318e-06 9.999999403953552246e-01 2.434942871332168579e-03 1.714748764038085938e+01
1.600000000000000000e+06 9.999999784449083995e-01 1.272244052942243971e-04 -1.640857516905838405e-04 4.480447103778293916e-01 -1.272354775593283020e-04 9.999999896294760049e-01 -6.746985605488798796e-05 -7.278237582929684025e-04 1.640771661767190541e-04 6.749073212929733814e-05 9.999999842618423340e-01 2.073817588532202508e-03 1.000000000000000000e+00 2.050226430583279580e-05 -2.269066681037656963e-05 3.455432951450347900e-01 -2.050422699539922178e-05 1.000000000000000000e+00 1.476832267144345678e-06 -3.663064853753894567e-05 2.268963362439535558e-05 -1.476389002164069097e-06 1.000000000000000000e+00 2.257356187328696251e-03 1.950841522216796875e+01
1.700000000000000000e+06 9.999999787564205489e-01 -7.728815580496794938e-05 -1.910855830628436570e-04 4.440353302156702098e-01 7.726385047415040971e-05 9.999999889252085827e-01 -1.272001591902269203e-04 2.690469166162932826e-04 1.910954120121884580e-04 1.271853924803392809e-04 9.999999736532098060e-01 1.950506113851807827e-03 1.000000000000000000e+00 2.822838723659515381e-05 2.572656194388400763e-05 4.440301954746246338e-01 -2.822208443831186742e-05 9.999999403953552246e-01 6.422258707061700989e-07 -5.580908327829092741e-05 -2.572615812823642045e-05 -6.429155519072082825e-07 9.999999403953552246e-01 2.775199245661497116e-03 1.704838371276855469e+01
1.800000000000000000e+06 9.999999479483494547e-01 -2.870068475743180452e-04 -1.474122472596739214e-04 4.929626605815154994e-01 2.870045080641859831e-04 9.999999586879375624e-01 -1.589143677105838142e-05 8.994567314834892068e-04 1.474168021208222229e-04 1.584912796547925391e-05 9.999999890085460308e-01 1.627761922459493478e-03 1.000000000000000000e+00 2.582215529400855303e-05 2.125757782778237015e-05 3.778975605964660645e-01 -2.583364948804955930e-05 1.000000000000000000e+00 -9.314801445725606754e-07 -4.667637404054403305e-05 -2.125822720699943602e-05 9.308677704211731907e-07 1.000000000000000000e+00 2.338005462661385536e-03 1.769116783142089844e+01
1.900000000000000000e+06 9.999999813325516351e-01 1.684052778548058728e-05 -1.924871255056355630e-04 4.156268025565381108e-01 -1.686397798219266674e-05 9.999999924369697979e-01 -1.218263793713666326e-04 2.922648060149758784e-04 1.924850724293495979e-04 1.218296231957830661e-04 9.999999740535199244e-01 2.001695923078902761e-03 1.000000000000000000e+00 3.408531119930557907e-05 5.054722578279324807e-07 4.689899682998657227e-01 -3.408710836083628237e-05 1.000000000000000000e+00 -3.903118113157688640e-07 -5.000882083550095558e-05 -5.055332508163701277e-07 3.903301717400609050e-07 1.000000000000000000e+00 2.891703741624951363e-03 1.717910385131835938e+01
2.000000000000000000e+06 9.999999770590728421e-01 2.089391119844027076e-04 -4.718370187958070627e-05 5.513756365978589313e-01 -2.089369744462214198e-04 9.999999771464960219e-01 4.530285541018557073e-05 -1.810054182160829566e-03 4.719316633953413376e-05 -4.529299595110032438e-05 9.999999978606748385e-01 1.964577873445400979e-03 1.000000000000000000e+00 4.420832556206732988e-05 -1.216501550516113639e-05 4.942973852157592773e-01 -4.420067489263601601e-05 1.000000000000000000e+00 -8.080969564616680145e-06 -4.319270374253392220e-05 1.216600685438606888e-05 8.081534360826481134e-06 9.999999403953552246e-01 3.229851368814706802e-03 1.838803291320800781e+01
2.100000000000000000e+06 9.999999765796283580e-01 -2.019106873090801700e-04 -7.792828521468623615e-05 5.302966223401716084e-01 2.019152921379121081e-04 9.999999778694557140e-01 5.908725361339002590e-05 3.591042445580446148e-05 7.791635314225272202e-05 -5.910298714182153602e-05 9.999999952179394747e-01 1.660610139536220983e-03 9.999999403953552246e-01 5.300316115608438849e-05 -7.367624220933066681e-06 5.264788866043090820e-01 -5.301646524458192289e-05 1.000000000000000000e+00 -8.607503332314081490e-06 -7.210235344246029854e-05 7.366008503595367074e-06 8.607814379502087831e-06 1.000000000000000000e+00 3.393606515601277351e-03 1.643872070312500000e+01
2.200000000000000000e+06 9.999999464090135737e-01 -3.098033511161790883e-04 -1.058482718023122588e-04 5.178348387108762108e-01 3.098085845738662684e-04 9.999999507876483618e-01 4.943019801206031364e-05 7.264268775195762773e-04 1.058329529526992401e-04 -4.946298806541523415e-05 9.999999931763996486e-01 1.588343772234943399e-03 1.000000119209289551e+00 6.870066135888919234e-05 3.278231815784238279e-06 5.500213503837585449e-01 -6.868268974358215928e-05 9.999999403953552246e-01 -6.507555099233286455e-06 -1.309092040173709393e-04 -3.278586518717929721e-06 6.507384568976704031e-06 1.000000000000000000e+00 3.451484488323330879e-03 1.624588775634765625e+01
2.300000000000000000e+06 9.999998491445422077e-01 -5.292323025108790083e-04 -1.470512409823643654e-04 4.923828958099492614e-01 5.292330330072427111e-04 9.999998599440443892e-01 4.928763707738773552e-06 2.080159887745168003e-03 1.470486119260383160e-04 -5.006587337248554799e-06 9.999999891758200032e-01 1.375939652521039223e-03 9.999999403953552246e-01 -2.415334456600248814e-04 5.021044216846348718e-06 4.880197942256927490e-01 2.415262133581563830e-04 1.000000000000000000e+00 2.057824021903797984e-04 5.106151220388710499e-04 -5.070027327747084200e-06 -2.057812525890767574e-04 9.999999403953552246e-01 3.054726403206586838e-03 1.609503936767578125e+01
2.400000000000000000e+06 9.999999983636016498e-01 -2.086571070834322141e-05 -5.326742701557824183e-05 5.804038807950047119e-01 2.086853096840644015e-05 9.999999983806500126e-01 5.294529631278177458e-05 -9.793344503202967843e-04 5.326632218808507752e-05 -5.294640783909077090e-05 9.999999971796884601e-01 1.998514965569047307e-03 1.000000000000000000e+00 -1.547360734548419714e-04 2.533723773012752645e-06 5.414867997169494629e-01 1.547420833958312869e-04 9.999999403953552246e-01 -1.875694870250299573e-04 4.621244152076542377e-04 -2.505189740986679681e-06 1.875699381344020367e-04 1.000000000000000000e+00 3.382954746484756470e-03 1.684278488159179688e+01
2.500000000000000000e+06 9.999999209498489083e-01 -3.923848585343083862e-04 -6.429949543925460623e-05 6.482640369494130361e-01 3.923891031065860268e-04 9.999999208365235592e-01 6.601321756403425898e-05 4.258312158524547755e-04 6.427358776310000373e-05 -6.603844276600053344e-05 9.999999957539151829e-01 2.274037743520262306e-03 9.999999403953552246e-01 -1.890653511509299278e-04 -2.513766958145424724e-06 6.789805889129638672e-01 1.890581042971462011e-04 9.999999403953552246e-01 2.466963087499607354e-05 4.343936743680387735e-04 2.508925263100536540e-06 -2.467012382112443447e-05 1.000000000000000000e+00 4.360647872090339661e-03 1.630102348327636719e+01
2.600000000000000000e+06 9.999999519853386420e-01 -3.022751399458793904e-04 -6.825732642205005528e-05 6.033932598722829832e-01 3.022797544343920444e-04 9.999999520283175958e-01 6.760410431407143090e-05 5.030115360582751200e-06 6.823688810805285333e-05 -6.762473387543360974e-05 9.999999953853113688e-01 2.012180814796408861e-03 1.000000000000000000e+00 -2.066630404442548752e-04 -2.563556563472957350e-06 6.372726559638977051e-01 2.066638116957619786e-04 1.000000000000000000e+00 7.490622374461963773e-05 4.585068963933736086e-04 2.548727252360549755e-06 -7.490674033761024475e-05 1.000000000000000000e+00 4.007373470813035965e-03 1.658793640136718750e+01
2.700000000000000000e+06 9.999998543546132490e-01 -5.348216931937029538e-04 -7.250181449712857250e-05 6.475531321423819708e-01 5.348269638004014316e-04 9.999998543376734661e-01 7.269631944898558463e-05 8.971664307610278900e-04 7.246292436825439688e-05 -7.273508478585588132e-05 9.999999947293660707e-01 2.160644942824609376e-03 9.999999403953552246e-01 -2.705702790990471840e-04 6.751369028279441409e-07 7.034110426902770996e-01 2.705718798097223043e-04 9.999999403953552246e-01 5.828562279930338264e-06 6.694790790788829327e-04 -6.775906626899086405e-07 -5.828402663610177115e-06 1.000000000000000000e+00 4.474407993257045746e-03 1.663350486755371094e+01
2.800000000000000000e+06 9.999998271684914508e-01 -5.830749547206183665e-04 -7.540951006184831728e-05 6.510362406831806670e-01 5.830807234994748837e-04 9.999998270822990643e-01 7.650001007162844343e-05 1.074366290248293491e-03 7.536489178356214891e-05 -7.654396668045903044e-05 9.999999942305772827e-01 2.151560924615664692e-03 9.999999403953552246e-01 -2.394212206127122045e-04 9.728411214382504113e-07 5.228225588798522949e-01 2.394214825471863151e-04 1.000000000000000000e+00 1.306708873016759753e-05 5.728267133235931396e-04 -9.759131671671639197e-07 -1.306687499891268089e-05 1.000000000000000000e+00 3.286537015810608864e-03 1.657456016540527344e+01
2.900000000000000000e+06 9.999998665181201174e-01 -5.112965548303953370e-04 -7.442833664675868697e-05 6.388573817614222605e-01 5.113021513554223815e-04 9.999998664579877738e-01 7.519387541644778389e-05 7.973926479470389711e-04 7.438988033833288007e-05 -7.523192074775192600e-05 9.999999944031519039e-01 2.131737928931498431e-03 9.999999403953552246e-01 -4.559246881399303675e-04 1.052352445185533725e-06 8.168511390686035156e-01 4.559242515824735165e-04 9.999998807907104492e-01 5.026742292102426291e-05 1.161717809736728668e-03 -1.075408135875477456e-06 -5.026695725973695517e-05 1.000000000000000000e+00 5.131125450134277344e-03 1.612268829345703125e+01
3.000000000000000000e+06 9.999995293288644893e-01 -9.660770867914018380e-04 -8.964993568580395208e-05 6.814544667084225793e-01 9.660852415367834033e-04 9.999995292023708959e-01 9.096340867803781160e-05 2.455775321404854872e-03 8.956201581387747738e-05 -9.104997534404538507e-05 9.999999918442735725e-01 2.108282482091715024e-03 9.999998211860656738e-01 -6.324830465018749237e-04 -2.759831119192313054e-08 8.650231361389160156e-01 6.324831047095358372e-04 9.999998211860656738e-01 7.141983951441943645e-05 1.648430828936398029e-03 -1.674058403011713381e-08 -7.141979585867375135e-05 1.000000000000000000e+00 5.520655307918787003e-03 1.717382431030273438e+01
3.100000000000000000e+06 9.999996111016443701e-01 -8.786612272885562305e-04 -7.583517743079703252e-05 7.260544701932428735e-01 8.786659256799832316e-04 9.999996120544593081e-01 6.194423690004087295e-05 2.248479955893883421e-03 7.578072000931791036e-05 -6.201084659927016398e-05 9.999999952059684949e-01 2.129480206962523076e-03 9.999995827674865723e-01 -9.344731224700808525e-04 -2.168462287954753265e-06 6.268073320388793945e-01 9.344788850285112858e-04 9.999994635581970215e-01 3.604161029215902090e-04 2.235490595921874046e-03 1.830882411013590172e-06 -3.604179946705698967e-04 9.999999403953552246e-01 4.018813371658325195e-03 1.703984069824218750e+01
3.200000000000000000e+06 9.999989125013147850e-01 -1.470795966054718644e-03 -1.084224837599630096e-04 7.178611224595622398e-01 1.470806348965240451e-03 9.999989137801147399e-01 9.574599396791094762e-05 4.254825177425139091e-03 1.082815431689647102e-04 -9.590535832022270655e-05 9.999999895386348925e-01 1.720296316898467168e-03 9.999991059303283691e-01 -1.329445862211287022e-03 4.256364991306327283e-05 8.564667701721191406e-01 1.329442369751632214e-03 9.999991059303283691e-01 -1.464052475057542324e-04 3.663841634988784790e-03 -4.236890526954084635e-05 1.464617525925859809e-04 1.000000000000000000e+00 5.359678994864225388e-03 1.616592025756835938e+01
3.300000000000000000e+06 9.999993212252533681e-01 -1.161970139031916422e-03 -8.587435459624311355e-05 7.587417284279425189e-01 1.161974731166699531e-03 9.999993234789634755e-01 5.344451045335409724e-05 3.161630026633222880e-03 8.581219557410442141e-05 -5.354425800841421530e-05 9.999999948846396425e-01 1.822906665797332636e-03 9.999991655349731445e-01 -1.281303353607654572e-03 1.868602703325450420e-04 7.055193781852722168e-01 1.281295437365770340e-03 9.999991655349731445e-01 8.356258331332355738e-05 3.329120343551039696e-03 -1.869668340077623725e-04 -8.332303696079179645e-05 9.999999403953552246e-01 4.242959897965192795e-03 1.657718467712402344e+01
3.400000000000000000e+06 9.999988840777200849e-01 -1.493702779068349293e-03 -2.636735812969023720e-05 8.546357075428706596e-01 1.493702136283294075e-03 9.999988841290838870e-01 -2.438094225017722592e-05 4.653173634678176365e-03 2.640374658969802085e-05 2.434153006227892689e-05 9.999999993551660360e-01 1.805375656793660162e-03 9.999983310699462891e-01 -1.823403406888246536e-03 3.256972995586693287e-04 8.409115672111511230e-01 1.823321334086358547e-03 9.999982714653015137e-01 2.508784527890384197e-04 4.758268129080533981e-03 -3.261540259700268507e-04 -2.502842980902642012e-04 9.999999403953552246e-01 5.221424158662557602e-03 1.674448013305664062e+01
3.500000000000000000e+06 9.999987450185752191e-01 -1.582826736351536454e-03 -6.797593364263012543e-05 8.021991703331289303e-01 1.582829253770089584e-03 9.999987466405987346e-01 3.699615153233519878e-05 4.737754093437883569e-03 6.791728994493583861e-05 -3.710369940216580112e-05 9.999999970052785292e-01 1.690214552896268695e-03 9.999982118606567383e-01 -1.866241451352834702e-03 2.392751339357346296e-04 7.215189933776855469e-01 1.866197795607149601e-03 9.999982714653015137e-01 1.888429687824100256e-04 4.789521452039480209e-03 -2.396277413936331868e-04 -1.883960649138316512e-04 1.000000000000000000e+00 4.695615265518426895e-03 1.709846305847167969e+01
3.600000000000000000e+06 9.999993654599416137e-01 -1.126445732527564221e-03 -1.413064605024514641e-05 8.534389321706815634e-01 1.126445157247316737e-03 9.999993647340674752e-01 -4.065364028885643194e-05 3.310296653931977043e-03 1.417643119497107731e-05 4.063769709404422908e-05 9.999999990738031030e-01 1.976850659247759295e-03 9.999953508377075195e-01 -3.053805092349648476e-03 2.314221055712550879e-04 9.376232028007507324e-01 3.053717082366347313e-03 9.999952316284179688e-01 3.983384231105446815e-04 8.062164299190044403e-03 -2.326371759409084916e-04 -3.976296575274318457e-04 9.999998807907104492e-01 6.457451265305280685e-03 1.617420768737792969e+01
3.700000000000000000e+06 9.999999471212960289e-01 3.237654533434062730e-04 3.055060437317952426e-05 9.451924822140923554e-01 -3.237623526517898311e-04 9.999999424435218609e-01 -1.014440501040840352e-04 -1.722504940949737317e-03 -3.058344669271245687e-05 1.014341536045944487e-04 9.999999943878827846e-01 2.507738945848797529e-03 9.999969601631164551e-01 -2.443000441417098045e-03 1.900974457385018468e-04 7.768546342849731445e-01 2.443085657432675362e-03 9.999969005584716797e-01 -5.180501029826700687e-04 6.814047228544950485e-03 -1.888316764961928129e-04 5.185127374716103077e-04 9.999998211860656738e-01 5.547244567424058914e-03 1.705983924865722656e+01
3.800000000000000000e+06 9.999998882005352030e-01 -4.727583247920539179e-04 9.924531908281805886e-06 9.550230401060284535e-01 4.727590610520873270e-04 9.999998854880699506e-01 -7.431507507282562376e-05 1.326851961308562469e-03 -9.889397703418781088e-06 7.431975867655806422e-05 9.999999971893868134e-01 2.246977269973125715e-03 9.999963045120239258e-01 -2.730718115344643593e-03 3.162521461490541697e-04 9.459373950958251953e-01 2.730686683207750320e-03 9.999963045120239258e-01 1.327329082414507866e-04 7.341344840824604034e-03 -3.166121023241430521e-04 -1.318686554441228509e-04 9.999998807907104492e-01 6.768729537725448608e-03 1.726163291931152344e+01
3.900000000000000000e+06 9.999987929063102188e-01 -1.553744667075612111e-03 -7.965662841292686321e-06 9.650556404077715866e-01 1.553744239609628061e-03 9.999987915133558003e-01 -5.339181238774351988e-05 5.357207426320558831e-03 8.048610457977236769e-06 5.337937133617154731e-05 9.999999985429313121e-01 1.833520241908406876e-03 9.999931454658508301e-01 -3.620442235842347145e-03 -6.704600527882575989e-04 1.019362568855285645e+00 3.620953299105167389e-03 9.999931454658508301e-01 7.837783778086304665e-04 9.456330910325050354e-03 6.676176562905311584e-04 -7.862003985792398453e-04 9.999994635581970215e-01 8.728714659810066223e-03 1.563238430023193359e+01
4.000000000000000000e+06 9.999996890118163506e-01 -7.886414829236207706e-04 4.572232215350168187e-06 9.518961429203347535e-01 7.886417952341872846e-04 9.999996866613991564e-01 -6.871132146026410158e-05 2.480101172150347109e-03 -4.518042186273497745e-06 6.871490594514329160e-05 9.999999976289245529e-01 2.173814514154459501e-03 9.999781250953674316e-01 -4.153809044510126114e-03 -5.158076528459787369e-03 9.604463577270507812e-01 4.155565984547138214e-03 9.999912381172180176e-01 3.272847388871014118e-04 1.101274508982896805e-02 5.156671628355979919e-03 -3.487129870336502790e-04 9.999867081642150879e-01 1.227769441902637482e-02 1.752374458312988281e+01
4.100000000000000000e+06 9.999997190016706172e-01 -7.495658562430136630e-04 1.214988590965692143e-05 9.180323827722562946e-01 7.495667732926185366e-04 9.999997162133277273e-01 -7.565004490914412104e-05 2.206528564619948153e-03 -1.209317777228253879e-05 7.565913080217861986e-05 9.999999970647255321e-01 2.209214909261114461e-03 9.999586939811706543e-01 -3.933625761419534683e-03 -8.192954584956169128e-03 7.704013586044311523e-01 3.933897707611322403e-03 9.999922513961791992e-01 1.764688931871205568e-05 1.025890838354825974e-02 8.192822337150573730e-03 -4.987628562957979739e-05 9.999663233757019043e-01 9.711666032671928406e-03 1.684361648559570312e+01
4.200000000000000000e+06 9.999979018854835422e-01 -2.048433686719824346e-03 -1.199854404693692377e-05 9.377889931556571135e-01 2.048433029169139438e-03 9.999979004703679619e-01 -5.456082979027805397e-05 7.119789847460666378e-03 1.211028309993512915e-05 5.453613710091138780e-05 9.999999984395753216e-01 1.587143399428002886e-03 9.999807476997375488e-01 -5.843798164278268814e-03 -2.067853696644306183e-03 9.328650236129760742e-01 5.844298750162124634e-03 9.999829530715942383e-01 2.363898820476606488e-04 1.566576026380062103e-02 2.066437620669603348e-03 -2.484711003489792347e-04 9.999978542327880859e-01 -3.872652770951390266e-03 1.703251266479492188e+01
4.300000000000000000e+06 9.999994172005554072e-01 -1.079628798277716293e-03 5.199775946962796467e-07 9.506103088398695222e-01 1.079628829387340285e-03 9.999994151466874426e-01 -6.409318985878488713e-05 3.561040401429992671e-03 -4.507804407778457858e-07 6.409371388808300467e-05 9.999999979458964461e-01 2.053275689300855349e-03 9.999172091484069824e-01 -3.140452085062861443e-03 1.248212065547704697e-02 1.062842488288879395e+00 3.171613672748208046e-03 9.999918937683105469e-01 -2.477337373420596123e-03 1.024023443460464478e-02 -1.247423887252807617e-02 2.516721375286579132e-03 9.999190568923950195e-01 -2.122961170971393585e-02 1.653174400329589844e+01
4.400000000000000000e+06 9.999983059392836271e-01 -1.840666206511188492e-03 -8.156240403079175627e-06 8.981976638242293864e-01 1.840665746865208794e-03 9.999983044048986747e-01 -5.600876063655083206e-05 6.164647271344326010e-03 8.259320004994115128e-06 5.599365284217820937e-05 9.999999983982472695e-01 1.724847792148061177e-03 9.999935030937194824e-01 -3.090327372774481773e-03 1.845069695264101028e-03 8.327093720436096191e-01 3.087430028244853020e-03 9.999939799308776855e-01 1.568943145684897900e-03 7.403272204101085663e-03 -1.849907333962619305e-03 -1.563235651701688766e-03 9.999970197677612305e-01 1.831671572290360928e-03 1.677952003479003906e+01
4.500000000000000000e+06 9.999995423572437536e-01 -9.567054196713775877e-04 1.873197888468263616e-07 9.710774660343644005e-01 9.567054293442067486e-04 9.999995404842992874e-01 -6.120378825889270541e-05 3.162544295670115333e-03 -1.287657063316204352e-07 6.120393945928266882e-05 9.999999981270305538e-01 2.069939273890250564e-03 9.999567866325378418e-01 -3.517783246934413910e-03 -8.606221526861190796e-03 8.210115432739257812e-01 3.521158359944820404e-03 9.999938011169433594e-01 3.768524329643696547e-04 9.128680452704429626e-03 8.604840375483036041e-03 -4.071412258781492710e-04 9.999628663063049316e-01 1.391846593469381332e-02 1.705081558227539062e+01
4.600000000000000000e+06 9.999990174797279696e-01 -1.401790814154020006e-03 -4.703447023869373171e-06 9.277674365248126387e-01 1.401790517034778036e-03 9.999990155324427477e-01 -6.259011031680745572e-05 4.689186915010904420e-03 4.791180633826058207e-06 6.258345557342230971e-05 9.999999980301779168e-01 1.916241730308196464e-03 9.999864101409912109e-01 -4.443015437573194504e-03 -2.717757597565650940e-03 8.880279660224914551e-01 4.442264325916767120e-03 9.999899864196777344e-01 -2.828530850820243359e-04 1.217290200293064117e-02 2.718987641856074333e-03 2.707772364374250174e-04 9.999963045120239258e-01 4.928642883896827698e-04 1.660047912597656250e+01
4.700000000000000000e+06 9.999978232946438172e-01 -2.086176519708503579e-03 -3.568711855033140907e-05 8.646539729601820934e-01 2.086176178665623011e-03 9.999978238861478852e-01 -9.591027220305067607e-06 6.861470614992834158e-03 3.570704946657650094e-05 9.516556728013538359e-06 9.999999993172209445e-01 1.512255936863306227e-03 9.999746084213256836e-01 -4.224400036036968231e-03 5.749511532485485077e-03 6.921531558036804199e-01 4.222161602228879929e-03 9.999910593032836914e-01 4.016992170363664627e-04 1.082098577171564102e-02 -5.751156713813543320e-03 -3.774132055696099997e-04 9.999833106994628906e-01 -9.483936242759227753e-03 1.612211227416992188e+01
4.800000000000000000e+06 9.999984906823873310e-01 -1.737253779923171853e-03 -2.412863310440699374e-05 8.634939921276462149e-01 1.737253156847486622e-03 9.999984906412269225e-01 -2.582007954855981027e-05 5.579250806799124912e-03 2.417345271733455111e-05 2.577812303298733829e-05 9.999999993755662731e-01 1.692676495282842463e-03 9.999783039093017578e-01 -6.037199869751930237e-03 2.646284410730004311e-03 8.320702314376831055e-01 6.036063656210899353e-03 9.999816417694091797e-01 4.381875914987176657e-04 1.594198681414127350e-02 -2.648881636559963226e-03 -4.222056886646896601e-04 9.999964237213134766e-01 -2.215821063145995140e-03 1.625209617614746094e+01
4.900000000000000000e+06 9.999978433136587075e-01 -2.076444935316438655e-03 -4.176703845204043588e-05 8.537897340483157071e-01 2.076444994334022010e-03 9.999978441848427213e-01 1.369704265427698595e-06 6.743096695981023320e-03 4.176410429455706242e-05 -1.456428268853570126e-06 9.999999991268192501e-01 1.489711637338943457e-03 9.999791383743286133e-01 -1.814247225411236286e-03 -6.185309495776891708e-03 6.393249630928039551e-01 1.794864656403660774e-03 9.999935030937194824e-01 -3.136934246867895126e-03 6.467507220804691315e-03 6.190960295498371124e-03 3.125766757875680923e-03 9.999759793281555176e-01 8.467275649309158325e-03 1.591347217559814453e+01
5.000000000000000000e+06 9.999992186184565313e-01 -1.248662031382844883e-03 -6.004714424127543442e-05 7.936953366402483834e-01 1.248663406238769303e-03 9.999992201581839879e-01 2.286423965398254820e-05 3.515165089783681574e-03 6.001854770701829601e-05 -2.293920045746264597e-05 9.999999979357835356e-01 1.768811665908051481e-03 9.999952316284179688e-01 -3.097880631685256958e-03 -1.974549377337098122e-04 8.362496495246887207e-01 3.098212881013751030e-03 9.999937415122985840e-01 1.676753279753029346e-03 7.521360646933317184e-03 1.922589581226930022e-04 -1.677356893196702003e-03 9.999986290931701660e-01 -2.157985698431730270e-03 1.676019287109375000e+01
5.100000000000000000e+06 9.999935429549877686e-01 -3.592870162071875630e-03 -7.302378807899486616e-05 8.303631710609025163e-01 3.592875396535921868e-03 9.999935430336007736e-01 7.167729854363802432e-05 1.080914450407100165e-02 7.276578934249364249e-05 -7.193920108872217472e-05 9.999999947649457210e-01 1.168134488462018155e-03 9.999791383743286133e-01 -3.063634969294071198e-03 5.688567180186510086e-03 6.867650151252746582e-01 3.058695001527667046e-03 9.999949932098388672e-01 8.767086546868085861e-04 7.523347623646259308e-03 -5.691223777830600739e-03 -8.592897793278098106e-04 9.999833703041076660e-01 -8.039128035306930542e-03 1.756332778930664062e+01
5.200000000000000000e+06 9.999999992087774681e-01 -2.768205221163987158e-05 2.856832184329045719e-05 1.283402716455327251e-03 2.768168061502330961e-05 9.999999995322633728e-01 1.300760938019204981e-05 1.117282283581717123e-04 -2.856868190724985891e-05 -1.300681855073951088e-05 9.999999995073265424e-01 2.484008299125441436e-04 9.998962283134460449e-01 -4.192914813756942749e-03 -1.377674378454685211e-02 7.982107996940612793e-01 4.182567819952964783e-03 9.999909400939941406e-01 -7.796096033416688442e-04 1.167044881731271744e-02 1.377988699823617935e-02 7.219056133180856705e-04 9.999047517776489258e-01 1.564406044781208038e-02 1.595692825317382812e+01
5.300000000000000000e+06 9.999979794497083629e-01 -2.005454305225041686e-03 -1.387427818350046361e-04 5.483757566317218890e-01 2.005482355838956662e-03 9.999979685486337644e-01 2.023342668825461779e-04 7.680831897800448511e-03 1.383367278621187467e-04 -2.026121042549413134e-04 9.999999699056422164e-01 4.873717459346774768e-04 9.994519352912902832e-01 -2.708856947720050812e-03 -3.299570083618164062e-02 4.805008172988891602e-01 2.669075969606637955e-03 9.999957084655761719e-01 -1.249657128937542439e-03 7.585639134049415588e-03 3.299894556403160095e-02 1.160904299467802048e-03 9.994547963142395020e-01 2.439619041979312897e-02 1.589107227325439453e+01
5.400000000000000000e+06 9.999997217890239654e-01 -7.336814755004514299e-04 -1.346602368112661684e-04 3.652219843006286881e-01 7.336698894860604891e-04 9.999997271603554561e-01 -8.606811142215808376e-05 3.509457813775733546e-03 1.347233466482243981e-04 8.596929131815425444e-05 9.999999872294506043e-01 1.479629191785703088e-03 9.999476671218872070e-01 -1.245540915988385677e-03 -1.015020720660686493e-02 2.200762182474136353e-01 1.240042387507855892e-03 9.999990463256835938e-01 -5.479347892105579376e-04 3.378326306119561195e-03 1.015088241547346115e-02 5.353195010684430599e-04 9.999483227729797363e-01 -1.118030166253447533e-03 1.610499191284179688e+01
5.500000000000000000e+06 9.999999879558402194e-01 -1.546355353354548383e-04 -1.327293332772816531e-05 5.168466694923454230e-02 1.546343108487243485e-04 9.999999837931491387e-01 -9.220591978858657908e-05 2.570177304332182163e-03 1.328719142426715233e-05 9.220386622716239859e-05 9.999999956609487706e-01 -8.904041197074186414e-05 9.998744130134582520e-01 -2.491280902177095413e-04 1.584621332585811615e-02 4.485590383410453796e-02 2.470204781275242567e-04 1.000000000000000000e+00 1.349365920759737492e-04 6.031474331393837929e-04 -1.584625802934169769e-02 -1.310054067289456725e-04 9.998744130134582520e-01 -1.481582503765821457e-02 1.608617591857910156e+01
5.600000000000000000e+06 9.999999998257795841e-01 -8.748012983146175985e-06 1.648978569509537714e-05 2.749627558205465505e-03 8.747900215071573610e-06 9.999999999383530902e-01 6.838721950299086971e-06 -1.296718137225794836e-04 -1.648984551930723888e-05 -6.838577698107828395e-06 9.999999998406594592e-01 2.286071757046152471e-04 9.990881085395812988e-01 1.888682277240150142e-06 4.269732162356376648e-02 -2.375233732163906097e-02 -2.794893407553900033e-05 9.999997615814208984e-01 6.097535951994359493e-04 -3.606507962103933096e-04 -4.269731044769287109e-02 -6.103907944634556770e-04 9.990878701210021973e-01 -3.982573002576828003e-02 1.640899276733398438e+01
5.700000000000000000e+06 9.999999982734740778e-01 -5.850028845437370105e-05 5.546900499596523379e-06 4.127076645402157420e-03 5.850017315985135870e-05 9.999999980728925264e-01 2.078328035399082009e-05 5.735523233771852320e-04 -5.548116316801605488e-06 -2.078295582346853908e-05 9.999999997686436215e-01 2.533065997105272949e-04 9.998010993003845215e-01 -4.333845481596654281e-06 1.994115859270095825e-02 -1.175466272979974747e-02 4.122511654713889584e-06 1.000000000000000000e+00 1.063420586433494464e-05 -5.832364331581629813e-05 -1.994115673005580902e-02 -1.054987842508126050e-05 9.998011589050292969e-01 -2.329717390239238739e-02 1.667657661437988281e+01
5.800000000000000000e+06 9.999997558677630183e-01 -6.808324038623729361e-04 -1.572630103574559836e-04 3.235370340660218558e-01 6.808194431409124621e-04 9.999997648431561137e-01 -8.245314053489119716e-05 3.317455647482573169e-03 1.573191101456036865e-04 8.234605269077103140e-05 9.999999842349125423e-01 1.697008996617129818e-03 9.999163150787353516e-01 -9.251052688341587782e-06 -1.293687149882316589e-02 6.474396213889122009e-03 7.536050816270289943e-06 1.000000119209289551e+00 -1.326605997746810317e-04 5.543764928006567061e-05 1.293687801808118820e-02 1.325520133832469583e-04 9.999163150787353516e-01 1.429450418800115585e-02 1.644864082336425781e+01
5.900000000000000000e+06 9.999999993978221369e-01 -1.747401826807203475e-05 2.998357067374639461e-05 2.133506459523687514e-04 1.747372673915793416e-05 9.999999998000642654e-01 9.723189608739607917e-06 4.844634124131985892e-05 -2.998374057094439616e-05 -9.722665678164071453e-06 9.999999995032224920e-01 1.824539105812674616e-04 9.998431205749511719e-01 5.384336532188171986e-07 -1.771457120776176453e-02 9.618723765015602112e-03 -4.387402441352605820e-07 1.000000000000000000e+00 5.673715804732637480e-06 -5.358891030482482165e-06 1.771456189453601837e-02 -5.665068783855531365e-06 9.998430609703063965e-01 1.993670873343944550e-02 1.631056022644042969e+01
