0.000000000000000000e+00 9.999999883497150410e-01 -1.437761127940575688e-04 -5.127376835282345898e-05 1.430413529109666147e-02 1.437778229833383949e-04 9.999999891077924197e-01 3.335195233089579647e-05 1.443654369319667674e-03 5.126897258030796759e-05 -3.335932397308097774e-05 9.999999981293239415e-01 4.716706382791405758e-04 1.000000000000000000e+00 6.161038346164104951e-10 -3.699704620885313489e-06 2.631246843520784751e-06 -1.134230820376558313e-09 1.000000000000000000e+00 2.967571219869569177e-07 1.786246684787329286e-06 3.699991793837398291e-06 -2.966993406516849063e-07 1.000000000000000000e+00 -4.829409590456634760e-05 5.048340454101562500e+02
1.000000000000000000e+05 9.999999937248713611e-01 -1.085684931652237137e-04 -2.762498128880435909e-05 9.406643848700253427e-03 1.085694669697817008e-04 9.999999934849903571e-01 3.525181025703723092e-05 1.173140090393243271e-03 2.762115387291958247e-05 -3.525480926531081538e-05 9.999999989970851377e-01 3.517102982249909588e-04 1.000000000000000000e+00 2.893658923586173159e-10 -2.024537025135941803e-06 -3.991085122834192589e-06 -6.210555403285411558e-10 1.000000000000000000e+00 1.396259960984025383e-07 2.878363147829077207e-07 2.023995648414711468e-06 -1.395996918063246994e-07 1.000000000000000000e+00 -2.798424611683003604e-05 1.502086353302001953e+01
2.000000000000000000e+05 9.999999109174360079e-01 -4.132875043740016322e-04 -8.578208925949606142e-05 3.826119652927140874e-02 4.132856696071582933e-04 9.999999143683839797e-01 -2.140531912111890656e-05 3.892756234512742379e-03 8.579092846436229506e-05 2.136986470766152101e-05 9.999999960916229336e-01 -5.466985529679600797e-05 1.000000000000000000e+00 3.100514618381566834e-07 -8.901442015485372394e-06 4.191995831206440926e-04 -3.006439044384023873e-07 9.999999403953552246e-01 1.739546320322915562e-07 5.188338400330394506e-05 8.900962711777538061e-06 -1.738779502602483262e-07 1.000000000000000000e+00 -1.421502656739903614e-05 1.520025634765625000e+01
3.000000000000000000e+05 9.999872064657746584e-01 -5.027952257495851493e-03 -5.537149694599161715e-04 2.308476407393715846e-01 5.027808226330917479e-03 9.999873263780019172e-01 -2.612033984833120478e-04 1.337199436861927389e-02 5.550212701336602840e-04 2.584160840242851159e-04 9.999998125862366027e-01 1.098373256278503771e-03 9.999997019767761230e-01 -6.986627704463899136e-04 -2.303118526469916105e-04 3.424983471632003784e-02 6.986171356402337551e-04 9.999998211860656738e-01 -5.832317401655018330e-05 1.778996083885431290e-03 2.303535293322056532e-04 5.816219709231518209e-05 1.000000000000000000e+00 2.273055288242176175e-04 1.489516830444335938e+01
4.000000000000000000e+05 9.999999358034511454e-01 -3.523964717706390935e-04 -6.488316000556284451e-05 3.228641869920856333e-02 3.523957982005825919e-04 9.999999378545996187e-01 -1.039241695915867047e-05 3.391276733886484929e-03 6.488681822432493902e-05 1.036955173977598144e-05 9.999999978410867296e-01 6.299628577272523120e-05 9.999991059303283691e-01 -1.318572321906685829e-03 -9.221316577168181539e-05 6.014622002840042114e-02 1.318664872087538242e-03 9.999991059303283691e-01 -2.924506361523526721e-06 3.391909645870327950e-03 9.221697109751403332e-05 2.802975359372794628e-06 1.000000000000000000e+00 1.863052602857351303e-04 1.489897632598876953e+01
5.000000000000000000e+05 9.999941393955931179e-01 -3.377071840113475467e-03 -5.626377147642997768e-04 1.847062124253011917e-01 3.376952231323073015e-03 9.999942753110303562e-01 -2.134003677741737012e-04 1.064848837742343214e-02 5.633551621532588947e-04 2.114991165859124759e-04 9.999998189495407086e-01 6.271684885941652856e-05 9.999952316284179688e-01 -3.107010852545499802e-03 5.898341623833402991e-05 1.394516676664352417e-01 3.106947056949138641e-03 9.999952316284179688e-01 2.168220271414611489e-05 8.319041691720485687e-03 -5.905047146370634437e-05 -2.149887222913093865e-05 9.999998807907104492e-01 2.114484232151880860e-04 1.492889595031738281e+01
6.000000000000000000e+05 9.999710149499835277e-01 -7.612715671320329121e-03 -1.257860354779388018e-04 5.392005651493849694e-01 7.612757275405558112e-03 9.999709668809605434e-01 3.336524320713326881e-04 2.010905600947819616e-02 1.232423825115867193e-04 -3.346003396609757252e-04 9.999999364269642754e-01 3.745450592280978759e-05 9.999898076057434082e-01 -4.507556557655334473e-03 3.946370634366758168e-05 2.010536938905715942e-01 4.507570527493953705e-03 9.999898076057434082e-01 1.249886554433032870e-05 1.203197892755270004e-02 -3.951954568037763238e-05 -1.232092108693905175e-05 1.000000119209289551e+00 3.352722851559519768e-04 1.496076774597167969e+01
7.000000000000000000e+05 9.999881034323034878e-01 -4.877684065163415648e-03 -3.452158463337190295e-05 3.681666493194290513e-01 4.877683145653074516e-03 9.999881036770150722e-01 -2.667006823551241503e-05 1.448217224995782156e-02 3.465126212185582079e-05 2.650136559968914972e-05 9.999999990484838008e-01 1.027700191324665844e-03 9.999858140945434570e-01 -5.332365166395902634e-03 -1.835419061535503715e-05 2.367169559001922607e-01 5.332380998879671097e-03 9.999858140945434570e-01 1.591542059031780809e-05 1.444127410650253296e-02 1.826837251428514719e-05 -1.601293843123130500e-05 1.000000000000000000e+00 4.593239573296159506e-04 1.494428825378417969e+01
8.000000000000000000e+05 9.999629448714837388e-01 -8.608651918806707951e-03 -1.193202244743375124e-06 4.575037344627018721e-01 8.608651896275200041e-03 9.999629013724549154e-01 2.949519451797676258e-04 2.243132177805410091e-02 -1.345980467532188564e-06 -2.949512875603470100e-04 9.999999565009652924e-01 -2.034921785211153667e-04 9.999775290489196777e-01 -6.698864512145519257e-03 -8.653011718706693500e-06 2.955074012279510498e-01 6.698849145323038101e-03 9.999775290489196777e-01 2.062824205495417118e-05 1.831944286823272705e-02 8.514887667843140662e-06 -2.068589856207836419e-05 1.000000000000000000e+00 5.785184912383556366e-04 1.524531173706054688e+01
9.000000000000000000e+05 9.999781614952210074e-01 -6.607747300005999830e-03 -1.192047951919847750e-04 5.357541518128168256e-01 6.607783393829743876e-03 9.999781218546205386e-01 3.049791057627857719e-04 1.835174301117488763e-02 1.171869624199959378e-04 -3.057601249139690609e-04 9.999999463889813756e-01 -8.267044555450089329e-05 9.999736547470092773e-01 -7.267423905432224274e-03 6.192680757521884516e-06 3.172060251235961914e-01 7.267430424690246582e-03 9.999735355377197266e-01 2.044631401076912880e-05 1.980027742683887482e-02 -6.340612344502005726e-06 -2.040063009189907461e-05 1.000000000000000000e+00 5.974444793537259102e-04 1.500393581390380859e+01
1.000000000000000000e+06 9.999883790945727213e-01 -4.805254865932123871e-03 -3.888457772756537473e-04 2.919780593907514432e-01 4.805170686064857803e-03 9.999884315270628488e-01 -2.171319423388784161e-04 1.375380432494154731e-02 3.898846532661273461e-04 2.152609487029940075e-04 9.999999008263337208e-01 1.593073105223969266e-03 9.999570250511169434e-01 -9.266459383070468903e-03 4.577498657454270869e-06 3.980458378791809082e-01 9.266446344554424286e-03 9.999571442604064941e-01 2.665349893504753709e-05 2.572134509682655334e-02 -4.825189535040408373e-06 -2.660988684510812163e-05 1.000000000000000000e+00 7.433633436448872089e-04 1.566300773620605469e+01
1.100000000000000000e+06 9.999697143208067240e-01 -7.780092848394816810e-03 -2.014910664121572533e-04 6.347740534286880898e-01 7.780165820694849230e-03 9.999696678226720481e-01 3.639459247351692025e-04 1.988139259755014945e-02 1.986534217669491079e-04 -3.655025362367933842e-04 9.999999134723563943e-01 8.102625986108034657e-04 9.999533891677856445e-01 -9.658180177211761475e-03 -5.583482831639230426e-08 4.049618840217590332e-01 9.658189490437507629e-03 9.999532699584960938e-01 2.582747947599273175e-05 2.677788026630878448e-02 -1.932414335215071333e-07 -2.582693014119286090e-05 1.000000000000000000e+00 7.679688860662281513e-04 1.668812751770019531e+01
1.200000000000000000e+06 9.999767299232488194e-01 -6.820620944156225753e-03 -1.368974928161448539e-04 5.467074999946714975e-01 6.820664363844006726e-03 9.999766880366656174e-01 3.192488632133017317e-04 1.854786389496696983e-02 1.347168259362616603e-04 -3.201751661387729491e-04 9.999999396696167553e-01 5.010356381566670529e-05 9.999494552612304688e-01 -1.004646252840757370e-02 1.006041046025529795e-07 4.089792966842651367e-01 1.004644948989152908e-02 9.999495744705200195e-01 2.707807470869738609e-05 2.773907221853733063e-02 -3.727745934156700969e-07 -2.707562998693902045e-05 1.000000000000000000e+00 7.766762282699346542e-04 1.726668739318847656e+01
1.300000000000000000e+06 9.999669537909495753e-01 -8.127261211969742313e-03 -1.973587170220805070e-04 6.443244207947224078e-01 8.127334639478874315e-03 9.999669026759958612e-01 3.741436277184263500e-04 2.069937942471875014e-02 1.943114219475419735e-04 -3.757352640458843122e-04 9.999999105330362736e-01 9.815638849517724189e-04 9.999203085899353027e-01 -1.262728776782751083e-02 1.765756906024762429e-06 4.924457967281341553e-01 1.262729614973068237e-02 9.999203085899353027e-01 2.666964610398281366e-05 3.543644770979881287e-02 -2.101560539813362993e-06 -2.664518615347333252e-05 9.999999403953552246e-01 9.483658359386026859e-04 1.680476760864257812e+01
1.400000000000000000e+06 9.999627025651670609e-01 -8.634796084795517968e-03 -1.837737937990025806e-04 6.780954654334745424e-01 8.634864976263759845e-03 9.999626476247605034e-01 3.774384496528919203e-04 2.213491121966294078e-02 1.805078252617971571e-04 -3.790112341117522353e-04 9.999999118836980783e-01 1.280297766519030659e-03 9.999731779098510742e-01 -7.329468615353107452e-03 -6.835138265159912407e-06 6.390133500099182129e-01 7.329474668949842453e-03 9.999729990959167480e-01 5.605660844594240189e-04 2.143264934420585632e-02 2.725293143157614395e-06 -5.606011836789548397e-04 9.999998807907104492e-01 1.228279550559818745e-03 1.662054443359375000e+01
1.500000000000000000e+06 9.999675426788752208e-01 -8.055137618302177227e-03 -1.683510307553296673e-04 6.936903957394664477e-01 8.055196659199379688e-03 9.999674940626376296e-01 3.530158792532162222e-04 2.065971529181079638e-02 1.655019666542457166e-04 -3.543605220603449481e-04 9.999999235188513635e-01 1.431630193455297280e-03 9.999821782112121582e-01 -5.973566789180040359e-03 -1.011830363495391794e-06 5.973305702209472656e-01 5.973570048809051514e-03 9.999819993972778320e-01 -4.321568121667951345e-04 1.733007095754146576e-02 3.594685267671593465e-06 4.321430169511586428e-04 9.999999403953552246e-01 1.153516117483377457e-03 1.622323226928710938e+01
1.600000000000000000e+06 9.999662769239616722e-01 -8.210037879598730548e-03 -2.007258086244738718e-04 6.431177014212311471e-01 8.210113994159808082e-03 9.999662237250291907e-01 3.813598150815784090e-04 2.085669638864107167e-02 1.975880502339296524e-04 -3.829949362743046673e-04 9.999999071369135573e-01 1.021880006384458034e-03 9.999786019325256348e-01 -6.536541040986776352e-03 1.562683792144525796e-05 6.262034177780151367e-01 6.536533124744892120e-03 9.999786615371704102e-01 5.940456321695819497e-05 1.869517564773559570e-02 -1.601586336619220674e-05 -5.930111728957854211e-05 1.000000000000000000e+00 1.218807999975979328e-03 1.577779197692871094e+01
1.700000000000000000e+06 9.999689426955291616e-01 -7.879083269237578679e-03 -1.835524156426390882e-04 5.766578289430572823e-01 7.879148842325489621e-03 9.999688944736727647e-01 3.593033382888520619e-04 2.013083951274891384e-02 1.807157252390588238e-04 -3.607384160927172350e-04 9.999999186048079691e-01 3.142080103826108521e-04 9.999732375144958496e-01 -7.312450092285871506e-03 2.184494769608136266e-05 6.639566421508789062e-01 7.312442641705274582e-03 9.999731779098510742e-01 7.230992923723533750e-05 2.094907499849796295e-02 -2.237242733826860785e-05 -7.214829383883625269e-05 1.000000000000000000e+00 1.288622734136879444e-03 1.561113643646240234e+01
1.800000000000000000e+06 9.999583939957792378e-01 -9.120672407630842082e-03 -1.536562326549735275e-04 7.293571988811725637e-01 9.120729069315242077e-03 9.999583360219639339e-01 3.721820116150135116e-04 2.357639443989020811e-02 1.502552804403275532e-04 -3.735679835094488999e-04 9.999999189351509443e-01 1.702118375726557149e-03 9.999631643295288086e-01 -8.589245378971099854e-03 1.658553446759469807e-05 7.297246456146240234e-01 8.589252829551696777e-03 9.999631047248840332e-01 1.769680011420859955e-06 2.487022243440151215e-02 -1.660136695136316121e-05 -1.627087840461172163e-06 9.999999403953552246e-01 1.468979637138545513e-03 1.547980785369873047e+01
1.900000000000000000e+06 9.999631494980109059e-01 -8.583764801303319508e-03 -1.364933931583593393e-04 7.543254711074784957e-01 8.583809733655044238e-03 9.999631032857044799e-01 3.320847408433266952e-04 2.232405249311985099e-02 1.336378197915496211e-04 -3.332441366299236933e-04 9.999999355446393956e-01 1.639976551871710677e-03 9.999499917030334473e-01 -1.000783313065767288e-02 6.589879831153666601e-06 7.782417535781860352e-01 1.000782940536737442e-02 9.999499320983886719e-01 -1.901805489978869446e-06 2.898496575653553009e-02 -6.569427114300196990e-06 1.967641082956106402e-06 1.000000000000000000e+00 1.593438209965825081e-03 1.509375953674316406e+01
2.000000000000000000e+06 9.999673938071409474e-01 -8.072473762710133047e-03 -2.156165392676761042e-04 5.952190997350627066e-01 8.072556682911300255e-03 9.999673416857879360e-01 3.865113814438868658e-04 2.065012405847472046e-02 2.124893946374557482e-04 -3.882393554986906734e-04 9.999999020592260646e-01 4.340762606039864522e-04 9.999448060989379883e-01 -1.049863733351230621e-02 -1.035096647683531046e-05 7.349684238433837891e-01 1.049863826483488083e-02 9.999449253082275391e-01 -2.752858745225239545e-05 3.015717305243015289e-02 1.063938907464034855e-05 2.741847129072993994e-05 1.000000119209289551e+00 1.534597016870975494e-03 1.606028747558593750e+01
2.100000000000000000e+06 9.999660636768477051e-01 -8.237547743792442145e-03 -1.196070562824893928e-04 7.936816822862389209e-01 8.237580520157036790e-03 9.999660324218453411e-01 2.761770069426591301e-04 2.182528692447235213e-02 1.173279723759774497e-04 -2.771529072091974866e-04 9.999999547102080832e-01 1.420965957608574630e-03 9.999372959136962891e-01 -1.119871623814105988e-02 -2.533969382056966424e-05 9.312589168548583984e-01 1.119873020797967911e-02 9.999369978904724121e-01 6.093039410188794136e-04 3.410439193248748779e-02 1.851473280112259090e-05 -6.095490534789860249e-04 9.999998211860656738e-01 1.967135816812515259e-03 1.528012752532958984e+01
2.200000000000000000e+06 9.999935223996633260e-01 -3.595214125947670484e-03 -1.720305037169136844e-04 6.795904401020874674e-01 3.595248574190290040e-03 9.999935170016650554e-01 2.003564875602879369e-04 9.529105191760733548e-03 1.713090639909432909e-04 -2.009736821355914628e-04 9.999999651313923321e-01 1.165798147466088827e-03 9.999953508377075195e-01 -3.037042217329144478e-03 -1.383856306347297505e-05 7.570841312408447266e-01 3.037041518837213516e-03 9.999954104423522949e-01 -4.961927697877399623e-05 8.864294737577438354e-03 1.398814310960005969e-05 4.957654891768470407e-05 9.999999403953552246e-01 1.587937702424824238e-03 1.566720008850097656e+01
2.300000000000000000e+06 9.999717584788934133e-01 -7.513845923704267488e-03 -1.561041778347678076e-04 7.194809171104485923e-01 7.513894589927270357e-03 9.999717211417689100e-01 3.135431639842140689e-04 1.949974342455270543e-02 1.537438485481989049e-04 -3.147072592939175622e-04 9.999999386610879393e-01 1.457796335459639802e-03 9.999924898147583008e-01 -3.892727894708514214e-03 -1.345126565865939483e-05 8.709531426429748535e-01 3.892713459208607674e-03 9.999923110008239746e-01 -4.866451490670442581e-04 1.163525786250829697e-02 1.534546754555776715e-05 4.865890077780932188e-04 9.999998807907104492e-01 1.815897179767489433e-03 1.586668777465820312e+01
2.400000000000000000e+06 9.999828781041698589e-01 -5.851646360780372001e-03 -4.162511254108920217e-05 1.114732380865671724e+00 5.851649104772818459e-03 9.999828767692752196e-01 6.610809124809173564e-05 1.875672194554735273e-02 4.123755860497205743e-05 -6.635053490986985683e-05 9.999999969485350304e-01 5.117327674973459360e-04 9.999858736991882324e-01 -5.313366185873746872e-03 -1.095565130526665598e-05 1.030697941780090332e+00 5.313377827405929565e-03 9.999858736991882324e-01 2.404477709205821157e-05 1.560292486101388931e-02 1.082815651898272336e-05 -2.410257548035588115e-05 1.000000000000000000e+00 2.119364216923713684e-03 1.583187198638916016e+01
2.500000000000000000e+06 9.999872983997967202e-01 -5.039996190462039949e-03 -3.844885623059437601e-05 1.060327371576348376e+00 5.039997497623446843e-03 9.999872985551628846e-01 3.397661025356778642e-05 1.601644254891344127e-02 3.827712589399358706e-05 -3.416996082905464284e-05 9.999999986836377586e-01 1.033082000421330559e-03 9.999824166297912598e-01 -5.930811632424592972e-03 -5.936463821853976697e-06 9.716098308563232422e-01 5.930807441473007202e-03 9.999823570251464844e-01 2.748565020738169551e-05 1.715475693345069885e-02 5.773423254140652716e-06 -2.752046384557615966e-05 1.000000000000000000e+00 1.994714606553316116e-03 1.604387283325195312e+01
2.600000000000000000e+06 9.999632605322054113e-01 -8.571903398417630993e-03 -7.674982163436024594e-06 1.213460588679340368e+00 8.571904002609202766e-03 9.999632571538503711e-01 8.249248028514762640e-05 2.721348079241322354e-02 6.967582600048475260e-06 -8.255523876481754000e-05 9.999999965680427261e-01 -2.792544427351930638e-04 9.999534487724304199e-01 -9.638743475079536438e-03 -4.767430709762265906e-06 1.326600909233093262e+00 9.638750925660133362e-03 9.999535679817199707e-01 4.267976692062802613e-05 2.962503395974636078e-02 4.355923010734841228e-06 -4.272370279068127275e-05 1.000000000000000000e+00 2.721913857385516167e-03 1.606143951416015625e+01
2.700000000000000000e+06 9.999856686181707310e-01 -5.353661475093605959e-03 2.945266396398784362e-05 1.304875629253488212e+00 5.353660924722815351e-03 9.999856688793724580e-01 1.873383326512882436e-05 1.688512095290923415e-02 -2.955253647441847528e-05 -1.857588520930836522e-05 9.999999993907920937e-01 7.574858777580176870e-06 9.999972581863403320e-01 -2.328440546989440918e-03 2.107018372043967247e-04 1.394203662872314453e+00 2.328373724594712257e-03 9.999972581863403320e-01 3.125310468021780252e-04 7.166492287069559097e-03 -2.114290255121886730e-04 -3.120395995210856199e-04 9.999999403953552246e-01 2.675294177606701851e-03 1.592729568481445312e+01
2.800000000000000000e+06 9.999896847979964365e-01 -4.541965163420019075e-03 -2.914595488936932020e-05 1.189341877606488573e+00 4.541966171786499668e-03 9.999896846187226185e-01 3.462471244947768129e-05 1.556149385966177495e-02 2.898838999562911801e-05 -3.475673523338283332e-05 9.999999989758212582e-01 5.529332142355045804e-04 9.999970793724060059e-01 -2.439143834635615349e-03 1.677476830082014203e-04 1.174088835716247559e+00 2.439189702272415161e-03 9.999969005584716797e-01 -3.186168323736637831e-04 7.383323740214109421e-03 -1.669693010626360774e-04 3.190251009073108435e-04 9.999998807907104492e-01 2.520184265449643135e-03 1.573788833618164062e+01
2.900000000000000000e+06 9.999968147918510963e-01 -2.523965807438141931e-03 -1.740202710640261368e-06 1.260278206441036719e+00 2.523965807934644076e-03 9.999968147933239182e-01 2.831760206677068480e-07 9.332600714967140970e-03 1.739482441172205792e-06 -2.875673306453528435e-07 9.999999999984457988e-01 3.858204587635765954e-04 9.999947547912597656e-01 -3.214139025658369064e-03 -2.115481765940785408e-05 1.197632193565368652e+00 3.214147873222827911e-03 9.999948740005493164e-01 3.426005423534661531e-05 9.451977908611297607e-03 2.104344639519695193e-05 -3.432787343626841903e-05 1.000000119209289551e+00 2.961327787488698959e-03 1.523068809509277344e+01
3.000000000000000000e+06 9.999990395756120920e-01 -1.385859295994418131e-03 -1.555222026447948308e-05 1.199508202336271756e+00 1.385859169207048899e-03 9.999990396634294010e-01 -8.160182153097597868e-06 5.720661644187716340e-03 1.556351419336918468e-05 8.138621128877720823e-06 9.999999998457699268e-01 1.194849308032111101e-03 9.999888539314270020e-01 -4.725160542875528336e-03 8.558751869713887572e-05 1.304146766662597656e+00 4.725128877907991409e-03 9.999887943267822266e-01 3.661552618723362684e-04 1.386831235140562057e-02 -8.731619163881987333e-05 -3.657463821582496166e-04 9.999998807907104492e-01 3.312097396701574326e-03 1.574502372741699219e+01
3.100000000000000000e+06 9.999988785077629228e-01 -1.497450362885038855e-03 -2.501096500491458934e-05 1.076394245895461177e+00 1.497449601036027027e-03 9.999988783580278096e-01 -3.045160031089457481e-05 5.469482874888479708e-03 2.505653671310059387e-05 3.041411349877847108e-05 9.999999992235758528e-01 1.655506254253998229e-03 9.999992251396179199e-01 -4.303489404264837503e-04 1.178102684207260609e-03 1.186409473419189453e+00 4.295463731978088617e-04 9.999997019767761230e-01 6.705377600155770779e-04 9.560369653627276421e-04 -1.178391743451356888e-03 -6.700307712890207767e-04 9.999990463256835938e-01 3.789675654843449593e-03 1.569279956817626953e+01
3.200000000000000000e+06 9.999999940892920769e-01 1.077276118117895921e-04 1.470297717916668422e-05 1.234377645403224477e+00 -1.077275066385465662e-04 9.999999941718037411e-01 -7.153798187357693017e-06 1.393543564497441592e-04 -1.470374775506666832e-05 7.152214230006706864e-06 9.999999998663228196e-01 1.579761373057526549e-03 9.999996423721313477e-01 -2.352026640437543392e-04 8.315126760862767696e-04 1.313436031341552734e+00 2.354072930756956339e-04 9.999998807907104492e-01 -2.405395789537578821e-04 8.636186830699443817e-04 -8.314549340866506100e-04 2.407341235084459186e-04 9.999996423721313477e-01 5.222187377512454987e-03 1.575596809387207031e+01
3.300000000000000000e+06 9.999960162521120965e-01 -2.822609544846872275e-03 1.884109197683270668e-05 1.314737287390354448e+00 2.822609688693238517e-03 9.999960164002249519e-01 -7.612495272822990937e-06 9.944866682271732289e-03 -1.881952981889825424e-05 7.665645997163036710e-06 9.999999997935316021e-01 1.882158442907912914e-04 9.999993443489074707e-01 -3.224828396923840046e-04 -1.117375795729458332e-03 1.315671443939208984e+00 3.226151457056403160e-04 1.000000000000000000e+00 1.251190988114103675e-04 8.000720408745110035e-04 1.117335050366818905e-03 -1.254785893252119422e-04 9.999994039535522461e-01 7.711874321103096008e-03 1.738044738769531250e+01
3.400000000000000000e+06 9.999998623759277505e-01 -5.236487399340561226e-04 3.225072007676167045e-05 1.298514276954950253e+00 5.236485160830023269e-04 9.999998628719550808e-01 6.949015565286533785e-06 2.124000220227863309e-03 -3.225435449771114037e-05 -6.932126566372953795e-06 9.999999994558010918e-01 1.231512227110532782e-03 9.999987483024597168e-01 -3.667977289296686649e-04 -1.485625514760613441e-03 1.080268263816833496e+00 3.665713302325457335e-04 9.999999403953552246e-01 -1.642245188122615218e-04 1.145972753874957561e-03 1.485685468651354313e-03 1.636793167563155293e-04 9.999988675117492676e-01 6.335764657706022263e-03 1.599283218383789062e+01
3.500000000000000000e+06 9.999999999947626339e-01 -2.370957889691121567e-06 -2.203040168768343520e-06 1.201415655548355721e+00 2.370923294908939239e-06 9.999999998738960949e-01 -1.570307074102980635e-05 6.974060095677309633e-04 2.203077399809994730e-06 1.570306551770830908e-05 9.999999998742801210e-01 1.602294970729580253e-03 9.999998211860656738e-01 -5.283791688270866871e-04 -3.595793968997895718e-04 1.302219510078430176e+00 5.281586782075464725e-04 9.999996423721313477e-01 -5.805914988741278648e-04 2.018963918089866638e-03 3.598862676881253719e-04 5.804011016152799129e-04 9.999997019767761230e-01 2.206923672929406166e-03 1.625292778015136719e+01
3.600000000000000000e+06 9.999997964448529286e-01 -6.375814304258393050e-04 -2.449826894198602981e-05 1.185471695473370612e+00 6.375812881957845313e-04 9.999997967281302191e-01 -5.813089735004219932e-06 2.964453704233576108e-03 2.450197028031002081e-05 5.797468913577119301e-06 9.999999996830214455e-01 1.405206764001387318e-03 9.999999403953552246e-01 2.235855208709836006e-04 -1.149126364907715470e-05 1.036232709884643555e+00 -2.235806605312973261e-04 1.000000000000000000e+00 -1.889392297016456723e-04 -5.325956735759973526e-04 1.144917496276320890e-05 1.889419218059629202e-04 9.999999403953552246e-01 5.877483054064214230e-04 1.775289535522460938e+01
3.700000000000000000e+06 9.999999681665187046e-01 2.502599189582474602e-04 3.220148258139683933e-05 1.283399903622998606e+00 -2.502603066560618508e-04 9.999999686124534382e-01 1.203628459229624668e-05 -6.390473445596212953e-04 -3.219846937111274271e-05 -1.204434296191645018e-05 9.999999994090962296e-01 1.472969890704884386e-03 1.000000000000000000e+00 2.318032056791707873e-04 -2.368901477893814445e-04 1.359552264213562012e+00 -2.319387858733534813e-04 9.999997615814208984e-01 -5.803903914056718349e-04 -1.804201019695028663e-04 2.367553242947906256e-04 5.804452230222523212e-04 9.999998807907104492e-01 1.117790350690484047e-03 1.608601570129394531e+01
3.800000000000000000e+06 9.999975960197213798e-01 2.192689974766433205e-03 -8.093330776164940946e-06 1.207122164384986984e+00 -2.192690279691238229e-03 9.999975953350569435e-01 -3.786146149679586541e-05 -6.350001117906986341e-03 8.010292868213770103e-06 3.787911664613125202e-05 9.999999992505038682e-01 2.747209203000107632e-03 9.999999403953552246e-01 3.014902758877724409e-04 -2.148343919543549418e-04 1.271929144859313965e+00 -3.014631511177867651e-04 9.999999403953552246e-01 1.740671577863395214e-04 -1.010758918710052967e-03 2.148868516087532043e-04 -1.740023435559123755e-04 9.999999403953552246e-01 2.248823439003899693e-04 1.630076789855957031e+01
3.900000000000000000e+06 9.999997743251763938e-01 6.716792159155462972e-04 1.402228423689550735e-05 1.208496875544995852e+00 -6.716788956756025762e-04 9.999997741630954895e-01 -2.283016073901885618e-05 -1.806654071149065358e-03 -1.403761561470634518e-05 2.282073711437645241e-05 9.999999996410796621e-01 1.828228815107997042e-03 9.999993443489074707e-01 4.963154788129031658e-04 -1.030317158438265324e-03 1.179193973541259766e+00 -4.961317754350602627e-04 9.999998211860656738e-01 1.758850266924127936e-04 -1.514713745564222336e-03 1.030404353514313698e-03 -1.753738033585250378e-04 9.999994635581970215e-01 -9.088836959563195705e-04 1.601228713989257812e+01
4.000000000000000000e+06 9.999999144789547545e-01 4.126804123807331984e-04 2.714696251967034141e-05 1.259460098965686559e+00 -4.126804706465819414e-04 9.999999148451180764e-01 2.140745368223192263e-06 -1.121470142998127291e-03 -2.714607676427767773e-05 -2.151948206602342334e-06 9.999999996292298077e-01 1.590756061675112961e-03 9.999986290931701660e-01 1.473690615966916084e-03 -6.909020012244582176e-04 1.165591001510620117e+00 -1.472784089855849743e-03 9.999981522560119629e-01 1.303773256950080395e-03 -5.588948726654052734e-03 6.928219809196889400e-04 -1.302753458730876446e-03 9.999988675117492676e-01 -1.602984149940311909e-03 1.690828704833984375e+01
4.100000000000000000e+06 9.999999615666229635e-01 2.759859292048582615e-04 2.642954767308678657e-05 1.260484655493288919e+00 -2.759859687436750351e-04 9.999999619147589280e-01 1.492372699770352390e-06 -6.121277203703250937e-04 -2.642913479265276164e-05 -1.499666826591270457e-06 9.999999996496259369e-01 1.537242332789863454e-03 9.999976158142089844e-01 1.932969200424849987e-03 1.020564930513501167e-03 1.267679333686828613e+00 -1.933704479597508907e-03 9.999979138374328613e-01 7.208650931715965271e-04 -6.271151360124349594e-03 -1.019169343635439873e-03 -7.228367030620574951e-04 9.999992251396179199e-01 -3.223980544134974480e-03 1.614643287658691406e+01
4.200000000000000000e+06 9.999977133147335273e-01 2.138542516110616271e-03 1.123469676822079810e-06 1.205647878394358496e+00 -2.138542471870236682e-03 9.999977125932697497e-01 -3.800494068646589408e-05 -6.367216941388395383e-03 -1.204742287558716760e-06 3.800245119353615262e-05 9.999999992771811952e-01 2.603141490649058063e-03 9.999942779541015625e-01 2.586264163255691528e-03 2.205543918535113335e-03 1.255619525909423828e+00 -2.587223425507545471e-03 9.999964833259582520e-01 4.322392051108181477e-04 -8.227351121604442596e-03 -2.204417483881115913e-03 -4.379433521535247564e-04 9.999974370002746582e-01 -3.100499743595719337e-03 1.642086410522460938e+01
4.300000000000000000e+06 9.999995146330042939e-01 9.852541754034611476e-04 2.823161564754126395e-06 1.177633011695477405e+00 -9.852540737586704730e-04 9.999995139969176661e-01 -3.578188232144261465e-05 -2.935698386856459233e-03 -2.858414441488266002e-06 3.577908342267816633e-05 9.999999993558433831e-01 2.016926919151023137e-03 9.999939799308776855e-01 3.359053051099181175e-03 7.830001995898783207e-04 1.171063661575317383e+00 -3.360085887834429741e-03 9.999935626983642578e-01 1.320137875154614449e-03 -1.100359205156564713e-02 -7.785618654452264309e-04 -1.322760945186018944e-03 9.999989271163940430e-01 1.866744714789092541e-03 1.685932731628417969e+01
4.400000000000000000e+06 9.999909728877639514e-01 4.248843333082387604e-03 -3.837997222579847052e-05 1.256190211466779560e+00 -4.248844459066514721e-03 9.999909731901295284e-01 -2.930406603466734398e-05 -1.265273956682303781e-02 3.825511738946315270e-05 2.946687203853846847e-05 9.999999988341247148e-01 3.664062548866978391e-03 9.999963045120239258e-01 2.718335716053843498e-03 -1.921600924106314778e-04 1.281148791313171387e+00 -2.718406496569514275e-03 9.999961853027343750e-01 -3.658848581835627556e-04 -8.003151975572109222e-03 1.911652507260441780e-04 3.664050309453159571e-04 9.999998807907104492e-01 5.780875217169523239e-03 1.598361587524414062e+01
4.500000000000000000e+06 9.999958094113439167e-01 2.894928454585944579e-03 -2.343235118548649227e-05 1.176605659129363213e+00 -2.894929555664875736e-03 9.999958085738167579e-01 -4.709296563273512491e-05 -8.744203136635219503e-03 2.329592220561688053e-05 4.716060329083787510e-05 9.999999986165887256e-01 2.885353046183498655e-03 9.999949336051940918e-01 3.162317676469683647e-03 3.260019875597208738e-04 1.179795622825622559e+00 -3.162370761856436729e-03 9.999950528144836426e-01 1.546085259178653359e-04 -9.713781066238880157e-03 -3.255123156122863293e-04 -1.556382776470854878e-04 9.999999403953552246e-01 4.965402651578187943e-03 1.615376091003417969e+01
4.600000000000000000e+06 9.999883578853628885e-01 4.824610540134615863e-03 -8.500836700702584067e-05 1.203981130097550478e+00 -4.824615659643422330e-03 9.999883596665802843e-01 -6.012179277051224392e-05 -1.358760207932130544e-02 8.471731324058664916e-05 6.053122553226509823e-05 9.999999945794736389e-01 4.476720570187966292e-03 9.999921917915344238e-01 3.956571221351623535e-03 -1.739507424645125866e-04 1.156482100486755371e+00 -3.956540953367948532e-03 9.999921321868896484e-01 1.843041682150214911e-04 -1.189590524882078171e-02 1.746789930621162057e-04 -1.836140436353161931e-04 9.999999403953552246e-01 3.969580400735139847e-03 1.595267200469970703e+01
4.700000000000000000e+06 9.999823204321883763e-01 5.944859754787188734e-03 -1.321601047574448335e-04 1.140564063501165792e+00 -5.944873330599022808e-03 9.999823238245857393e-01 -1.025680541223174518e-04 -1.679166899923706380e-02 1.315480159880049143e-04 1.033519158291564422e-04 9.999999860067506630e-01 5.170181122477030509e-03 9.999849200248718262e-01 5.154260434210300446e-03 -1.879442483186721802e-03 1.156906843185424805e+00 -5.154904909431934357e-03 9.999866485595703125e-01 -3.366509336046874523e-04 -1.501895207911729813e-02 1.877682632766664028e-03 3.463334287516772747e-04 9.999980926513671875e-01 4.188650287687778473e-03 1.605324745178222656e+01
4.800000000000000000e+06 9.999863028488400474e-01 5.233049641562374441e-03 -9.647654531072467877e-05 1.108535987000997869e+00 -5.233061082926234245e-03 9.999863003951420248e-01 -1.187236554389610487e-04 -1.519279692055959703e-02 9.585393687324699646e-05 1.192268968890033596e-04 9.999999882984855759e-01 4.549177970185369277e-03 9.999962449073791504e-01 2.636583754792809486e-03 -8.209065417759120464e-04 1.161609888076782227e+00 -2.636434976011514664e-03 9.999964833259582520e-01 1.772207033354789019e-04 -8.192136883735656738e-03 8.213708060793578625e-04 -1.750553637975826859e-04 9.999997019767761230e-01 2.984030172228813171e-03 1.642195129394531250e+01
4.900000000000000000e+06 9.999877700380136458e-01 4.945137534147916493e-03 -7.341695583850399854e-05 1.231647666165107013e+00 -4.945141346386583599e-03 9.999877713707451266e-01 -5.183545948624508740e-05 -1.400674125127048669e-02 7.315972458272337951e-05 5.219788275134404977e-05 9.999999959615180067e-01 4.545021309380856654e-03 9.999908804893493652e-01 3.995219245553016663e-03 1.473852782510221004e-03 1.370700120925903320e+00 -3.995090257376432419e-03 9.999920129776000977e-01 -9.130314720096066594e-05 -1.218523457646369934e-02 -1.474205870181322098e-03 8.541458373656496406e-05 9.999988675117492676e-01 -2.009902149438858032e-03 1.575526428222656250e+01
5.000000000000000000e+06 9.999877304131440381e-01 4.952977566177980268e-03 -8.388271520008453385e-05 1.208328314701471173e+00 -4.952982534381552768e-03 9.999877321588791501e-01 -5.912417114867976728e-05 -1.393998107615215462e-02 8.358884544588674739e-05 5.953891534434037499e-05 9.999999947340112438e-01 4.563465769973978729e-03 9.999898672103881836e-01 4.410826601088047028e-03 8.511158521287143230e-04 1.170832753181457520e+00 -4.410762805491685867e-03 9.999902844429016113e-01 -7.054450543364509940e-05 -1.312308013439178467e-02 -8.514193468727171421e-04 6.678910722257569432e-05 9.999997019767761230e-01 5.247338558547198772e-04 1.684889602661132812e+01
5.100000000000000000e+06 9.999814559858993812e-01 6.088828121227901971e-03 -1.177094665505899035e-04 1.207511581528291744e+00 -6.088837791140560771e-03 9.999814594955006575e-01 -8.196761080966140475e-05 -1.706579454258409095e-02 1.172081974516359809e-04 8.268280466703387013e-05 9.999999897128958315e-01 5.373208144962314699e-03 9.999804496765136719e-01 6.239654030650854111e-03 -4.094496252946555614e-04 1.230858206748962402e+00 -6.239611189812421799e-03 9.999805092811584473e-01 9.895332186715677381e-05 -1.866850815713405609e-02 4.100595251657068729e-04 -9.639612835599109530e-05 9.999998807907104492e-01 4.028298426419496536e-03 1.577779197692871094e+01
5.200000000000000000e+06 9.999932770466137821e-01 3.666565752628233275e-03 -4.644869090485193865e-05 1.208147032638873686e+00 -3.666567922830705865e-03 9.999932770258354031e-01 -4.672390282250219595e-05 -1.040291847056482553e-02 4.627706237373262091e-05 4.689389597590248605e-05 9.999999978296980618e-01 3.640118976213705705e-03 9.999961853027343750e-01 2.741232980042695999e-03 -3.475390549283474684e-04 1.262058138847351074e+00 -2.741361502557992935e-03 9.999961853027343750e-01 -3.476174315437674522e-04 -8.480007760226726532e-03 3.465849731583148241e-04 3.485691267997026443e-04 9.999998807907104492e-01 3.344620112329721451e-03 1.627443122863769531e+01
5.300000000000000000e+06 9.999872977670712926e-01 5.039726047560141170e-03 -7.392708455287453414e-05 1.244394624728955900e+00 -5.039729337775848694e-03 9.999872994979861485e-01 -4.438766267416545364e-05 -1.441048710042508972e-02 7.370244397616173627e-05 4.475967135831205191e-05 9.999999962822606614e-01 4.465361719491842130e-03 9.999959468841552734e-01 2.858018036931753159e-03 9.281196253141388297e-05 1.166406035423278809e+00 -2.858038293197751045e-03 9.999958872795104980e-01 2.405722188996151090e-04 -8.745575323700904846e-03 -9.212470467900857329e-05 -2.408370928606018424e-04 1.000000000000000000e+00 1.949347788468003273e-03 1.610236740112304688e+01
5.400000000000000000e+06 9.999980313142315946e-01 1.984127429673873764e-03 2.461484959341145304e-05 1.230071386701517611e+00 -1.984126738148107427e-03 9.999980312241224523e-01 -2.808652534438621989e-05 -6.510358467615441971e-03 -2.467052837922951891e-05 2.803763106820453846e-05 9.999999993026280620e-01 2.228124325592196597e-03 9.999920129776000977e-01 3.992280922830104828e-03 1.269483182113617659e-04 1.266832590103149414e+00 -3.992284648120403290e-03 9.999920725822448730e-01 2.246404801553580910e-05 -1.207237131893634796e-02 -1.268568448722362518e-04 -2.297110040672123432e-05 9.999999403953552246e-01 2.213801024481654167e-03 1.774489593505859375e+01
5.500000000000000000e+06 9.999980983905053522e-01 1.950173358193120488e-03 6.264475503040904580e-06 1.093143400159102940e+00 -1.950172757990052685e-03 9.999980939528768653e-01 -9.442893995154755639e-05 -6.605110462642524091e-03 -6.448616365709249849e-06 9.441654357510170402e-05 9.999999955219658343e-01 2.514894922105098164e-03 9.999906420707702637e-01 4.333950113505125046e-03 -1.144686029874719679e-05 1.046654582023620605e+00 -4.333950579166412354e-03 9.999905824661254883e-01 1.999766254812129773e-06 -1.263394299894571304e-02 1.145544774772133678e-05 -1.949982561200158671e-06 1.000000000000000000e+00 2.113751368597149849e-03 1.618329620361328125e+01
5.600000000000000000e+06 9.999999318133118154e-01 3.672733727446154928e-04 3.851812675176268360e-05 1.318862044692688640e+00 -3.672745370702489042e-04 9.999999320979235939e-01 3.022527733972532211e-05 -1.231158349270789583e-03 -3.850702319713229397e-05 -3.023942200544985475e-05 9.999999988013933416e-01 1.377757570897827997e-03 9.999949336051940918e-01 3.192906500771641731e-03 -4.759446164825931191e-05 1.266150832176208496e+00 -3.192921634763479233e-03 9.999948740005493164e-01 -3.460298175923526287e-04 -1.036222372204065323e-02 4.648928734241053462e-05 3.461810410954058170e-04 1.000000000000000000e+00 2.540371846407651901e-03 1.586176013946533203e+01
5.700000000000000000e+06 9.999993667955596743e-01 1.124547868419941256e-03 4.243252799527437674e-05 1.278998497087507680e+00 -1.124547882768213393e-03 9.999993676957544819e-01 3.142860147187467738e-07 -3.900750176684652289e-03 -4.243214773532324546e-05 -3.620032271866609602e-07 9.999999990996908394e-01 1.716609123787073490e-03 9.999982714653015137e-01 1.853439025580883026e-03 -3.690048515636590309e-06 1.158181786537170410e+00 -1.853438792750239372e-03 9.999981522560119629e-01 2.162065939046442509e-04 -5.803856998682022095e-03 4.090352831553900614e-06 -2.161999582313001156e-04 9.999999403953552246e-01 2.187339356169104576e-03 1.593046379089355469e+01
5.800000000000000000e+06 9.999985062964219518e-01 1.728387755717431841e-03 8.978185000162952704e-06 1.220361927816949299e+00 -1.728387504065823435e-03 9.999985059462298542e-01 -2.796177155778383470e-05 -5.191287237906814199e-03 -9.026500371204246396e-06 2.794621200798937707e-05 9.999999995687657295e-01 2.354138879080590416e-03 9.999966025352478027e-01 2.608387265354394913e-03 1.389306544297141954e-05 1.265609741210937500e+00 -2.608388662338256836e-03 9.999966621398925781e-01 7.122819079086184502e-05 -7.952316664159297943e-03 -1.370724294247338548e-05 -7.126349373720586300e-05 1.000000000000000000e+00 2.351531991735100746e-03 1.621504020690917969e+01
5.900000000000000000e+06 9.999878127718010434e-01 4.936379934271328124e-03 -8.038268609386493900e-05 1.202886631228371694e+00 -4.936384793811900151e-03 9.999878141562908995e-01 -6.036930697044851530e-05 -1.411839643748255199e-02 8.008370073188528975e-05 6.076537109935974975e-05 9.999999949470853577e-01 4.390342510035688366e-03 9.999947547912597656e-01 3.207656089216470718e-03 2.355729975533904508e-06 1.150593638420104980e+00 -3.207655623555183411e-03 9.999948740005493164e-01 -8.794284440227784216e-06 -9.557271376252174377e-03 -2.384155777690466493e-06 8.786072612565476447e-06 1.000000119209289551e+00 2.142831683158874512e-03 1.578291225433349609e+01
