0.000000000000000000e+00 9.999977800227762836e-01 2.106907170775401076e-03 2.986512765266888464e-05 2.642451306317744053e-01 -2.106914505632923647e-03 9.999977497673216975e-01 2.477333144046270971e-04 -8.365315962406380187e-03 -2.934310938000459943e-05 -2.477956877097039438e-04 9.999999688681406873e-01 1.168639509160976798e-03 1.000000000000000000e+00 -2.229987444701819754e-10 -2.268944626848679036e-06 -4.556586645776405931e-06 3.968070316773264494e-11 1.000000000000000000e+00 3.665167582767026033e-07 7.324960620280762669e-07 2.268999651278136298e-06 -3.665199415081588086e-07 1.000000000000000000e+00 -3.072824620176106691e-05 3.048051261901855469e+01
1.000000000000000000e+05 9.999955766492851783e-01 2.973237705909106011e-03 -8.086736565395323897e-05 2.391181309122396015e-01 -2.973223544788045503e-03 9.999955647053394570e-01 1.746754863763218171e-04 -1.133889795013990134e-02 8.138635871852481073e-05 -1.744342769731750849e-04 9.999999814744718885e-01 7.365689985520612951e-04 1.000000000000000000e+00 -2.710427179927813569e-17 6.247409530807745811e-20 -7.938979251775890589e-09 -2.067438291661874176e-19 1.000000000000000000e+00 -1.820018683054004175e-21 -2.225775119768513832e-10 6.777025488926746478e-20 1.429455340196862024e-20 1.000000000000000000e+00 -1.299999803450191393e-05 1.667401695251464844e+01
2.000000000000000000e+05 9.999968100486171796e-01 2.525750964979903059e-03 -2.179484526430652087e-05 2.459839985809237628e-01 -2.525746216106980555e-03 9.999967871352796189e-01 2.152336757700026772e-04 -9.776038336412119431e-03 2.233840187379688329e-05 -2.151779409402517027e-04 9.999999765997258372e-01 8.261357710934358247e-04 1.000000000000000000e+00 -1.172465319276838613e-10 -1.850086164267850108e-06 -3.704538812598912045e-06 3.167510004287166225e-11 1.000000000000000000e+00 1.919936778449482517e-07 3.838649433873797534e-07 1.849999648584343959e-06 -1.919899688118675840e-07 1.000000000000000000e+00 -7.147745691327145323e-06 1.696051216125488281e+01
3.000000000000000000e+05 9.999980482254248182e-01 1.974269268104640769e-03 -7.619899568729801011e-05 1.827643297246257514e-01 -1.974265550586755229e-03 9.999980499436585957e-01 4.883139124645893045e-05 -7.315468623464414094e-03 7.629525340782453700e-05 -4.868085888984955659e-05 9.999999959046041997e-01 -5.460607879578190148e-04 9.999999403953552246e-01 -6.414527936593472646e-11 1.068491474143229425e-04 4.145838611293584108e-04 -1.808919680712506306e-09 1.000000000000000000e+00 1.047081212846023845e-07 -2.845758444891544059e-06 -1.068489800672978163e-04 -1.047199802428622206e-07 1.000000000000000000e+00 -1.449029368814080954e-04 2.052009582519531250e+01
4.000000000000000000e+05 9.999991277415029023e-01 1.311783190069666779e-03 1.540812275238726849e-04 8.797471979675168530e-02 -1.311785946842081293e-03 9.999991394501323017e-01 1.779198386924599521e-05 -4.452313766564748587e-03 -1.540577557029814261e-04 -1.799408994718600194e-05 9.999999879712097028e-01 -1.302526658479025460e-03 9.999896287918090820e-01 1.584881392773240805e-04 4.565066657960414886e-03 2.714673243463039398e-02 -1.579945965204387903e-04 9.999999403953552246e-01 -1.012770007946528494e-04 -2.860850654542446136e-04 -4.565082490444183350e-03 1.005545927910134196e-04 9.999895691871643066e-01 -5.293013062328100204e-03 1.815609550476074219e+01
5.000000000000000000e+05 9.999980612339719466e-01 1.969078204529008287e-03 -1.610197021728922026e-05 3.659808326067059969e-01 -1.969072372406907925e-03 9.999979985290254891e-01 3.545305139919527142e-04 -7.862222708357929912e-03 1.680003630631400217e-05 -3.544981206951359804e-04 9.999999370244178065e-01 2.463920703231514773e-03 9.999939799308776855e-01 5.046306760050356388e-04 3.430705284699797630e-03 7.977067679166793823e-02 -5.045348079875111580e-04 9.999999403953552246e-01 -4.653739597415551543e-05 -1.166216912679374218e-03 -3.430728334933519363e-03 4.480587085708975792e-05 9.999940395355224609e-01 -3.600606694817543030e-03 1.810236740112304688e+01
6.000000000000000000e+05 9.999979749132895668e-01 2.012048965107232201e-03 4.275915476856591193e-05 2.750759065588804786e-01 -2.012059850509864429e-03 9.999979430182655005e-01 2.560751064542951712e-04 -8.106271066037461920e-03 -4.224383116890637426e-05 -2.561606218572122767e-04 9.999999662985972204e-01 1.384580548158840857e-03 9.999988079071044922e-01 7.998234359547495842e-04 -1.323535805568099022e-03 1.311802417039871216e-01 -7.997896755114197731e-04 9.999996423721313477e-01 5.067264737590448931e-06 -1.997311366721987724e-03 1.323539298027753830e-03 -4.008375071862246841e-06 9.999991655349731445e-01 2.560532419010996819e-03 1.805023956298828125e+01
7.000000000000000000e+05 9.999958516316563850e-01 2.880400231794788199e-03 3.714556326169660009e-06 3.529695087203508774e-01 -2.880401597183024701e-03 9.999957530611975898e-01 4.440112813968558644e-04 -1.121095009261457304e-02 -2.435610324308059736e-06 -4.440201388886840764e-04 9.999999014200849912e-01 2.521097874776341997e-03 9.999977350234985352e-01 1.016670721583068371e-03 -1.867422834038734436e-03 1.645762473344802856e-01 -1.016800990328192711e-03 9.999994635581970215e-01 -3.303134508314542472e-05 -2.517487388104200363e-03 1.867388375103473663e-03 3.492980249575339258e-05 9.999982118606567383e-01 3.243954386562108994e-03 1.790320014953613281e+01
8.000000000000000000e+05 9.999982818278870811e-01 1.853711102082891476e-03 -9.825312084744911243e-06 2.496661716687746668e-01 -1.853709282754323470e-03 9.999982653083078210e-01 1.820504996710639990e-04 -7.218848961284552758e-03 1.016276406213348540e-05 -1.820319736053644668e-04 9.999999833805398586e-01 8.678814062002667079e-04 9.999991059303283691e-01 1.271417248062789440e-03 -7.329769141506403685e-05 1.986016482114791870e-01 -1.271341810934245586e-03 9.999992251396179199e-01 -5.225305358180776238e-05 -3.185332054272294044e-03 7.323126919800415635e-05 5.234633499640040100e-05 1.000000000000000000e+00 8.710798574611544609e-04 1.727939224243164062e+01
9.000000000000000000e+05 9.999981740337030578e-01 1.909343381177459583e-03 7.960693515662761429e-05 3.117581231817696530e-01 -1.909367222775724656e-03 9.999981320069321056e-01 3.004989353046043908e-04 -8.065389004768969139e-03 -7.903303082206687724e-05 -3.006503854700847962e-04 9.999999516815637479e-01 1.977640643785204527e-03 9.999982118606567383e-01 1.642270712181925774e-03 9.473994723521173000e-04 2.496489137411117554e-01 -1.642295159399509430e-03 9.999986886978149414e-01 -5.474767749547027051e-05 -4.187491256743669510e-03 -9.474883554503321648e-04 5.319148112903349102e-05 9.999996423721313477e-01 -2.854951708286534995e-05 1.804246330261230469e+01
1.000000000000000000e+06 9.999954384288579634e-01 3.020402004144480922e-03 -1.713183859760354503e-05 2.680688952125397928e-01 -3.020397571135356209e-03 9.999954065496977629e-01 2.531369379798306847e-04 -1.189230675869330789e-02 1.789633519382029735e-05 -2.530840383156737587e-04 9.999999678140958359e-01 1.310990435715065532e-03 9.999974370002746582e-01 2.255313564091920853e-03 4.049829440191388130e-04 3.295001387596130371e-01 -2.255195518955588341e-03 9.999973773956298828e-01 -8.381024963455274701e-05 -5.811471492052078247e-03 -4.051713913213461637e-04 8.289685501949861646e-05 9.999999403953552246e-01 1.286388258449733257e-03 2.010694313049316406e+01
1.100000000000000000e+06 9.999935289977907038e-01 3.596760011621204928e-03 -7.266743704584858164e-05 4.796147685832515828e-01 -3.596735070120350708e-03 9.999934737600998380e-01 3.404917647859763592e-04 -1.239264497416398166e-02 7.389162990850484732e-05 -3.402281959558107506e-04 9.999999393924018376e-01 3.315695247097557273e-03 9.999963641166687012e-01 2.683145226910710335e-03 -3.957992885261774063e-04 3.719058930873870850e-01 -2.683316357433795929e-03 9.999964237213134766e-01 -1.101856178138405085e-04 -6.947359535843133926e-03 3.955028078053146601e-04 1.112470781663432717e-04 9.999999403953552246e-01 2.505505923181772232e-03 1.831472015380859375e+01
1.200000000000000000e+06 9.999844612681960676e-01 5.574551966476528654e-03 -3.988271078392383344e-05 5.132870186970037718e-01 -5.574536133611304907e-03 9.999843873997179555e-01 3.866546245569514595e-04 -1.787504566656867785e-02 4.203751454038361199e-05 -3.864262888081222095e-04 9.999999244537778331e-01 3.975873024586736720e-03 9.999919533729553223e-01 3.999844193458557129e-03 -2.694819413591176271e-04 5.161123871803283691e-01 -3.999817185103893280e-03 9.999920129776000977e-01 -1.732060190988704562e-04 -1.060592569410800934e-02 2.687867672648280859e-04 1.742825261317193508e-04 9.999998807907104492e-01 3.000491531565785408e-03 1.830268859863281250e+01
1.300000000000000000e+06 9.999910321594511764e-01 4.234498070048376556e-03 -6.802384009216018001e-05 4.491204237810056399e-01 -4.234460854890775144e-03 9.999908897877197722e-01 5.382223639661306560e-04 -1.453065611939781919e-02 7.030232188196081523e-05 -5.379294929934395073e-04 9.999998528447151536e-01 3.394768488498331460e-03 9.999933242797851562e-01 3.641687333583831787e-03 1.404040522174909711e-04 4.325024783611297607e-01 -3.641656599938869476e-03 9.999933242797851562e-01 -1.804465427994728088e-04 -9.466374292969703674e-03 -1.410599943483248353e-04 1.799341262085363269e-04 1.000000000000000000e+00 2.005106071010231972e-03 1.758687973022460938e+01
1.400000000000000000e+06 9.999817127242032200e-01 6.047601788470845577e-03 -2.703390556691790390e-05 4.969999837237166207e-01 -6.047587301075697461e-03 9.999815845425459315e-01 5.072126547878978882e-04 -1.920658369495093984e-02 3.010082779496495316e-05 -5.070398893511694587e-04 9.999998710022407478e-01 3.655552179314520110e-03 9.999920129776000977e-01 3.995314240455627441e-03 1.189701797557063401e-04 4.365900456905364990e-01 -3.995294682681560516e-03 9.999919533729553223e-01 -1.968441792996600270e-04 -1.039635483175516129e-02 -1.197553283418528736e-04 1.963672839337959886e-04 9.999999403953552246e-01 1.987416064366698265e-03 1.864377593994140625e+01
1.500000000000000000e+06 9.999996617385056297e-01 8.222856219799932987e-04 1.921629816563907042e-05 5.293899004773278127e-01 -8.222878036587703875e-04 9.999996554458994158e-01 1.138019641374268679e-04 -4.300728434498363693e-03 -1.912271383069635963e-05 -1.138177269693795490e-04 9.999999933399237317e-01 2.347017317631119177e-03 9.999941587448120117e-01 3.426125040277838707e-03 -4.130453362449770793e-06 5.613063573837280273e-01 -3.426114795729517937e-03 9.999934434890747070e-01 1.168954651802778244e-03 -1.070318184792995453e-02 8.134190466080326587e-06 -1.168933347798883915e-03 9.999994039535522461e-01 2.896012039855122566e-03 1.812832069396972656e+01
1.600000000000000000e+06 9.999848955755219482e-01 5.496143028100565486e-03 -3.213882856599758103e-05 5.340904429316354340e-01 -5.496132223885067530e-03 9.999848426478198382e-01 3.271169066736333243e-04 -1.764341705066642396e-02 3.393622271595464842e-05 -3.269353265113671917e-04 9.999999459808115443e-01 4.284917420193878022e-03 9.999941587448120117e-01 3.410603851079940796e-03 -7.581100362585857511e-05 5.579066872596740723e-01 -3.410672303289175034e-03 9.999938011169433594e-01 -9.587192907929420471e-04 -8.230643346905708313e-03 7.254241063492372632e-05 9.589722030796110630e-04 9.999994635581970215e-01 3.142212983220815659e-03 1.737385559082031250e+01
1.700000000000000000e+06 9.999946150807044187e-01 3.281243479335073029e-03 5.701727257419442310e-05 6.392481324485597138e-01 -3.281250038656510597e-03 9.999946100340468824e-01 1.153307624298108769e-04 -1.072008684807811141e-02 -5.663853694599133389e-05 -1.155172293082682680e-04 9.999999917239230651e-01 4.027027035000523177e-03 9.999921917915344238e-01 3.947235178202390671e-03 -3.113451020908541977e-05 5.908855795860290527e-01 -3.947256598621606827e-03 9.999919533729553223e-01 -5.792803131043910980e-04 -1.002280227839946747e-02 2.884651621570810676e-05 5.793989985249936581e-04 9.999998211860656738e-01 3.154340432956814766e-03 1.701456069946289062e+01
1.800000000000000000e+06 9.999956686609656753e-01 2.942724303571821187e-03 5.507426322452757121e-05 6.382855326883818403e-01 -2.942729681145842685e-03 9.999956653776069793e-01 9.781724807884360263e-05 -9.785845781246653788e-03 -5.478617531158696397e-05 -9.797889306463224482e-05 9.999999936993059224e-01 3.847446261966229984e-03 9.999918341636657715e-01 4.056500270962715149e-03 2.021407817665021867e-05 5.713763833045959473e-01 -4.056501667946577072e-03 9.999918937683105469e-01 3.087638833676464856e-05 -1.099284458905458450e-02 -2.008836418099235743e-05 -3.095811189268715680e-05 1.000000119209289551e+00 2.699100645259022713e-03 1.754528045654296875e+01
1.900000000000000000e+06 9.999718166840276812e-01 7.507641689794229342e-03 3.399116928488553471e-05 8.090232239578515339e-01 -7.507644334644349507e-03 9.999718141714450947e-01 7.836268287020941377e-05 -2.281958732636328244e-02 -3.340189228642133926e-05 -7.861566795275013657e-05 9.999999963519452528e-01 6.390739263794245444e-03 9.999799728393554688e-01 6.333501543849706650e-03 7.638872193638235331e-05 8.264679312705993652e-01 -6.333490367978811264e-03 9.999799132347106934e-01 -1.134411941166035831e-04 -1.770862564444541931e-02 -7.710459613008424640e-05 1.129543525166809559e-04 9.999999403953552246e-01 4.159459844231605530e-03 1.720665550231933594e+01
2.000000000000000000e+06 9.999837289515439709e-01 5.704361488559710723e-03 4.575070168411070500e-05 7.674880304989721846e-01 -5.704361544654683140e-03 9.999837299972039739e-01 1.095704260303520432e-06 -1.737633279435173844e-02 -4.574370702708606005e-05 -1.356664967725755344e-06 9.999999989528364219e-01 5.618519329881285253e-03 9.999588131904602051e-01 9.067377075552940369e-03 3.030193620361387730e-04 1.018306493759155273e+00 -9.067135863006114960e-03 9.999585747718811035e-01 -7.801818428561091423e-04 -2.541410736739635468e-02 -3.100822214037179947e-04 7.774026016704738140e-04 9.999996423721313477e-01 5.118687637150287628e-03 1.875702476501464844e+01
2.100000000000000000e+06 9.999812287165564806e-01 6.127157797996284766e-03 -1.227653917332229923e-05 8.268148607444538722e-01 -6.127158801677594704e-03 9.999812253030666565e-01 -8.345816486255958446e-05 -1.859362142974349541e-02 1.176494732396334289e-05 8.353181855296015160e-05 9.999999964420105414e-01 5.743739137675614274e-03 9.999556541442871094e-01 9.415308013558387756e-03 3.765985893551260233e-04 8.971219062805175781e-01 -9.415019303560256958e-03 9.999552965164184570e-01 -7.604877464473247528e-04 -2.582793124020099640e-02 -3.837412223219871521e-04 7.569090812467038631e-04 9.999995827674865723e-01 4.393402021378278732e-03 1.716713523864746094e+01
2.200000000000000000e+06 9.999729987819304666e-01 7.347566349243557504e-03 -1.223845380461722446e-04 9.751820472496750547e-01 -7.347590635159228362e-03 9.999729862545738701e-01 -1.991861624390529179e-04 -2.189043581702576971e-02 1.209176984956709114e-04 2.000800156199558720e-04 9.999999726734495331e-01 6.568071200603122634e-03 9.999641180038452148e-01 8.459990844130516052e-03 4.093860916327685118e-04 9.970120191574096680e-01 -8.461150340735912323e-03 9.999600648880004883e-01 2.903518266975879669e-03 -2.828259393572807312e-02 -3.848069172818213701e-04 -2.906878711655735970e-03 9.999957680702209473e-01 5.600193049758672714e-03 1.821779251098632812e+01
2.300000000000000000e+06 9.999753309259615808e-01 7.024068569261915015e-03 2.664342262971096321e-07 8.292188476596639157e-01 -7.024068568503089721e-03 9.999753309222226827e-01 -2.749433930769907142e-06 -2.136124341249828751e-02 -2.857398661360499092e-07 2.747494652499245912e-06 9.999999999961848296e-01 6.149989557469456684e-03 9.999869465827941895e-01 4.922509193420410156e-03 1.387936412356793880e-03 1.017063617706298828e+00 -4.925269633531570435e-03 9.999858140945434570e-01 1.990895718336105347e-03 -1.621020212769508362e-02 -1.378116197884082794e-03 -1.997705316171050072e-03 9.999970793724060059e-01 6.954530719667673111e-03 1.669513511657714844e+01
2.400000000000000000e+06 9.999505784771947070e-01 9.938372599506943225e-03 -2.633570197440418298e-04 1.176906887516572242e+00 -9.938401746351155711e-03 9.999506068615608978e-01 -1.095976497961063413e-04 -2.741192545418276449e-02 2.622547894761174145e-04 1.122095810799192308e-04 9.999999593157183897e-01 8.374206377054743689e-03 9.999665021896362305e-01 6.725281011313199997e-03 4.677512682974338531e-03 1.055447816848754883e+00 -6.749329622834920883e-03 9.999640583992004395e-01 5.145361647009849548e-03 -2.471091039478778839e-02 -4.642738029360771179e-03 -5.176759790629148483e-03 9.999758005142211914e-01 9.656626731157302856e-03 1.643580818176269531e+01
2.500000000000000000e+06 9.999693953476865849e-01 7.821166322747560504e-03 -1.942375469127718968e-04 1.151456244700395315e+00 -7.821189671426734616e-03 9.999694068607543063e-01 -1.197395686472954568e-04 -2.166436538918536242e-02 1.932951015391551342e-04 1.212550726835762160e-04 9.999999739671063814e-01 6.524827434747009630e-03 9.999518990516662598e-01 8.981308899819850922e-03 3.934421576559543610e-03 1.206048250198364258e+00 -8.993749506771564484e-03 9.999545216560363770e-01 3.155545331537723541e-03 -2.988547645509243011e-02 -3.905905643478035927e-03 -3.190776333212852478e-03 9.999872446060180664e-01 1.403389777988195419e-02 1.718688011169433594e+01
2.600000000000000000e+06 9.999242505354092314e-01 1.230491375407720411e-02 -2.868669816588553193e-04 1.176902773870048824e+00 -1.230491340895855865e-02 9.999242916846989848e-01 2.968034062942815751e-06 -3.448299015957505959e-02 2.868817848457351754e-04 5.620640409722691863e-07 9.999999588492630709e-01 1.085005976366644996e-02 9.999395012855529785e-01 1.099639385938644409e-02 -2.725574886426329613e-04 1.199399828910827637e+00 -1.099706627428531647e-02 9.999361634254455566e-01 -2.605832880362868309e-03 -2.913281135261058807e-02 2.438790979795157909e-04 2.608670620247721672e-03 9.999965429306030273e-01 1.819606311619281769e-02 1.773103904724121094e+01
2.700000000000000000e+06 9.999697088967846037e-01 7.781782965430134383e-03 -1.585660285665591246e-04 1.260089051953616313e+00 -7.781793049558510464e-03 9.999697194007838297e-01 -6.307834809478926174e-05 -2.204961554601207394e-02 1.580703650809984822e-04 6.431036539235421724e-05 9.999999854389682863e-01 6.404021416876789358e-03 9.999594688415527344e-01 8.214195258915424347e-03 -3.713710233569145203e-03 1.204680323600769043e+00 -8.210684172809123993e-03 9.999658465385437012e-01 9.596070740371942520e-04 -2.522099018096923828e-02 3.721474902704358101e-03 -9.290765738114714622e-04 9.999926686286926270e-01 2.006873115897178650e-02 1.730758476257324219e+01
2.800000000000000000e+06 9.999844236916025642e-01 5.580774427912653379e-03 -8.561744488016791892e-05 1.279876182555503172e+00 -5.580777911655714768e-03 9.999844265170572122e-01 -4.050483529543816118e-05 -1.606656605134260118e-02 8.539006316486467648e-05 4.098201633423596743e-05 9.999999955145055797e-01 4.776840831939088879e-03 9.999279379844665527e-01 4.229951184242963791e-03 -1.123673375695943832e-02 1.389758110046386719e+00 -4.251310601830482483e-03 9.999892711639404297e-01 -1.877680886536836624e-03 -1.072830334305763245e-02 1.122866943478584290e-02 1.925317337736487389e-03 9.999351501464843750e-01 2.793817408382892609e-02 1.687603187561035156e+01
2.900000000000000000e+06 9.999857648064639504e-01 5.334900672311617895e-03 -9.496463040522061365e-05 1.220907867595530494e+00 -5.334906621071637198e-03 9.999857673308331085e-01 -6.249914154875202096e-05 -1.489944664756074483e-02 9.462985208141611786e-05 6.300487931406899484e-05 9.999999935377879012e-01 4.946401983859939275e-03 9.999617338180541992e-01 6.330791395157575607e-03 -6.029313430190086365e-03 1.311109423637390137e+00 -6.366622634232044220e-03 9.999619722366333008e-01 -5.942277610301971436e-03 -1.175410300493240356e-02 5.991465877741575241e-03 5.980436690151691437e-03 9.999641180038452148e-01 4.775504115968942642e-03 1.684086418151855469e+01
3.000000000000000000e+06 9.999999939931123460e-01 9.868477250247091939e-05 4.769791274835654538e-05 1.302614596406932668e+00 -9.868486190417020628e-05 9.999999951288968125e-01 1.871981586669637719e-06 -2.853807786424554798e-04 -4.769772777993864376e-05 -1.876688637343402123e-06 9.999999988607024548e-01 1.546329549009687037e-03 9.999631047248840332e-01 8.189687505364418030e-03 2.567470073699951172e-03 1.367984056472778320e+00 -8.178847841918468475e-03 9.999577403068542480e-01 -4.203591030091047287e-03 -1.873199827969074249e-02 -2.601787680760025978e-03 4.182436503469944000e-03 9.999878406524658203e-01 -1.517070457339286804e-02 1.789308738708496094e+01
3.100000000000000000e+06 9.999604222402235232e-01 8.894193406890259224e-03 -2.174328062171236478e-04 1.193944191973289159e+00 -8.894215861658484601e-03 9.999604404241212441e-01 -1.025243102296030298e-04 -2.461823735026982124e-02 2.165123336261190576e-04 1.044541468553606220e-04 9.999999711058699114e-01 7.481528404690067358e-03 9.999925494194030762e-01 1.431513344869017601e-03 3.593003610149025917e-03 1.076416730880737305e+00 -1.440946478396654129e-03 9.999955296516418457e-01 2.622767817229032516e-03 -6.662145256996154785e-03 -3.589233150705695152e-03 -2.627925248816609383e-03 9.999901056289672852e-01 -7.629821076989173889e-03 1.698841667175292969e+01
3.200000000000000000e+06 9.999964434254500212e-01 2.667040800406907716e-03 5.454398724235935795e-06 1.289923671766647129e+00 -2.667040681062141875e-03 9.999964432036344553e-01 -2.177192302832098056e-05 -8.099479081202079489e-03 -5.512445931635192345e-06 2.175729849142302410e-05 9.999999997481164860e-01 3.020359007172865838e-03 9.999943375587463379e-01 3.349032485857605934e-03 -1.660718116909265518e-04 1.568800091743469238e+00 -3.349187085404992104e-03 9.999939203262329102e-01 -9.836283279582858086e-04 -9.206448681652545929e-03 1.627766032470390201e-04 9.841787395998835564e-04 9.999994635581970215e-01 3.493163967505097389e-03 1.677126312255859375e+01
3.300000000000000000e+06 9.999998106882882487e-01 6.146285420427377187e-04 2.924266876608136426e-05 1.237354104377232922e+00 -6.146279357743831889e-04 9.999998109012205871e-01 -2.073679061265922252e-05 -1.811614430023143849e-03 -2.925540866002073362e-05 2.071881332536219182e-05 9.999999993574258950e-01 1.863171898734344812e-03 9.999943971633911133e-01 2.974270144477486610e-03 -1.569748274050652981e-03 1.041393876075744629e+00 -2.975318115204572678e-03 9.999953508377075195e-01 -6.639310740865767002e-04 -7.525061257183551788e-03 1.567766303196549416e-03 6.685982807539403439e-04 9.999986290931701660e-01 2.395836403593420982e-03 1.964707183837890625e+01
3.400000000000000000e+06 9.999999242082932005e-01 3.886116491010865436e-04 2.375691138437216693e-05 1.241839566705512876e+00 -3.886113237278083100e-04 9.999999243967834239e-01 -1.369902386537385166e-05 -9.951769965286750771e-04 -2.376223318864392525e-05 1.368979062212067664e-05 9.999999996239729017e-01 1.737276922957784256e-03 9.999813437461853027e-01 6.106256041675806046e-03 -2.794234314933419228e-04 1.546508431434631348e+00 -6.106388289481401443e-03 9.999812245368957520e-01 -4.925808170810341835e-04 -1.773686148226261139e-02 2.764103701338171959e-04 4.942778032273054123e-04 9.999997615814208984e-01 -1.824027858674526215e-03 1.798787117004394531e+01
3.500000000000000000e+06 9.999999881534792356e-01 1.495659744183489557e-04 3.637390342660500888e-05 1.270271913602279090e+00 -1.495658725683620695e-04 9.999999888110970847e-01 -2.802788096072786912e-06 -2.764454272142396248e-04 -3.637432222135112401e-05 2.797347768297017127e-06 9.999999993345417559e-01 1.620160744689529923e-03 9.999969005584716797e-01 2.297100378200411797e-03 9.591944981366395950e-04 1.511606216430664062e+00 -2.300110645592212677e-03 9.999924302101135254e-01 3.137366380542516708e-03 -1.107154972851276398e-02 -9.519805898889899254e-04 -3.139562904834747314e-03 9.999946355819702148e-01 -2.387103391811251640e-03 1.661990356445312500e+01
3.600000000000000000e+06 9.999999684619045315e-01 2.471489743385159418e-04 4.464947376401550506e-05 1.283740606648240190e+00 -2.471487941164827898e-04 9.999999694505685710e-01 -4.041847805959058643e-06 -7.303049938189759864e-04 -4.465047133852340842e-05 4.030812615062224030e-06 9.999999989950439927e-01 1.658751515796001589e-03 9.999992251396179199e-01 1.257566735148429871e-03 8.198143041227012873e-05 1.254685997962951660e+00 -1.257465686649084091e-03 9.999983906745910645e-01 -1.245585037395358086e-03 -2.452192595228552818e-03 -8.354767487617209554e-05 1.245480962097644806e-03 9.999992847442626953e-01 -1.095740517484955490e-04 1.908032035827636719e+01
3.700000000000000000e+06 9.999995921817168565e-01 -9.027396077255813974e-04 2.641251948156012489e-05 1.284182247544591204e+00 9.027396901072943939e-04 9.999995925256255358e-01 -3.107284845589812613e-06 3.580981070106725554e-03 -2.640970365010334063e-05 3.131127207435590597e-06 9.999999996463617702e-01 1.102797365539684871e-03 9.999982118606567383e-01 1.877931528724730015e-03 -3.317499940749257803e-04 1.257566928863525391e+00 -1.878229784779250622e-03 9.999979138374328613e-01 -9.036383708007633686e-04 -4.347504582256078720e-03 3.300522512290626764e-04 9.042595047503709793e-04 9.999994635581970215e-01 1.503514358773827553e-04 1.915744018554687500e+01
3.800000000000000000e+06 9.999996920722007410e-01 -7.845326003903176516e-04 1.908203421598227587e-05 1.270668562054848794e+00 7.845325714435989316e-04 9.999996922531235732e-01 1.524399877172503390e-06 3.232815304155122523e-03 -1.908322428490416287e-05 -1.509428930915882770e-06 9.999999998167761195e-01 1.210607450252854577e-03 9.999994039535522461e-01 1.032772706821560860e-03 -1.118227883125655353e-04 1.063133955001831055e+00 -1.032643718644976616e-03 9.999988675117492676e-01 1.112497178837656975e-03 -4.172139335423707962e-03 1.129716474679298699e-04 -1.112380879931151867e-03 9.999994039535522461e-01 -3.720109816640615463e-04 1.891987228393554688e+01
3.900000000000000000e+06 9.999999947359237140e-01 1.000470276643005779e-04 2.277597044530518128e-05 1.252270006286000825e+00 -1.000467834807517359e-04 9.999999949378399755e-01 -1.072199096509295779e-05 2.713214918220505198e-05 -2.277704303333342301e-05 1.071971224607393814e-05 9.999999996831470117e-01 1.617022743228811905e-03 1.000000000000000000e+00 1.533606409793719649e-04 9.986650547944009304e-05 1.115114927291870117e+00 -1.534048788016662002e-04 9.999998211860656738e-01 5.145864561200141907e-04 -1.101393601857125759e-03 -9.978755406336858869e-05 -5.146018229424953461e-04 9.999998211860656738e-01 -6.465082406066358089e-04 2.042985534667968750e+01
4.000000000000000000e+06 9.999989400475256529e-01 -1.455756094283144333e-03 2.604096270545908415e-05 1.315811818199601690e+00 1.455756184345092250e-03 9.999989403805444876e-01 -3.439852202883174071e-06 5.525641184675532218e-03 -2.603592752640816415e-05 3.477757847293706193e-06 9.999999996550178460e-01 6.042502458030717680e-04 9.999999403953552246e-01 3.832487564068287611e-04 1.271945366170257330e-04 1.397527575492858887e+00 -3.831670328509062529e-04 9.999997019767761230e-01 -6.879688007757067680e-04 -4.151209723204374313e-04 -1.274581154575571418e-04 6.879200809635221958e-04 9.999997615814208984e-01 -6.733988411724567413e-04 2.099219131469726562e+01
4.100000000000000000e+06 9.999992361135306984e-01 -1.235735363540725910e-03 2.702782703736294806e-05 1.301238014573376178e+00 1.235735399879521164e-03 9.999992364778562681e-01 -1.327837358893809080e-06 4.762912147236244252e-03 -2.702616554547749488e-05 1.361235586416601198e-06 9.999999996338667652e-01 7.786898230654306415e-04 9.999997019767761230e-01 7.078578346408903599e-04 -4.379159872769378126e-05 1.613219261169433594e+00 -7.078640046529471874e-04 9.999997019767761230e-01 -8.134297240758314729e-05 -2.023468725383281708e-03 4.373407500679604709e-05 8.137394615914672613e-05 1.000000000000000000e+00 -4.519606300164014101e-04 2.141622352600097656e+01
4.200000000000000000e+06 9.999999057326675045e-01 -4.318415806910771743e-04 4.524946503072296779e-05 1.334587188281150416e+00 4.318408397675674542e-04 9.999999066225484512e-01 1.638268567040741499e-05 1.634764625782150196e-03 -4.525653552998537619e-05 -1.636314355999983792e-05 9.999999988420468222e-01 1.036187054070743588e-03 1.000000000000000000e+00 3.446203481871634722e-04 -4.044381057610735297e-05 1.251770615577697754e+00 -3.445929614827036858e-04 9.999998211860656738e-01 4.110129957552999258e-04 -1.505196909420192242e-03 4.058536433149129152e-05 -4.109990550205111504e-04 9.999998807907104492e-01 -3.900676674675196409e-04 1.896310424804687500e+01
4.300000000000000000e+06 9.999999783441922974e-01 -2.052085104909894507e-04 3.465664025775535705e-05 1.296207606610120022e+00 2.052079731552692611e-04 9.999999788246042298e-01 1.550739757328201745e-05 9.518465947208630583e-04 -3.465982177381024955e-05 -1.550028541863057103e-05 9.999999992792190096e-01 1.374001946044991606e-03 1.000000000000000000e+00 -2.589939924746431643e-07 1.509705634816782549e-05 1.294156074523925781e+00 2.611677700770087540e-07 1.000000000000000000e+00 -2.269015567435417324e-06 -6.626614776905626059e-05 -1.509707271907245740e-05 2.269015340061741881e-06 1.000000000000000000e+00 -4.514955508057028055e-04 2.499110412597656250e+01
4.400000000000000000e+06 9.999999908449618280e-01 1.310596760017079462e-04 3.366656487188770137e-05 1.280405538831262513e+00 -1.310598402629392992e-04 9.999999913997670298e-01 4.876901419220028680e-06 -2.136056486927415978e-04 -3.366592541723043957e-05 -4.881313709165898848e-06 9.999999994213891741e-01 1.518664130680212609e-03 1.000000000000000000e+00 1.650052035984117538e-05 2.432883775327354670e-05 1.391920447349548340e+00 -1.650880949455313385e-05 1.000000119209289551e+00 -1.495692558819428086e-04 7.938578346511349082e-05 -2.433131521684117615e-05 1.495688629802316427e-04 1.000000000000000000e+00 -5.039164097979664803e-04 1.882860755920410156e+01
4.500000000000000000e+06 9.999999846517145796e-01 -1.750563890173503280e-04 7.199412442064069654e-06 1.226079133059393644e+00 1.750564631574383855e-04 9.999999846245853918e-01 -1.029873440314016927e-05 1.226486944160898275e-03 -7.197609472127940064e-06 1.029999454874147039e-05 9.999999999210522628e-01 1.517126770996564053e-03 1.000000000000000000e+00 4.314884427003562450e-05 -3.649028485597227700e-06 1.248492717742919922e+00 -4.314582838560454547e-05 9.999999403953552246e-01 3.258228025515563786e-05 -1.075115796993486583e-04 3.650427743195905350e-06 -3.258212018408812582e-05 1.000000000000000000e+00 -4.575987404678016901e-04 2.043020820617675781e+01
4.600000000000000000e+06 9.999999912543652281e-01 1.320583454599171035e-04 -7.201594847868652035e-06 1.187895307275148582e+00 -1.320585084813148625e-04 9.999999910239660839e-01 -2.264107140359347922e-05 1.516184470079409545e-04 7.198604840811352293e-06 2.264202223745295542e-05 9.999999997177594357e-01 1.698640535851977116e-03 9.999999403953552246e-01 -6.551588012371212244e-05 -1.082523249351652339e-05 1.277599692344665527e+00 6.552070408361032605e-05 1.000000000000000000e+00 9.535960998618975282e-05 1.011807180475443602e-04 1.081908521882724017e-05 -9.536032303003594279e-05 1.000000000000000000e+00 -4.007300594821572304e-04 2.123827171325683594e+01
4.700000000000000000e+06 9.999999992824091244e-01 1.450189749826930909e-05 3.499823940314227493e-05 1.289777663643343564e+00 -1.450224506319246741e-05 9.999999998455331163e-01 9.930692589187523528e-06 1.833125704312010091e-04 -3.499809538385024516e-05 -9.931200135105760590e-06 9.999999993382523433e-01 1.446107962533047919e-03 1.000000000000000000e+00 -9.161705384030938148e-05 -5.943439873590250500e-07 1.135410666465759277e+00 9.160940680885687470e-05 9.999999403953552246e-01 -5.446851719170808792e-05 2.818136126734316349e-04 5.992902742946171202e-07 5.446846989798359573e-05 1.000000000000000000e+00 -3.576393646653741598e-04 2.217993545532226562e+01
4.800000000000000000e+06 9.999999909557113487e-01 1.328504155342065212e-04 2.096054570407369789e-05 1.231395029855248957e+00 -1.328500360298372391e-04 9.999999910115202617e-01 -1.810600674174968488e-05 1.301275617791810993e-05 -2.096295090617848877e-05 1.810322196875456386e-05 9.999999996164140592e-01 1.660699280099838578e-03 9.999999403953552246e-01 -1.190481343655847013e-04 6.037486400600755587e-06 1.359266042709350586e+00 1.190541661344468594e-04 1.000000119209289551e+00 1.355786366730171721e-06 3.005856706295162439e-04 -6.037698767613619566e-06 -1.355068206976284273e-06 1.000000000000000000e+00 -4.254288505762815475e-04 1.753900718688964844e+01
4.900000000000000000e+06 9.999982413824650695e-01 1.875403545075053982e-03 -9.678899953221365207e-06 1.150456998874763714e+00 -1.875404125463690438e-03 9.999982396097042425e-01 -6.030770923795293051e-05 -5.796094519812959069e-03 9.565781628055154359e-06 6.032575502783454066e-05 9.999999981346496813e-01 2.478374926825545332e-03 1.000000000000000000e+00 -1.491157308919355273e-04 1.649745058784901630e-06 1.203656554222106934e+00 1.491142320446670055e-04 9.999999403953552246e-01 4.424598955665715039e-05 3.372993087396025658e-04 -1.656307404118706472e-06 -4.424575308803468943e-05 1.000000000000000000e+00 -4.569275479298084974e-04 1.836230468750000000e+01
5.000000000000000000e+06 9.999998855443047452e-01 -4.780505487474622298e-04 1.946919797793187902e-05 1.269172282421171749e+00 4.780502704192874860e-04 9.999998856317467988e-01 1.429796667928062465e-05 2.152583156037157601e-03 -1.947603090210660591e-05 -1.428865778741706077e-05 9.999999997082592573e-01 1.272836445454360093e-03 9.999999403953552246e-01 -2.561938890721648932e-04 -2.704150119825499132e-06 1.213843941688537598e+00 2.561979927122592926e-04 9.999999403953552246e-01 7.604392885696142912e-05 6.187179824337363243e-04 2.684579612832749262e-06 -7.604462007293477654e-05 1.000000000000000000e+00 -4.770200175698846579e-04 2.267788887023925781e+01
5.100000000000000000e+06 9.999999442496328994e-01 -3.333834915603803750e-04 1.887277844062017603e-05 1.272056716830665124e+00 3.333831687275958899e-04 9.999999442815186157e-01 1.710629977831824283e-05 1.607208226435144017e-03 -1.887848034684603708e-05 -1.710000695813239952e-05 9.999999996755963849e-01 1.296203764109506466e-03 9.999998211860656738e-01 -5.813697353005409241e-04 -2.167997308788471855e-06 1.527499318122863770e+00 5.813707248307764530e-04 9.999998211860656738e-01 5.477837112266570330e-05 1.685715164057910442e-03 2.136190005330718122e-06 -5.477956074173562229e-05 1.000000000000000000e+00 -4.646525776479393244e-04 2.196191978454589844e+01
5.200000000000000000e+06 9.999997381178372668e-01 -7.228577856524839688e-04 3.522619432309895103e-05 1.336154407266576971e+00 7.228569781548813307e-04 9.999997384759582442e-01 2.293055741266307728e-05 2.758612165654176270e-03 -3.524276064236080310e-05 -2.290508790748096199e-05 9.999999991166523827e-01 7.778185600137940171e-04 9.999998211860656738e-01 -5.425076233223080635e-04 1.665270588091516402e-06 1.115534543991088867e+00 5.424958071671426296e-04 9.999998807907104492e-01 2.517436769267078489e-05 1.508405781351029873e-03 -1.678800799709279090e-06 -2.517358734621666372e-05 1.000000000000000000e+00 -3.112348204012960196e-04 2.254854393005371094e+01
5.300000000000000000e+06 9.999999942512544093e-01 -1.033604629433072916e-04 2.853254179814711204e-05 1.275841463142343812e+00 1.033602176371671447e-04 9.999999946213633528e-01 8.598757020432324023e-06 6.912549865521034438e-04 -2.853343041618473837e-05 -8.595807841278790622e-06 9.999999995559777366e-01 1.448719065976308840e-03 9.999995827674865723e-01 -9.930941741913557053e-04 9.320501135334779974e-07 1.457286000251770020e+00 9.930985979735851288e-04 9.999995231628417969e-01 1.144524212577380240e-04 2.828931203112006187e-03 -1.045884005179686937e-06 -1.144514535553753376e-04 1.000000000000000000e+00 -6.020524888299405575e-04 2.118099212646484375e+01
5.400000000000000000e+06 9.999993468912975469e-01 -1.142665325799492159e-03 2.308611844246980652e-05 1.296010163329545550e+00 1.142665190931540717e-03 9.999993471407998546e-01 5.854295733639381641e-06 4.477551715688413668e-03 -2.309279287103630751e-05 -5.827912206962936013e-06 9.999999997163792065e-01 7.986505875056029019e-04 9.999994635581970215e-01 -9.422080474905669689e-04 -2.060761516986531205e-06 1.465820312500000000e+00 9.422129369340837002e-04 9.999995231628417969e-01 -8.488342427881434560e-05 2.904529217630624771e-03 2.140824335583602078e-06 8.488146704621613026e-05 1.000000000000000000e+00 -5.006845458410680294e-04 2.043907165527343750e+01
5.500000000000000000e+06 9.999996480803785559e-01 -8.387182179512859409e-04 1.977144033979978040e-05 1.297593049744497851e+00 8.387178540965930379e-04 9.999996481067822129e-01 1.840415895302864875e-05 3.383278415905376091e-03 -1.978686928488708764e-05 -1.838756981717264906e-05 9.999999996351885967e-01 8.945618675787122024e-04 9.999995827674865723e-01 -9.662035154178738594e-04 -6.870143920423288364e-07 1.113227605819702148e+00 9.662013035267591476e-04 9.999995231628417969e-01 1.613914355402812362e-04 2.558466279879212379e-03 5.310237725097977091e-07 -1.613918866496533155e-04 1.000000000000000000e+00 -3.116873849648982286e-04 2.026003265380859375e+01
5.600000000000000000e+06 9.999989123744417174e-01 -1.474573060143289076e-03 2.973399219835662555e-05 1.322595348334949961e+00 1.474573137525537255e-03 9.999989128130531979e-01 -2.580729646400604538e-06 5.583942870431409834e-03 -2.973015439733588079e-05 2.624571787990129078e-06 9.999999995546147158e-01 5.418621438676860446e-04 9.999988675117492676e-01 -1.482582883909344673e-03 1.605331476639548782e-07 1.285649776458740234e+00 1.482579857110977173e-03 9.999988675117492676e-01 1.937311899382621050e-04 4.075232427567243576e-03 -4.477171273720159661e-07 -1.937308552442118526e-04 1.000000000000000000e+00 -4.455359303392469883e-04 1.910531234741210938e+01
5.700000000000000000e+06 9.999993855849881319e-01 -1.108387261420614930e-03 1.752891667326494579e-05 1.279533567106883707e+00 1.108387180352154826e-03 9.999993857279732001e-01 4.633879565431024676e-06 4.424279379529102302e-03 -1.753404203908144634e-05 -4.614447890800102345e-06 9.999999998356321473e-01 9.152461350193679583e-04 9.999980330467224121e-01 -1.989637501537799835e-03 -1.833790520322509110e-06 1.301955699920654297e+00 1.989639131352305412e-03 9.999979734420776367e-01 5.982948641758412123e-05 5.731872748583555222e-03 1.714747781988990027e-06 -5.983309165458194911e-05 9.999999403953552246e-01 -4.903987282887101173e-04 1.972476768493652344e+01
5.800000000000000000e+06 9.999999342589607210e-01 -3.623575712308672414e-04 1.338166739108750116e-05 1.250385599109208989e+00 3.623574348412069335e-04 9.999999342965930627e-01 1.019329566128035067e-05 1.827887841822130712e-03 -1.338536012960354347e-05 -1.018844604465230377e-05 9.999999998585138439e-01 1.319192129482129727e-03 9.999993443489074707e-01 -1.152092358097434044e-03 -1.590629921111030853e-07 1.275079607963562012e+00 1.152089447714388371e-03 9.999992251396179199e-01 -5.058061797171831131e-04 3.902671393007040024e-03 7.418702807626686990e-07 5.058056558482348919e-04 9.999998807907104492e-01 -4.036971076857298613e-04 2.060105514526367188e+01
5.900000000000000000e+06 9.999995477866510107e-01 -9.509158690882885167e-04 1.361955619178610334e-05 1.286812110105033158e+00 9.509156179641639834e-04 9.999995477097460839e-01 1.843311736063484276e-05 3.882250669313055784e-03 -1.363707837582281317e-05 -1.842015797608214639e-05 9.999999997373639760e-01 8.726127175469023615e-04 9.999985098838806152e-01 -1.707617077045142651e-03 -6.409014190467132721e-07 1.307707905769348145e+00 1.707616145722568035e-03 9.999985098838806152e-01 5.077262176200747490e-04 4.437444731593132019e-03 -2.261864580077599385e-07 -5.077264504507184029e-04 9.999998807907104492e-01 -4.149839514866471291e-04 1.944067192077636719e+01
